150 2140
0 91
0 8
0 70
0 89
0 83
0 13
0 65
0 116
0 111
0 18
0 59
0 101
0 61
0 127
0 54
0 45
0 2
0 135
0 139
0 42
0 106
0 138
0 132
0 51
0 27
0 36
0 145
0 107
0 131
0 130
0 31
1 45
1 33
1 143
1 18
1 28
1 125
1 59
1 106
1 77
1 105
1 113
1 52
1 118
1 22
1 132
1 130
1 27
1 53
1 112
1 49
1 102
1 100
1 121
1 75
1 11
1 39
1 101
1 26
1 54
1 72
1 35
1 44
1 117
1 146
1 14
1 90
2 109
2 71
2 70
2 37
2 141
2 111
2 35
2 88
2 144
2 11
2 4
2 41
2 68
2 74
2 6
2 85
2 48
2 64
2 58
2 78
2 130
2 21
2 28
2 96
2 114
2 84
2 26
2 52
2 69
2 76
2 124
2 65
3 41
3 29
3 43
3 126
3 145
3 111
3 103
3 55
3 114
3 123
3 69
3 4
3 122
3 90
3 127
3 59
3 65
3 132
3 83
3 48
3 16
3 73
3 125
3 143
3 38
3 18
3 106
4 98
4 11
4 58
4 54
4 83
4 118
4 96
4 9
4 116
4 25
4 63
4 30
4 72
4 81
4 120
4 19
4 27
4 105
4 86
4 148
5 91
5 52
5 134
5 125
5 74
5 89
5 80
5 103
5 31
5 117
5 15
5 114
5 106
5 109
5 83
5 24
5 36
5 98
5 54
5 23
5 128
5 77
5 48
5 11
5 25
5 102
5 110
5 33
5 57
5 7
6 124
6 101
6 22
6 142
6 7
6 70
6 147
6 85
6 67
6 65
6 129
6 37
6 48
6 63
6 148
6 72
6 59
6 51
6 130
6 98
6 138
6 78
6 140
7 17
7 29
7 138
7 71
7 131
7 116
7 109
7 101
7 25
7 46
7 21
7 148
7 132
7 60
7 96
7 49
7 83
7 57
7 108
7 136
7 47
7 43
7 45
7 124
7 48
7 11
7 102
7 54
7 110
7 128
7 33
8 46
8 97
8 41
8 23
8 125
8 99
8 120
8 127
8 47
8 58
8 64
8 142
8 75
8 123
8 60
8 61
8 133
8 96
8 110
8 11
8 135
8 38
8 115
8 74
8 88
8 77
8 144
8 94
8 116
8 118
8 32
8 89
8 122
8 37
9 60
9 19
9 34
9 105
9 83
9 124
9 44
9 61
9 128
9 65
9 110
9 148
9 94
9 22
9 108
9 42
9 93
9 59
9 62
9 79
9 127
10 42
10 94
10 63
10 23
10 54
10 86
10 13
10 99
10 46
10 61
10 87
10 43
10 22
10 18
10 28
10 12
10 120
10 35
10 65
10 104
10 85
10 70
10 147
10 50
10 34
10 132
11 16
11 82
11 29
11 137
11 125
11 58
11 144
11 88
11 64
11 100
11 94
11 23
11 132
11 123
11 102
11 146
11 47
11 25
11 48
11 128
11 83
11 33
11 57
11 54
11 110
12 27
12 80
12 72
12 118
12 85
12 25
12 54
12 51
12 33
12 61
12 146
12 136
12 32
12 62
12 135
12 55
12 94
12 47
12 101
12 43
12 129
13 149
13 145
13 24
13 69
13 30
13 14
13 18
13 67
13 40
13 134
13 81
13 20
13 136
13 15
13 51
13 141
13 21
13 100
13 115
14 113
14 89
14 107
14 140
14 36
14 81
14 127
14 18
14 50
14 70
14 61
14 74
14 32
14 21
14 97
14 90
14 28
14 72
14 35
14 117
14 44
14 121
14 146
15 46
15 63
15 87
15 25
15 97
15 109
15 74
15 62
15 72
15 125
15 53
15 85
15 42
15 40
15 136
15 21
15 134
15 149
15 81
15 100
15 115
15 51
15 20
16 38
16 69
16 134
16 131
16 78
16 77
16 47
16 50
16 122
16 126
16 70
16 136
16 137
16 71
16 53
16 80
16 52
17 71
17 67
17 109
17 74
17 135
17 89
17 120
17 98
17 85
17 95
17 122
17 48
17 99
17 91
17 21
17 123
17 62
17 86
17 42
17 55
17 92
18 136
18 40
18 112
18 32
18 48
18 42
18 147
18 94
18 96
18 120
18 110
18 95
18 129
18 61
18 149
18 63
18 73
18 125
18 143
18 123
18 106
18 38
19 128
19 28
19 133
19 144
19 21
19 55
19 114
19 86
19 23
19 103
19 69
19 83
19 88
19 92
19 120
19 105
19 27
19 148
20 86
20 72
20 24
20 135
20 39
20 80
20 65
20 95
20 57
20 140
20 67
20 90
20 134
20 23
20 132
20 43
20 21
20 44
20 79
20 40
20 149
20 136
20 100
20 51
20 141
20 109
20 115
20 81
21 139
21 31
21 138
21 129
21 79
21 65
21 39
21 55
21 35
21 113
21 88
21 96
21 57
21 50
21 30
21 141
21 101
21 82
21 112
21 34
21 137
21 95
21 109
21 24
21 51
21 134
21 40
21 100
21 136
21 81
21 149
21 115
22 138
22 104
22 124
22 133
22 24
22 142
22 87
22 60
22 141
22 80
22 57
22 23
22 31
22 35
22 28
22 122
22 114
22 127
22 62
22 42
22 59
22 108
22 79
22 93
23 41
23 51
23 141
23 33
23 66
23 35
23 120
23 98
23 81
23 55
23 93
23 143
23 63
23 45
23 110
23 89
23 50
23 94
23 43
23 147
23 115
23 111
23 137
23 44
23 48
23 112
23 102
23 61
23 62
23 122
23 29
23 126
23 56
23 92
23 88
23 58
23 139
23 80
23 71
23 67
24 114
24 96
24 50
24 141
24 148
24 42
24 122
24 131
24 123
24 143
24 106
24 95
24 120
24 99
24 138
24 109
24 40
24 149
24 136
24 100
24 51
24 115
24 81
24 134
25 145
25 74
25 88
25 123
25 98
25 82
25 27
25 75
25 149
25 121
25 36
25 73
25 127
25 50
25 100
25 128
25 83
25 110
25 48
25 33
25 54
25 57
26 88
26 108
26 43
26 72
26 116
26 90
26 140
26 47
26 56
26 96
26 84
26 76
26 99
26 69
26 124
26 52
26 74
26 112
26 114
26 65
27 54
27 41
27 40
27 96
27 57
27 73
27 138
27 60
27 134
27 87
27 142
27 133
27 83
27 112
27 51
27 120
27 105
27 86
27 148
28 117
28 92
28 121
28 84
28 66
28 144
28 141
28 133
28 69
28 29
28 51
28 33
28 87
28 90
28 44
28 146
28 72
28 35
29 57
29 114
29 127
29 146
29 87
29 41
29 126
29 66
29 99
29 107
29 90
29 33
29 104
29 58
29 133
29 145
29 88
29 80
29 137
29 71
29 56
29 67
29 92
29 139
30 114
30 112
30 145
30 34
30 137
30 87
30 36
30 127
30 51
30 136
30 77
30 135
30 49
30 128
30 129
30 63
30 147
31 49
31 82
31 39
31 97
31 127
31 53
31 50
31 98
31 140
31 42
31 46
31 43
31 137
31 44
31 96
31 122
31 132
31 88
31 120
31 117
31 47
31 76
31 130
31 145
31 111
31 36
31 107
31 131
32 89
32 135
32 76
32 50
32 108
32 117
32 126
32 43
32 70
32 79
32 112
32 62
32 37
32 104
32 34
32 144
32 65
32 64
32 122
32 103
32 118
32 94
32 116
32 77
33 146
33 110
33 139
33 96
33 45
33 107
33 116
33 149
33 57
33 82
33 124
33 44
33 64
33 38
33 67
33 147
33 48
33 128
33 83
33 102
33 54
34 67
34 42
34 47
34 149
34 114
34 38
34 52
34 75
34 98
34 70
34 95
34 78
34 113
34 104
34 85
34 50
34 147
34 63
34 132
34 61
35 67
35 72
35 145
35 45
35 90
35 88
35 65
35 114
35 116
35 68
35 113
35 103
35 37
35 83
35 117
35 146
35 44
35 121
36 71
36 77
36 85
36 49
36 87
36 52
36 42
36 51
36 93
36 65
36 76
36 74
36 86
36 112
36 102
36 140
36 111
36 130
36 131
36 145
36 107
37 94
37 142
37 63
37 119
37 61
37 55
37 133
37 108
37 135
37 101
37 88
37 73
37 124
37 40
37 132
37 95
37 64
37 144
37 89
37 116
37 118
37 122
37 103
37 77
38 123
38 144
38 88
38 126
38 125
38 77
38 66
38 82
38 120
38 80
38 104
38 45
38 71
38 135
38 127
38 73
38 143
38 106
39 42
39 60
39 102
39 100
39 86
39 135
39 132
39 62
39 138
39 54
39 67
39 97
39 74
39 123
39 95
39 75
39 87
39 66
39 142
39 41
39 46
39 119
39 53
39 91
40 80
40 92
40 74
40 117
40 88
40 116
40 120
40 69
40 70
40 96
40 73
40 101
40 55
40 109
40 149
40 100
40 81
40 134
40 136
40 51
40 141
40 115
41 98
41 104
41 45
41 105
41 120
41 59
41 50
41 62
41 111
41 43
41 46
41 95
41 75
41 87
41 66
41 60
41 142
41 91
41 53
41 119
41 97
42 73
42 146
42 127
42 93
42 99
42 105
42 78
42 70
42 106
42 66
42 47
42 132
42 82
42 59
42 100
42 88
42 57
42 80
42 62
42 108
42 79
43 138
43 129
43 74
43 88
43 91
43 87
43 123
43 62
43 107
43 63
43 84
43 66
43 110
43 137
43 117
43 122
43 118
43 79
43 47
43 101
43 55
44 73
44 112
44 135
44 45
44 123
44 88
44 65
44 76
44 118
44 107
44 54
44 115
44 79
44 97
44 63
44 92
44 90
44 146
44 117
44 72
44 121
45 134
45 93
45 123
45 129
45 53
45 55
45 144
45 64
45 101
45 77
45 133
45 100
45 128
45 110
45 48
45 132
45 74
45 82
45 68
45 113
46 116
46 77
46 76
46 65
46 119
46 103
46 92
46 68
46 70
46 149
46 130
46 61
46 114
46 138
46 146
46 145
46 95
46 75
46 91
46 53
46 60
46 142
46 97
46 66
47 128
47 141
47 72
47 135
47 134
47 105
47 83
47 130
47 116
47 129
47 66
47 104
47 101
47 55
48 70
48 94
48 115
48 77
48 144
48 104
48 60
48 102
48 53
48 61
48 66
48 101
48 65
48 91
48 82
48 57
48 83
48 110
48 54
48 128
49 146
49 66
49 97
49 116
49 64
49 135
49 149
49 117
49 122
49 133
49 112
49 106
49 71
49 95
50 66
50 52
50 98
50 87
50 138
50 118
50 128
50 53
50 79
50 85
50 70
50 61
50 63
50 147
50 132
51 102
51 68
51 121
51 57
51 72
51 75
51 104
51 74
51 126
51 79
51 111
51 129
51 76
51 127
51 149
51 105
51 143
51 115
51 107
51 100
51 134
51 81
51 109
51 141
52 58
52 94
52 87
52 111
52 125
52 66
52 140
52 103
52 149
52 139
52 141
52 96
52 98
52 88
52 101
52 114
52 84
52 69
52 124
52 99
52 112
52 76
52 65
53 56
53 82
53 113
53 137
53 138
53 71
53 78
53 85
53 83
53 146
53 74
53 55
53 94
53 135
53 87
53 117
53 127
53 109
53 95
53 91
53 66
53 119
53 60
53 97
53 75
53 142
54 133
54 105
54 96
54 57
54 102
54 72
54 91
54 104
54 127
54 87
54 82
54 83
54 128
54 110
55 127
55 136
55 87
55 120
55 126
55 149
55 104
55 128
55 130
55 134
55 80
55 95
55 110
55 88
55 101
55 129
56 108
56 136
56 65
56 88
56 60
56 70
56 91
56 99
56 127
56 128
56 126
56 80
56 139
56 71
56 137
56 58
56 67
57 92
57 80
57 63
57 99
57 117
57 110
57 123
57 64
57 75
57 95
57 120
57 128
57 83
57 102
58 138
58 64
58 82
58 60
58 105
58 72
58 128
58 66
58 116
58 100
58 95
58 107
58 88
58 126
58 80
58 137
58 92
58 71
58 67
58 139
59 122
59 101
59 145
59 73
59 114
59 85
59 63
59 72
59 82
59 130
59 110
59 64
59 87
59 127
59 94
59 104
59 67
59 107
59 99
59 78
59 105
59 147
59 79
59 62
59 108
59 93
60 121
60 68
60 133
60 69
60 89
60 88
60 126
60 110
60 144
60 90
60 115
60 95
60 75
60 66
60 91
60 142
60 119
60 87
60 97
61 130
61 102
61 122
61 75
61 103
61 99
61 116
61 73
61 104
61 85
61 132
61 147
61 70
61 63
62 89
62 65
62 81
62 102
62 94
62 91
62 117
62 120
62 108
62 93
62 79
62 127
63 147
63 149
63 117
63 122
63 116
63 100
63 101
63 85
63 126
63 146
63 148
63 124
63 104
63 70
63 132
64 66
64 140
64 128
64 75
64 117
64 110
64 125
64 143
64 71
64 86
64 85
64 83
64 138
64 116
64 135
64 122
64 77
64 94
64 103
64 144
64 118
64 89
65 105
65 70
65 125
65 80
65 102
65 123
65 97
65 104
65 117
65 101
65 103
65 77
65 85
65 96
65 114
65 84
65 76
65 99
65 69
65 124
65 112
65 74
66 105
66 144
66 137
66 74
66 99
66 102
66 78
66 101
66 134
66 123
66 95
66 75
66 87
66 91
66 119
66 142
67 74
67 113
67 144
67 139
67 146
67 70
67 78
67 100
67 128
67 133
67 132
67 99
67 122
67 149
67 147
67 69
67 135
67 126
67 80
67 137
67 88
67 71
67 92
68 75
68 137
68 70
68 149
68 81
68 123
68 121
68 84
68 71
68 94
68 87
68 91
68 104
68 144
68 93
68 133
68 113
68 82
69 146
69 81
69 106
69 105
69 149
69 115
69 109
69 90
69 84
69 76
69 99
69 112
69 96
69 124
69 114
70 100
70 149
70 103
70 78
70 95
70 99
70 89
70 110
70 143
70 139
70 75
70 85
70 147
70 104
70 132
71 133
71 135
71 129
71 131
71 116
71 127
71 92
71 95
71 87
71 77
71 93
71 126
71 80
71 137
71 88
71 139
72 143
72 81
72 103
72 116
72 75
72 95
72 138
72 90
72 121
72 146
72 117
73 75
73 80
73 107
73 141
73 93
73 117
73 95
73 143
73 125
73 123
73 106
74 94
74 106
74 79
74 141
74 97
74 95
74 143
74 130
74 135
74 101
74 96
74 114
74 84
74 76
74 99
74 124
74 112
75 129
75 126
75 145
75 141
75 96
75 134
75 114
75 110
75 81
75 87
75 112
75 123
75 143
75 77
75 95
75 91
75 119
75 142
75 97
76 77
76 79
76 90
76 81
76 129
76 134
76 116
76 95
76 118
76 130
76 112
76 84
76 136
76 123
76 132
76 143
76 96
76 99
76 124
77 122
77 110
77 117
77 133
77 98
77 91
77 148
77 80
77 145
77 89
77 144
77 131
77 84
77 120
77 103
77 135
77 118
77 94
77 116
78 93
78 148
78 118
78 80
78 98
78 133
78 130
78 126
78 138
78 140
79 127
79 100
79 121
79 148
79 114
79 141
79 116
79 90
79 88
79 142
79 136
79 99
79 108
79 93
80 97
80 135
80 92
80 81
80 114
80 125
80 86
80 128
80 118
80 102
80 139
80 127
80 141
80 124
80 126
80 88
80 137
81 131
81 139
81 108
81 121
81 96
81 147
81 111
81 109
81 136
81 100
81 141
81 115
81 134
81 149
82 97
82 119
82 133
82 94
82 141
82 98
82 107
82 123
82 113
83 126
83 88
83 131
83 106
83 96
83 92
83 89
83 99
83 114
83 141
83 128
83 102
83 110
84 133
84 93
84 137
84 90
84 114
84 98
84 96
84 112
84 124
84 99
85 94
85 139
85 130
85 142
85 122
85 88
85 143
85 100
85 126
85 123
85 108
85 109
85 124
85 104
85 132
85 147
86 91
86 114
86 88
86 95
86 146
86 110
86 107
86 90
86 120
86 105
86 148
87 95
87 100
87 132
87 139
87 90
87 119
87 91
87 142
87 97
88 133
88 98
88 140
88 145
88 138
88 144
88 121
88 119
88 146
88 102
88 91
88 92
88 126
88 137
88 139
89 128
89 115
89 139
89 108
89 138
89 96
89 141
89 94
89 130
89 135
89 144
89 122
89 103
89 116
90 103
90 133
90 101
90 116
90 104
90 107
90 120
90 142
90 109
90 92
90 134
90 146
90 117
90 121
91 110
91 133
91 111
91 107
91 101
91 114
91 123
91 95
91 97
91 119
92 141
92 96
92 129
92 123
92 142
92 126
92 128
92 113
92 94
92 139
93 100
93 128
93 94
93 124
93 142
93 148
93 133
93 145
93 96
93 118
93 108
93 127
94 113
94 129
94 112
94 115
94 109
94 104
94 131
94 143
94 142
94 123
94 118
94 100
94 108
94 148
94 96
94 135
94 144
94 116
94 103
94 122
95 143
95 115
95 128
95 127
95 133
95 129
95 119
95 142
95 97
96 109
96 101
96 122
96 147
96 99
96 112
96 124
96 114
97 142
97 139
97 113
97 121
97 126
97 146
97 119
98 118
98 102
98 129
98 99
98 103
98 144
98 123
98 124
98 140
98 138
99 137
99 114
99 107
99 118
99 135
99 112
99 124
100 137
100 149
100 136
100 135
100 148
100 109
100 141
100 115
100 134
101 125
101 121
101 145
101 131
101 135
101 129
102 144
102 103
102 134
102 113
102 125
102 128
102 110
103 145
103 138
103 110
103 113
103 104
103 115
103 135
103 118
103 144
103 116
103 122
104 105
104 112
104 110
104 132
104 147
105 116
105 138
105 139
105 127
105 137
105 120
105 148
106 144
106 142
106 131
106 147
106 122
106 125
106 143
106 123
107 109
107 108
107 126
107 115
107 127
107 114
107 139
107 123
107 117
107 144
107 145
107 131
107 111
107 130
108 118
108 135
108 149
108 109
108 112
108 146
108 127
109 130
109 132
109 124
109 123
109 137
109 145
109 136
109 149
109 134
109 115
109 141
110 111
110 120
110 125
110 144
110 149
110 138
110 132
110 119
110 128
111 115
111 149
111 145
111 131
111 130
112 115
112 126
112 119
112 139
112 134
112 132
112 114
112 124
113 134
113 126
113 114
113 121
113 147
113 133
114 135
115 127
115 134
115 149
115 144
115 136
115 141
116 137
116 131
116 145
116 133
116 143
116 135
116 118
116 144
116 122
117 133
117 140
117 131
117 121
117 135
117 146
118 131
118 127
118 122
118 128
118 126
118 135
118 144
119 143
119 122
119 142
120 122
120 125
120 123
120 132
120 147
120 148
121 143
121 146
122 124
122 135
122 141
122 144
123 141
123 143
123 125
125 132
125 147
125 138
125 143
126 136
126 143
126 137
126 139
127 146
127 131
127 147
128 142
128 145
128 130
128 134
129 131
129 130
129 137
129 135
130 139
130 145
130 131
131 148
131 139
131 134
131 143
131 133
131 136
131 149
131 144
131 145
132 135
132 147
133 149
134 149
134 141
134 136
135 144
136 149
136 144
136 140
136 141
137 138
137 142
137 139
138 147
138 146
138 144
138 139
138 140
139 145
140 144
140 142
141 144
141 143
141 149
142 145
142 147
147 148
