100 815
0 58
0 51
0 22
0 86
0 76
0 74
0 1
0 32
0 50
1 12
1 90
1 20
1 94
1 36
1 79
1 88
1 99
1 84
1 95
1 38
1 56
1 50
1 32
2 46
2 58
2 73
2 99
2 80
2 93
2 35
2 81
2 11
2 69
2 51
2 63
2 71
2 65
2 59
2 88
2 18
2 62
2 72
2 34
2 48
3 89
3 6
3 39
3 82
3 55
3 35
3 88
3 53
3 90
3 91
3 38
3 57
3 27
3 74
3 60
4 50
4 76
4 81
4 56
4 71
4 60
4 69
4 53
4 87
4 72
4 62
4 39
4 78
4 74
4 8
4 45
4 84
4 97
4 75
4 94
5 77
5 21
5 60
5 92
5 73
5 23
5 72
5 79
6 53
6 45
6 44
6 18
6 83
6 13
6 99
6 47
6 35
6 59
6 76
6 33
7 10
7 66
7 24
7 41
7 19
7 63
7 68
7 25
7 13
7 93
7 77
8 22
8 74
8 83
8 34
8 11
8 20
8 15
8 27
8 38
8 66
9 21
9 90
9 13
9 43
9 99
9 78
9 27
9 64
9 15
9 92
9 46
9 94
9 30
9 11
9 66
9 77
9 18
9 17
9 24
9 79
9 47
9 44
9 85
9 65
10 74
10 13
10 81
10 90
10 87
10 22
10 76
10 21
10 43
10 46
10 92
11 28
11 80
11 18
11 60
11 90
11 30
11 83
11 58
11 63
11 91
11 68
11 57
12 21
12 85
12 31
12 79
12 83
12 96
12 80
12 44
12 73
12 69
12 22
12 15
12 87
12 40
12 51
12 35
13 85
13 59
13 43
13 53
13 90
13 72
13 67
13 49
14 86
14 69
14 42
14 26
14 72
14 18
14 98
14 58
15 42
15 34
15 99
15 85
15 22
15 75
15 84
15 40
15 50
15 69
15 80
15 51
15 87
15 70
15 35
16 95
16 75
16 60
16 33
16 73
16 39
16 87
16 18
16 94
16 62
16 96
16 25
16 27
16 53
16 78
16 45
16 54
16 36
16 37
16 23
16 82
16 81
17 63
17 19
17 24
17 34
17 28
17 66
17 82
17 65
17 56
17 43
17 97
18 69
18 79
18 72
18 89
18 23
18 42
18 90
18 24
18 65
18 74
18 19
18 47
18 88
18 48
18 62
18 63
18 34
19 94
19 51
19 63
19 46
19 71
19 53
19 93
19 97
19 35
19 89
20 32
20 73
20 67
20 39
20 27
20 89
20 61
20 83
20 59
20 78
20 47
21 48
21 28
21 90
21 98
21 37
21 60
21 79
21 49
21 47
21 52
21 43
21 92
21 46
22 56
22 52
22 42
22 45
22 94
22 93
22 88
22 44
22 69
22 40
22 80
22 51
22 35
22 70
22 87
23 39
23 60
23 99
23 28
23 88
23 96
23 34
23 93
23 91
23 65
23 40
23 73
23 94
23 36
23 37
23 31
23 81
23 82
23 54
24 59
24 98
24 54
24 57
24 68
24 27
24 81
24 82
24 43
24 71
24 78
24 89
25 59
25 66
25 86
25 92
25 81
25 84
25 54
26 91
26 33
26 85
26 39
26 97
26 73
26 98
26 74
26 66
27 85
27 77
27 83
27 76
27 98
27 43
27 65
27 42
27 75
27 60
27 57
27 38
27 74
27 90
27 91
28 67
28 44
28 88
28 92
28 95
28 80
28 46
28 31
28 56
28 64
28 93
28 68
28 37
29 65
29 92
29 87
29 96
29 69
29 93
29 59
29 61
29 37
29 42
29 84
29 30
29 39
29 83
29 82
29 89
29 40
30 32
30 66
30 55
30 61
30 93
30 95
30 50
31 61
31 40
31 49
31 41
31 54
31 79
31 73
31 36
31 37
31 81
31 82
32 60
32 84
32 79
32 65
32 50
33 59
33 80
33 54
33 41
33 79
33 92
33 37
33 91
33 49
33 35
33 67
33 74
33 65
34 74
34 59
34 82
34 81
34 72
34 39
34 70
34 36
34 83
34 88
34 62
34 48
34 63
35 92
35 67
35 62
35 78
35 64
35 86
35 96
35 49
35 93
35 82
35 40
35 80
35 51
35 69
35 70
36 72
36 60
36 93
36 63
36 56
36 45
36 88
36 87
36 73
36 64
36 61
36 42
36 54
36 81
36 37
36 82
37 88
37 65
37 56
37 47
37 48
37 73
37 52
37 71
37 82
37 54
37 81
38 66
38 46
38 70
38 82
38 83
38 42
38 88
38 71
38 39
38 81
38 62
38 60
38 57
38 91
38 74
38 90
39 89
39 97
39 58
39 70
39 72
39 51
39 80
39 54
39 69
39 42
39 99
40 98
40 75
40 88
40 69
40 51
40 70
40 87
40 80
41 95
41 80
41 94
41 93
41 73
41 57
41 98
41 99
41 88
42 94
42 71
42 84
42 72
42 82
42 75
43 88
43 99
43 64
43 90
43 82
43 76
43 46
44 47
44 67
44 92
44 84
44 62
44 83
44 79
44 85
44 65
45 84
45 94
45 76
45 75
45 51
45 47
45 68
45 56
45 60
45 46
45 97
46 97
46 51
46 63
46 93
46 87
46 85
46 47
46 94
46 90
46 92
47 56
47 78
47 98
47 82
47 59
47 77
47 81
47 67
47 99
47 87
47 61
47 73
47 79
47 85
47 65
48 81
48 57
48 53
48 88
48 54
48 99
48 74
48 78
48 75
48 72
48 62
48 63
49 81
49 75
49 97
49 60
49 56
49 59
49 64
49 77
49 93
49 67
49 68
50 87
50 72
50 85
50 60
50 51
50 88
50 94
50 76
50 95
50 62
50 56
50 66
51 60
51 86
51 68
51 99
51 75
51 63
51 69
51 80
51 70
51 87
52 70
52 62
52 72
52 88
53 90
53 63
53 69
53 94
53 77
54 91
54 59
54 58
54 86
54 87
54 82
54 81
55 62
55 88
55 66
56 79
56 87
56 85
56 90
56 91
56 80
56 60
56 93
56 81
56 84
56 75
56 97
56 94
57 68
57 97
57 90
57 77
57 98
57 88
57 60
57 74
57 91
58 62
58 74
58 73
58 69
58 72
58 98
58 86
59 60
59 65
59 92
59 82
59 88
59 83
60 77
60 66
60 95
60 83
60 90
60 67
60 75
60 97
60 74
60 91
61 83
61 69
61 63
61 89
62 80
62 70
62 78
62 85
62 88
62 83
62 79
62 72
62 63
63 71
63 66
63 77
63 72
63 83
63 88
64 88
64 81
64 87
64 96
65 88
65 84
65 71
65 79
65 85
66 91
66 84
67 74
67 96
67 68
67 93
68 89
68 90
68 93
69 76
69 80
69 87
69 70
70 71
70 84
70 97
70 90
70 80
70 87
71 82
71 76
71 84
71 78
71 89
72 90
72 99
72 91
72 92
72 80
72 88
73 86
73 91
73 87
73 88
74 99
74 94
74 81
74 91
74 90
75 84
75 81
75 97
75 94
76 78
76 81
76 89
77 95
78 93
78 89
79 91
79 85
80 92
80 98
80 85
80 87
81 91
81 83
82 83
83 95
84 91
84 94
84 97
85 91
85 90
85 92
87 96
87 89
87 99
88 93
89 99
89 98
90 91
91 97
92 95
93 97
94 97
94 99
95 99
97 99
97 98
