50 209
0 5
0 30
0 24
0 42
0 18
0 37
0 33
1 43
1 47
1 39
1 17
1 32
1 37
1 42
2 38
2 6
2 46
2 18
2 7
2 43
2 8
2 25
2 33
2 4
2 34
3 27
3 6
3 18
3 9
3 10
3 11
3 33
3 43
3 8
3 41
3 30
4 28
4 19
4 18
4 10
4 49
4 31
4 42
4 33
4 34
5 22
5 49
5 23
5 46
5 10
5 39
5 42
5 19
5 6
5 24
5 31
6 43
6 21
6 25
6 44
6 7
6 24
6 31
7 36
7 13
7 40
7 24
7 28
8 46
8 26
8 33
8 28
8 24
8 12
8 38
9 34
9 41
9 42
9 35
10 11
10 19
10 39
10 46
10 31
10 18
10 45
10 16
11 27
11 21
11 20
12 13
12 19
12 49
12 47
12 29
12 33
12 44
13 28
13 49
13 37
13 38
13 41
13 18
13 40
13 42
13 46
13 36
14 24
14 38
14 18
14 40
14 47
14 46
14 37
14 15
14 36
14 22
15 27
15 23
15 17
15 22
15 38
15 47
15 44
15 30
15 36
15 40
16 18
17 47
17 39
17 44
17 37
18 35
18 33
18 45
18 47
18 42
18 43
18 27
19 43
19 24
19 45
19 33
20 21
21 36
21 45
21 34
21 35
21 44
21 22
22 24
22 42
22 37
22 34
22 23
22 36
22 40
23 27
23 37
24 46
24 31
25 44
26 28
27 48
27 42
27 30
27 32
27 34
28 41
28 34
29 38
29 46
29 45
29 49
30 46
30 33
30 34
31 49
31 33
31 45
31 46
31 38
32 48
32 43
33 41
33 38
33 46
33 43
33 34
34 43
34 41
34 38
34 45
35 45
35 43
35 39
35 36
35 42
36 45
36 40
37 41
37 42
38 46
38 49
39 45
39 43
40 42
44 47
45 49
