80 476
0 51
0 48
0 38
0 53
0 39
0 64
0 71
0 7
0 26
0 5
0 79
0 33
0 75
1 61
1 51
1 46
1 18
1 35
1 38
1 3
1 26
1 2
1 44
1 28
1 32
1 59
1 19
1 13
2 55
2 35
2 8
2 34
2 20
2 38
2 52
2 44
2 25
2 4
2 22
2 53
2 7
3 42
3 12
3 61
3 71
3 46
3 77
3 20
3 39
3 31
3 70
3 69
3 60
4 78
4 50
4 8
4 28
4 34
4 55
4 13
4 11
4 35
4 43
5 75
5 57
5 60
5 10
5 73
5 76
5 26
5 79
5 33
6 56
6 44
6 35
6 34
6 23
6 37
7 79
7 47
7 49
7 46
7 74
7 31
7 33
7 22
7 69
8 78
8 18
8 19
8 32
8 34
8 40
9 47
9 46
9 72
9 17
9 25
9 10
9 67
9 70
9 50
10 30
10 56
10 60
10 43
10 46
10 76
10 16
10 23
10 37
10 15
10 27
10 47
10 18
10 55
10 53
11 23
11 44
11 25
11 32
11 40
11 28
11 51
11 67
11 21
11 54
11 45
11 48
11 15
12 60
12 68
12 25
12 22
12 36
13 52
13 18
13 20
13 15
13 36
13 50
13 37
13 70
14 55
14 23
14 53
15 24
15 48
15 18
15 66
15 74
15 21
15 54
15 45
15 67
16 46
16 65
16 47
16 23
16 56
16 70
16 60
16 58
17 51
17 70
17 25
17 42
18 19
18 73
18 47
18 78
18 27
18 20
18 55
18 21
18 34
18 70
18 25
18 23
18 53
18 37
19 57
19 68
19 45
19 71
19 79
19 78
19 50
19 63
19 65
19 27
19 40
19 35
19 59
19 76
19 77
20 73
20 30
20 53
20 39
20 31
20 68
20 51
20 46
20 60
20 36
20 49
20 66
21 46
21 36
21 77
21 70
21 65
21 24
21 49
21 32
21 60
21 74
21 29
22 55
22 68
22 47
22 42
22 78
22 61
22 50
22 52
22 67
22 28
22 73
22 30
22 34
22 71
22 43
22 33
22 69
23 65
23 73
23 64
23 45
23 43
23 27
23 53
23 37
23 47
23 55
24 36
24 72
25 67
25 72
25 52
25 26
25 36
25 55
25 33
25 50
25 54
26 28
26 30
26 34
26 77
26 48
26 36
26 79
26 33
26 75
27 58
27 31
27 45
27 60
27 37
27 53
27 55
28 75
28 47
28 59
28 61
28 74
28 64
28 41
28 51
28 65
28 34
29 41
29 47
29 42
29 55
29 50
29 74
29 35
30 43
30 48
30 64
30 73
30 54
31 47
31 79
31 49
31 63
31 76
31 40
31 42
31 58
31 78
32 71
32 55
32 47
32 41
32 70
32 46
32 34
33 46
33 48
33 60
33 34
33 61
33 73
33 35
33 79
33 75
34 57
34 37
34 52
34 74
34 53
34 68
34 51
34 64
34 65
34 41
35 64
35 56
35 65
35 44
35 75
35 52
35 50
36 72
36 45
36 54
36 66
36 61
36 46
36 42
36 60
36 49
37 68
37 73
37 64
37 78
37 47
37 53
37 55
38 72
38 54
38 75
38 65
39 75
39 44
39 46
39 42
39 71
40 54
40 42
40 68
41 72
41 61
41 56
41 51
41 74
41 64
41 65
42 51
42 47
42 68
42 67
42 73
42 78
42 64
42 49
43 52
43 54
43 56
43 44
43 64
43 78
44 50
44 74
44 54
44 46
44 67
45 60
45 48
45 73
45 62
45 46
45 67
45 54
46 56
46 61
46 77
46 58
46 62
46 74
46 51
47 64
47 62
47 58
47 52
47 53
47 55
48 53
48 55
48 50
48 77
48 75
48 67
48 54
49 54
49 60
49 66
50 52
50 55
50 56
50 69
51 70
51 65
51 64
52 72
52 75
52 54
53 71
53 66
53 57
53 55
54 71
54 70
54 62
54 75
54 67
56 66
56 74
56 78
57 75
57 79
58 63
58 65
60 76
60 68
60 66
61 71
61 62
62 70
62 67
62 64
63 76
63 65
64 73
64 74
64 65
65 71
65 70
65 72
65 74
66 74
67 70
69 73
69 77
70 71
71 77
71 76
74 75
74 77
75 79
76 77
78 79
