200 3818
0 117
0 156
0 88
0 22
0 164
0 34
0 28
0 134
0 136
0 172
0 54
0 133
0 38
0 50
0 6
0 194
0 23
0 145
0 155
0 99
0 70
0 124
0 119
0 158
0 198
0 80
0 16
0 32
0 188
0 101
0 75
0 174
0 3
0 168
0 62
1 49
1 4
1 151
1 45
1 136
1 190
1 114
1 115
1 67
1 109
1 73
1 3
1 119
1 52
1 21
1 186
1 31
1 32
1 159
1 59
1 58
1 11
1 18
1 112
1 65
1 175
1 29
1 120
1 100
1 160
1 36
1 135
1 137
1 9
1 195
1 106
1 15
1 10
1 28
1 153
1 70
1 193
2 144
2 198
2 57
2 128
2 8
2 27
2 91
2 28
2 52
2 138
2 14
2 74
2 180
2 185
2 68
2 17
2 94
2 111
2 60
2 175
2 36
2 194
2 42
2 110
2 140
2 104
2 112
2 67
2 151
2 58
2 181
2 69
2 149
2 155
2 163
2 7
2 54
2 78
2 26
2 192
2 31
2 49
3 61
3 122
3 142
3 5
3 173
3 196
3 162
3 11
3 187
3 134
3 90
3 116
3 4
3 169
3 15
3 152
3 55
3 52
3 137
3 123
3 198
3 75
3 45
3 184
3 161
3 193
3 156
3 130
3 104
3 43
3 63
3 47
3 160
3 88
3 38
3 77
3 54
3 7
3 69
3 74
3 59
3 44
3 157
3 145
3 119
3 158
3 16
3 32
3 124
3 101
3 94
3 62
3 168
3 80
3 188
3 174
3 172
4 61
4 40
4 126
4 139
4 95
4 14
4 93
4 66
4 181
4 187
4 128
4 130
4 131
4 76
4 188
4 43
4 28
4 165
4 125
4 136
4 82
4 45
4 138
4 101
4 29
4 124
4 119
4 158
4 75
4 16
4 32
4 172
4 145
4 198
4 94
4 174
4 168
4 80
4 62
5 176
5 185
5 67
5 102
5 112
5 84
5 65
5 135
5 129
5 23
5 61
5 109
5 12
5 76
5 57
5 15
5 181
5 134
5 160
5 178
5 40
5 159
5 189
5 113
5 89
5 136
6 69
6 17
6 148
6 175
6 77
6 8
6 114
6 94
6 154
6 107
6 139
6 54
6 178
6 183
6 38
6 12
6 15
6 33
6 18
6 65
6 135
6 147
6 101
6 91
6 96
6 132
6 108
6 133
6 199
6 93
6 63
6 143
6 97
6 164
7 70
7 60
7 23
7 119
7 9
7 86
7 153
7 179
7 78
7 187
7 148
7 105
7 67
7 158
7 166
7 84
7 121
7 8
7 139
7 102
7 184
7 146
7 41
7 91
7 174
7 62
7 185
7 13
7 49
7 155
7 151
7 58
7 194
7 192
7 14
7 181
7 69
7 149
7 163
7 138
7 31
7 26
7 54
8 133
8 96
8 35
8 42
8 60
8 84
8 179
8 163
8 53
8 197
8 17
8 29
8 136
8 161
8 193
8 124
8 176
8 108
8 45
8 92
8 67
8 139
8 165
8 32
8 157
8 169
8 134
8 65
8 22
8 102
8 30
8 18
8 86
8 44
8 20
8 34
8 173
8 154
8 21
8 83
8 19
9 123
9 119
9 48
9 81
9 133
9 99
9 196
9 60
9 128
9 107
9 144
9 62
9 71
9 173
9 137
9 21
9 158
9 190
9 96
9 51
9 149
9 116
9 184
9 176
9 37
9 33
9 197
9 29
9 109
9 120
9 35
9 193
9 160
9 36
9 135
9 10
9 100
9 70
9 150
9 195
9 28
9 106
9 153
9 15
10 136
10 172
10 37
10 196
10 115
10 59
10 26
10 47
10 106
10 60
10 32
10 141
10 183
10 187
10 91
10 21
10 34
10 189
10 101
10 73
10 86
10 66
10 144
10 118
10 163
10 75
10 89
10 171
10 154
10 161
10 152
10 29
10 120
10 35
10 100
10 193
10 160
10 36
10 137
10 150
10 195
10 15
10 70
10 109
10 135
10 153
10 28
11 50
11 71
11 49
11 58
11 167
11 110
11 116
11 64
11 32
11 137
11 168
11 165
11 62
11 144
11 94
11 111
11 138
11 83
11 142
11 190
11 78
11 123
11 186
11 177
11 173
11 143
11 86
11 21
11 159
11 156
11 39
11 129
11 82
11 121
11 162
11 148
11 176
11 122
11 171
11 46
12 38
12 34
12 28
12 40
12 64
12 137
12 198
12 132
12 121
12 65
12 87
12 108
12 84
12 29
12 23
12 94
12 96
12 35
12 24
12 59
12 105
12 156
12 66
12 148
12 88
12 147
12 104
12 27
12 75
12 67
12 186
12 142
12 92
12 178
12 13
12 91
13 90
13 123
13 105
13 27
13 41
13 196
13 114
13 89
13 80
13 191
13 48
13 154
13 122
13 64
13 28
13 61
13 32
13 103
13 156
13 171
13 129
13 72
13 148
13 104
13 186
13 92
13 142
13 178
13 91
14 71
14 83
14 47
14 161
14 40
14 104
14 94
14 36
14 193
14 60
14 46
14 30
14 125
14 66
14 73
14 77
14 187
14 20
14 108
14 31
14 151
14 138
14 58
14 194
14 78
14 49
14 54
14 155
14 69
14 26
14 192
14 149
14 181
14 163
15 85
15 182
15 180
15 73
15 195
15 137
15 147
15 72
15 162
15 61
15 191
15 174
15 91
15 190
15 138
15 170
15 171
15 56
15 90
15 146
15 172
15 168
15 92
15 192
15 29
15 109
15 120
15 35
15 100
15 193
15 160
15 36
15 135
15 106
15 70
15 28
15 153
16 26
16 62
16 129
16 24
16 141
16 19
16 63
16 84
16 88
16 139
16 133
16 116
16 191
16 177
16 32
16 97
16 193
16 80
16 46
16 85
16 104
16 124
16 145
16 119
16 158
16 94
16 188
16 172
16 198
16 168
16 75
16 174
16 101
17 130
17 131
17 151
17 45
17 188
17 143
17 95
17 118
17 187
17 139
17 172
17 122
17 133
17 49
17 121
17 169
17 125
17 26
17 147
17 61
17 199
17 86
17 171
17 28
17 41
17 88
17 71
17 85
17 52
17 87
17 111
17 116
17 117
17 128
17 42
18 108
18 140
18 185
18 162
18 150
18 85
18 129
18 37
18 131
18 91
18 174
18 111
18 82
18 43
18 121
18 142
18 57
18 62
18 55
18 65
18 86
18 173
18 102
18 44
18 34
18 22
18 30
18 154
18 157
18 21
18 40
18 19
18 53
18 20
18 83
18 161
19 134
19 195
19 130
19 180
19 163
19 103
19 30
19 40
19 166
19 131
19 157
19 52
19 74
19 22
19 106
19 122
19 194
19 60
19 102
19 142
19 147
19 170
19 34
19 123
19 98
19 71
19 187
19 174
19 65
19 83
19 44
19 53
19 161
19 154
19 21
19 86
19 20
20 168
20 142
20 123
20 24
20 21
20 66
20 163
20 95
20 170
20 180
20 127
20 86
20 160
20 165
20 117
20 120
20 74
20 92
20 46
20 91
20 63
20 73
20 75
20 98
20 94
20 177
20 28
20 104
20 132
20 30
20 188
20 31
20 29
20 65
20 83
20 102
20 44
20 34
20 53
20 161
20 22
20 173
20 40
21 43
21 164
21 120
21 124
21 24
21 123
21 135
21 133
21 146
21 148
21 197
21 78
21 47
21 151
21 106
21 81
21 111
21 199
21 192
21 121
21 172
21 57
21 196
21 89
21 134
21 83
21 86
21 173
21 102
21 44
21 34
21 22
21 53
21 161
21 30
21 154
21 157
21 65
21 40
22 40
22 194
22 144
22 134
22 54
22 143
22 33
22 97
22 35
22 195
22 187
22 133
22 110
22 148
22 70
22 115
22 25
22 106
22 129
22 175
22 125
22 116
22 193
22 121
22 77
22 118
22 83
22 86
22 173
22 102
22 44
22 34
22 30
22 53
22 157
22 65
22 161
22 154
23 69
23 115
23 26
23 34
23 79
23 64
23 137
23 128
23 157
23 136
23 61
23 199
23 196
23 68
23 170
23 178
23 150
23 164
23 110
23 37
23 135
23 153
23 187
23 103
23 109
23 58
23 86
23 28
23 81
23 146
23 123
23 72
23 107
23 184
23 189
23 43
23 140
23 84
23 141
23 51
23 169
23 121
24 99
24 196
24 96
24 145
24 62
24 144
24 30
24 65
24 94
24 120
24 142
24 160
24 77
24 137
24 118
24 197
24 189
24 140
24 61
24 39
24 149
24 103
24 52
24 172
24 161
24 174
24 85
24 78
24 187
24 38
25 168
25 86
25 162
25 64
25 165
25 58
25 136
25 65
25 71
25 187
25 39
25 43
25 73
25 149
25 161
25 123
25 52
25 132
25 93
25 199
25 181
25 129
25 96
25 63
25 46
25 190
25 184
25 42
25 146
25 53
25 48
25 151
25 66
25 77
25 79
25 82
26 30
26 150
26 164
26 157
26 76
26 188
26 117
26 186
26 27
26 138
26 156
26 122
26 130
26 85
26 165
26 114
26 161
26 187
26 80
26 118
26 46
26 70
26 40
26 97
26 60
26 163
26 197
26 123
26 29
26 178
26 192
26 107
26 115
26 151
26 58
26 69
26 149
26 155
26 54
26 78
26 49
26 181
26 194
27 140
27 109
27 162
27 160
27 150
27 137
27 95
27 168
27 101
27 113
27 80
27 195
27 130
27 115
27 152
27 98
27 112
28 151
28 181
28 79
28 162
28 113
28 65
28 164
28 134
28 190
28 67
28 93
28 176
28 75
28 175
28 118
28 96
28 167
28 101
28 108
28 174
28 33
28 161
28 185
28 29
28 120
28 35
28 193
28 160
28 137
28 195
28 106
28 109
28 135
28 70
28 153
28 36
28 150
29 189
29 199
29 70
29 37
29 62
29 175
29 36
29 108
29 52
29 49
29 194
29 41
29 182
29 74
29 66
29 35
29 59
29 129
29 195
29 153
29 163
29 110
29 90
29 141
29 83
29 190
29 137
29 135
29 150
29 160
29 120
29 109
29 100
29 193
29 106
30 85
30 105
30 172
30 154
30 150
30 42
30 108
30 184
30 131
30 36
30 171
30 117
30 128
30 141
30 136
30 51
30 84
30 43
30 185
30 149
30 66
30 74
30 77
30 124
30 133
30 120
30 35
30 140
30 98
30 189
30 142
30 56
30 82
30 169
30 65
30 83
30 173
30 102
30 44
30 34
30 53
30 40
30 157
30 161
31 66
31 175
31 183
31 52
31 167
31 100
31 98
31 135
31 116
31 32
31 156
31 76
31 153
31 164
31 190
31 48
31 40
31 42
31 171
31 60
31 38
31 152
31 138
31 58
31 192
31 181
31 69
31 149
31 155
31 54
31 151
31 163
31 194
31 49
32 190
32 148
32 56
32 119
32 182
32 186
32 197
32 88
32 155
32 120
32 116
32 152
32 156
32 131
32 118
32 165
32 160
32 47
32 180
32 122
32 58
32 36
32 124
32 145
32 158
32 94
32 198
32 80
32 172
32 101
32 188
32 168
32 75
32 174
32 62
33 64
33 42
33 95
33 178
33 49
33 144
33 181
33 46
33 140
33 117
33 86
33 131
33 179
33 141
33 176
33 99
33 157
33 146
33 132
33 94
33 180
33 110
33 93
33 100
33 103
33 80
33 165
33 67
33 76
33 55
33 61
33 170
33 47
33 167
33 68
34 46
34 163
34 65
34 144
34 44
34 48
34 152
34 154
34 49
34 45
34 97
34 96
34 192
34 131
34 155
34 180
34 63
34 161
34 111
34 42
34 130
34 177
34 43
34 169
34 69
34 99
34 167
34 101
34 83
34 102
34 173
34 53
34 40
34 157
35 109
35 132
35 74
35 99
35 103
35 104
35 89
35 69
35 66
35 183
35 50
35 140
35 187
35 116
35 51
35 120
35 70
35 193
35 36
35 153
35 100
35 195
35 106
35 160
35 137
35 150
35 135
36 112
36 189
36 169
36 144
36 193
36 67
36 155
36 129
36 106
36 58
36 87
36 105
36 50
36 116
36 148
36 54
36 55
36 197
36 75
36 57
36 83
36 109
36 100
36 195
36 160
36 153
36 120
36 137
36 135
36 150
36 70
37 85
37 166
37 125
37 70
37 122
37 154
37 89
37 100
37 46
37 133
37 103
37 134
37 92
37 107
37 158
37 42
37 41
37 106
37 45
37 126
37 66
37 137
37 121
37 49
37 99
37 185
37 59
37 74
37 104
37 56
37 177
38 108
38 173
38 116
38 180
38 130
38 62
38 167
38 128
38 42
38 79
38 92
38 39
38 187
38 55
38 166
38 160
38 179
38 118
38 70
38 97
38 121
38 140
38 50
38 85
38 138
39 165
39 192
39 148
39 64
39 41
39 146
39 110
39 163
39 84
39 171
39 117
39 153
39 65
39 45
39 114
39 62
39 116
39 40
39 71
39 139
39 76
39 57
39 81
39 183
39 129
39 166
39 50
39 48
39 126
39 125
40 41
40 150
40 111
40 50
40 154
40 168
40 138
40 147
40 197
40 57
40 85
40 116
40 131
40 117
40 166
40 135
40 137
40 87
40 169
40 67
40 139
40 172
40 155
40 92
40 83
40 156
40 162
40 199
40 119
40 181
40 86
40 173
40 102
40 44
40 53
40 157
40 65
40 161
41 151
41 51
41 187
41 115
41 43
41 192
41 146
41 74
41 171
41 124
41 134
41 56
41 186
41 101
41 61
41 184
41 58
41 66
41 103
41 84
41 52
41 170
41 64
41 47
41 104
41 122
41 96
41 79
41 185
41 177
41 77
41 88
41 147
41 111
41 87
41 71
41 116
41 85
41 128
41 42
41 117
42 75
42 74
42 78
42 86
42 124
42 61
42 131
42 119
42 161
42 43
42 98
42 91
42 152
42 92
42 64
42 54
42 70
42 60
42 133
42 95
42 198
42 106
42 52
42 88
42 117
42 111
42 85
42 116
42 87
42 71
43 60
43 76
43 82
43 66
43 137
43 197
43 77
43 158
43 148
43 100
43 177
43 163
43 185
43 168
43 102
43 94
43 62
43 63
43 109
43 123
43 174
43 176
43 159
43 64
43 169
43 72
43 146
43 51
43 184
43 140
43 196
43 107
43 189
43 121
43 141
44 187
44 114
44 70
44 155
44 101
44 118
44 86
44 185
44 87
44 49
44 169
44 130
44 106
44 81
44 83
44 148
44 64
44 186
44 184
44 76
44 194
44 168
44 112
44 196
44 173
44 102
44 157
44 161
44 154
44 53
44 65
45 143
45 86
45 136
45 66
45 91
45 154
45 78
45 123
45 113
45 145
45 129
45 99
45 58
45 81
45 55
45 192
45 63
45 135
45 131
45 151
45 56
45 59
45 177
45 185
45 104
45 74
46 148
46 65
46 194
46 171
46 176
46 182
46 131
46 72
46 140
46 69
46 57
46 111
46 173
46 108
46 189
46 120
46 67
46 180
46 119
46 64
46 84
46 152
46 147
46 160
46 162
46 122
47 59
47 54
47 50
47 190
47 55
47 110
47 111
47 65
47 170
47 142
47 56
47 97
47 199
47 183
47 48
47 67
47 180
47 167
47 76
47 68
47 61
48 101
48 135
48 67
48 82
48 124
48 110
48 119
48 100
48 136
48 60
48 153
48 149
48 123
48 137
48 143
48 176
48 52
48 195
48 122
48 57
48 197
48 50
48 183
48 125
48 81
48 166
48 126
48 129
49 130
49 62
49 146
49 91
49 147
49 125
49 94
49 74
49 113
49 102
49 54
49 96
49 82
49 169
49 161
49 114
49 165
49 177
49 70
49 90
49 151
49 138
49 58
49 194
49 192
49 60
49 181
49 69
49 149
49 155
49 163
49 78
50 130
50 115
50 186
50 56
50 89
50 122
50 60
50 164
50 90
50 117
50 112
50 194
50 66
50 180
50 73
50 111
50 58
50 171
50 162
50 113
50 57
50 166
50 126
50 197
50 110
50 183
50 81
50 129
50 125
51 165
51 58
51 181
51 175
51 142
51 99
51 87
51 100
51 76
51 86
51 150
51 198
51 60
51 141
51 72
51 169
51 64
51 121
51 196
51 146
51 84
51 123
51 184
51 140
51 107
52 135
52 85
52 104
52 123
52 103
52 194
52 70
52 138
52 180
52 165
52 79
52 63
52 183
52 178
52 128
52 147
52 116
52 111
52 88
52 71
52 87
52 117
53 92
53 141
53 153
53 61
53 148
53 171
53 60
53 177
53 126
53 59
53 76
53 74
53 144
53 175
53 110
53 154
53 67
53 137
53 96
53 66
53 163
53 123
53 99
53 140
53 65
53 102
53 86
53 157
53 161
54 159
54 90
54 179
54 185
54 72
54 88
54 152
54 167
54 91
54 83
54 137
54 59
54 69
54 70
54 105
54 165
54 184
54 58
54 75
54 127
54 149
54 146
54 154
54 163
54 138
54 194
54 78
54 192
54 181
54 155
55 104
55 94
55 67
55 122
55 70
55 95
55 158
55 155
55 73
55 172
55 56
55 112
55 189
55 116
55 152
55 98
55 160
55 141
55 175
55 85
55 176
55 180
55 167
55 76
55 170
55 68
55 61
56 165
56 184
56 188
56 58
56 101
56 189
56 187
56 107
56 93
56 117
56 109
56 151
56 85
56 126
56 59
56 145
56 94
56 159
56 74
56 178
56 110
56 128
56 180
56 154
56 104
56 185
56 99
56 177
57 122
57 119
57 67
57 85
57 142
57 175
57 115
57 97
57 72
57 162
57 126
57 94
57 86
57 139
57 99
57 89
57 63
57 131
57 178
57 124
57 149
57 166
57 183
57 110
57 197
57 129
57 81
57 125
58 112
58 134
58 59
58 102
58 190
58 148
58 186
58 197
58 139
58 98
58 71
58 158
58 119
58 149
58 138
58 69
58 137
58 151
58 60
58 194
58 181
58 78
58 192
58 163
58 155
59 112
59 199
59 187
59 142
59 94
59 83
59 96
59 191
59 146
59 73
59 186
59 89
59 109
59 133
59 114
59 149
59 129
59 110
59 144
59 104
59 158
59 118
59 189
59 99
59 185
59 177
59 74
60 146
60 150
60 78
60 142
60 121
60 88
60 104
60 89
60 124
60 191
60 95
60 136
60 138
60 172
60 133
60 149
60 100
60 140
60 74
60 103
60 151
60 192
60 194
60 69
60 181
61 163
61 172
61 174
61 162
61 136
61 74
61 179
61 98
61 97
61 90
61 170
61 164
61 101
61 106
61 71
61 115
61 116
61 67
61 180
61 167
61 68
61 76
62 89
62 80
62 149
62 159
62 142
62 108
62 160
62 65
62 177
62 165
62 93
62 120
62 185
62 95
62 191
62 124
62 145
62 119
62 158
62 94
62 198
62 168
62 101
62 75
62 174
62 188
62 172
63 194
63 183
63 174
63 126
63 175
63 78
63 170
63 66
63 157
63 116
63 197
63 182
63 173
63 171
63 107
63 167
63 191
63 149
63 118
63 132
63 96
63 199
63 93
63 97
63 133
63 108
63 139
63 164
63 143
64 82
64 181
64 130
64 127
64 158
64 92
64 102
64 136
64 125
64 156
64 90
64 177
64 160
64 143
64 79
64 174
64 75
64 84
64 80
64 188
64 104
64 128
64 74
64 163
64 83
64 72
64 169
64 184
64 196
64 140
64 107
64 123
64 146
64 189
64 121
65 165
65 95
65 183
65 194
65 134
65 115
65 90
65 176
65 152
65 137
65 124
65 82
65 79
65 87
65 99
65 91
65 125
65 129
65 80
65 116
65 173
65 102
65 154
65 161
65 83
65 86
65 157
66 169
66 170
66 123
66 146
66 180
66 131
66 189
66 72
66 116
66 80
66 85
66 117
66 141
66 105
66 97
66 193
66 181
66 186
66 152
66 77
66 82
66 165
66 79
67 119
67 155
67 145
67 97
67 191
67 179
67 96
67 177
67 104
67 172
67 180
67 167
67 170
67 68
68 100
68 198
68 104
68 136
68 172
68 94
68 93
68 186
68 194
68 177
68 71
68 132
68 92
68 169
68 173
68 126
68 149
68 167
68 76
68 170
68 180
69 124
69 117
69 141
69 111
69 162
69 99
69 156
69 179
69 77
69 94
69 81
69 73
69 151
69 190
69 178
69 76
69 199
69 98
69 96
69 138
69 194
69 192
69 181
69 78
69 149
69 163
69 155
70 184
70 188
70 112
70 144
70 109
70 152
70 128
70 96
70 182
70 80
70 148
70 126
70 166
70 110
70 151
70 134
70 162
70 155
70 105
70 118
70 120
70 100
70 193
70 135
70 137
70 153
70 195
70 106
70 160
70 150
71 78
71 97
71 92
71 124
71 134
71 159
71 146
71 88
71 117
71 128
71 87
71 116
71 111
72 152
72 108
72 124
72 146
72 160
72 75
72 194
72 186
72 93
72 77
72 167
72 190
72 165
72 78
72 174
72 123
72 149
72 168
72 192
72 169
72 141
72 107
72 121
72 189
72 184
72 84
72 140
72 196
73 89
73 93
73 167
73 138
73 155
73 148
73 108
73 199
73 188
73 78
73 169
73 170
73 180
73 111
73 152
73 137
73 132
73 130
73 175
73 179
73 118
73 144
73 131
74 78
74 156
74 118
74 99
74 149
74 140
74 76
74 125
74 144
74 155
74 133
74 105
74 187
74 80
74 104
74 185
74 177
75 109
75 86
75 93
75 115
75 108
75 174
75 179
75 95
75 126
75 98
75 84
75 119
75 106
75 199
75 187
75 141
75 139
75 148
75 85
75 166
75 136
75 96
75 186
75 124
75 145
75 94
75 198
75 168
75 80
75 188
75 158
76 187
76 125
76 182
76 139
76 155
76 176
76 170
76 101
76 158
76 88
76 167
76 177
76 90
76 181
76 180
77 161
77 132
77 179
77 186
77 93
77 110
77 144
77 106
77 165
77 176
77 83
77 158
77 123
77 185
77 79
77 82
78 146
78 107
78 137
78 190
78 88
78 192
78 167
78 161
78 151
78 138
78 194
78 181
78 149
78 163
79 186
79 167
79 176
79 187
79 107
79 195
79 161
79 164
79 196
79 194
79 91
79 170
79 119
79 189
79 165
79 82
80 197
80 98
80 92
80 96
80 142
80 147
80 135
80 189
80 84
80 81
80 182
80 94
80 133
80 101
80 110
80 184
80 124
80 145
80 119
80 198
80 168
80 158
80 174
80 172
80 188
81 112
81 110
81 119
81 191
81 135
81 174
81 117
81 87
81 158
81 169
81 94
81 121
81 105
81 109
81 166
81 126
81 129
81 125
81 197
81 183
82 88
82 173
82 138
82 182
82 195
82 174
82 99
82 160
82 101
82 126
82 190
82 196
82 104
82 84
82 142
82 197
82 139
82 169
82 141
82 165
83 109
83 122
83 102
83 194
83 158
83 157
83 146
83 187
83 137
83 128
83 130
83 154
83 167
83 173
83 161
83 86
84 154
84 182
84 133
84 100
84 112
84 85
84 152
84 138
84 98
84 120
84 90
84 172
84 115
84 110
84 142
84 127
84 192
84 169
84 146
84 141
84 184
84 140
84 196
84 189
84 123
84 121
84 107
85 151
85 183
85 167
85 175
85 187
85 130
85 189
85 148
85 101
85 160
85 90
85 173
85 103
85 180
85 114
85 182
85 150
85 169
85 117
85 128
85 111
85 88
85 147
85 87
85 116
86 165
86 115
86 146
86 164
86 131
86 168
86 142
86 90
86 124
86 108
86 187
86 171
86 117
86 87
86 154
86 129
86 96
86 193
86 128
86 107
86 92
86 161
86 157
86 173
86 102
87 184
87 128
87 105
87 150
87 118
87 192
87 151
87 156
87 132
87 142
87 134
87 125
87 98
87 122
87 189
87 197
87 163
87 153
87 188
87 199
87 179
87 143
87 88
87 117
87 111
87 116
87 147
88 129
88 163
88 130
88 140
88 95
88 167
88 191
88 89
88 169
88 105
88 117
88 158
88 147
88 128
88 116
88 111
89 183
89 182
89 131
89 108
89 163
89 116
89 99
89 143
89 90
89 193
89 192
89 197
89 122
89 179
89 151
89 158
89 180
89 91
89 190
89 162
89 167
89 132
89 113
89 136
89 159
90 173
90 175
90 138
90 159
90 142
90 198
90 140
90 192
90 108
90 149
90 121
90 123
90 187
90 134
90 114
90 156
90 191
90 95
91 159
91 117
91 150
91 199
91 162
91 95
91 196
91 114
91 151
91 107
91 154
91 188
91 111
91 103
91 146
91 175
91 186
91 142
91 92
91 178
91 105
92 101
92 167
92 173
92 125
92 116
92 150
92 146
92 94
92 143
92 172
92 171
92 190
92 129
92 120
92 113
92 131
92 130
92 192
92 161
92 186
92 142
92 105
92 178
93 169
93 156
93 128
93 186
93 116
93 187
93 96
93 140
93 177
93 185
93 178
93 94
93 188
93 132
93 108
93 133
93 199
93 182
93 143
93 139
93 164
93 97
94 96
94 117
94 192
94 156
94 148
94 175
94 106
94 121
94 193
94 126
94 108
94 122
94 124
94 145
94 119
94 158
94 174
94 168
94 101
94 198
95 118
95 160
95 161
95 121
95 189
95 194
95 192
95 108
95 141
95 124
95 166
95 134
95 156
95 191
95 114
96 162
96 102
96 134
96 164
96 111
96 121
96 118
96 187
96 125
96 129
96 132
96 108
96 97
96 182
96 143
96 133
96 199
96 139
97 144
97 168
97 171
97 170
97 179
97 150
97 140
97 161
97 191
97 149
97 156
97 182
97 132
97 133
97 199
97 164
97 139
97 143
97 108
98 144
98 185
98 128
98 173
98 156
98 118
98 99
98 101
98 116
98 133
98 122
98 103
98 106
98 169
98 115
98 112
98 152
99 164
99 129
99 100
99 151
99 161
99 144
99 111
99 131
99 114
99 152
99 139
99 148
99 132
99 119
99 104
99 185
99 177
100 185
100 108
100 142
100 190
100 177
100 110
100 107
100 174
100 130
100 120
100 113
100 128
100 167
100 143
100 197
100 102
100 170
100 109
100 193
100 106
100 195
100 150
100 160
100 135
100 137
100 153
101 182
101 145
101 122
101 167
101 131
101 116
101 137
101 140
101 123
101 139
101 136
101 179
101 130
101 146
101 144
101 189
101 114
101 184
101 124
101 119
101 198
101 168
101 188
101 158
101 174
101 172
102 168
102 180
102 165
102 142
102 134
102 161
102 173
102 136
102 157
102 105
102 154
103 135
103 191
103 175
103 104
103 170
103 114
103 198
103 159
103 115
103 139
103 158
103 130
103 138
103 161
103 134
104 109
104 141
104 134
104 122
104 133
104 159
104 111
104 106
104 153
104 176
104 120
104 142
104 199
104 185
104 177
105 189
105 106
105 160
105 143
105 165
105 152
105 178
105 136
105 111
105 150
105 174
105 137
105 175
105 182
105 183
105 109
105 186
105 142
106 110
106 196
106 134
106 111
106 191
106 188
106 178
106 193
106 170
106 183
106 173
106 130
106 187
106 151
106 109
106 120
106 135
106 150
106 195
106 137
106 160
107 173
107 108
107 166
107 178
107 191
107 194
107 128
107 135
107 113
107 197
107 169
107 110
107 196
107 198
107 111
107 146
107 184
107 140
107 189
107 121
108 199
108 176
108 136
108 110
108 172
108 112
108 144
108 118
108 169
108 166
108 161
108 182
108 139
108 133
108 164
108 143
109 165
109 133
109 131
109 190
109 146
109 129
109 154
109 112
109 182
109 151
109 174
109 150
109 160
109 120
109 135
109 193
109 137
109 153
109 195
110 181
110 125
110 123
110 176
110 178
110 154
110 147
110 196
110 120
110 166
110 195
110 168
110 127
110 126
110 183
110 129
110 197
111 121
111 166
111 193
111 173
111 163
111 155
111 122
111 128
111 185
111 124
111 129
111 162
111 187
111 127
111 117
111 116
111 147
112 174
112 125
112 187
112 195
112 121
112 171
112 162
112 122
112 151
112 146
112 176
112 196
112 119
112 115
112 152
113 197
113 142
113 128
113 185
113 124
113 115
113 125
113 163
113 136
114 195
114 176
114 138
114 155
114 181
114 149
114 186
114 150
114 172
114 162
114 141
114 134
114 156
114 191
115 167
115 118
115 150
115 155
115 188
115 163
115 144
115 178
115 196
115 129
115 164
115 152
116 180
116 126
116 145
116 199
116 175
116 146
116 120
116 168
116 174
116 124
116 185
116 186
116 117
116 128
116 147
117 157
117 149
117 164
117 153
117 138
117 151
117 125
117 165
117 120
117 147
117 128
118 194
118 141
118 195
118 179
118 143
118 163
118 133
118 170
118 185
118 131
118 197
118 134
118 167
118 158
118 120
118 190
118 130
118 144
118 175
119 166
119 194
119 145
119 182
119 181
119 176
119 183
119 156
119 138
119 174
119 142
119 158
119 123
119 188
119 124
119 198
119 168
119 172
120 126
120 196
120 192
120 150
120 124
120 125
120 157
120 193
120 153
120 137
120 160
120 135
120 195
121 164
121 152
121 190
121 135
121 179
121 197
121 156
121 196
121 183
121 169
121 141
121 184
121 189
121 140
122 183
122 143
122 144
122 187
122 193
122 166
122 195
122 156
122 167
122 124
122 191
122 162
122 148
122 171
122 176
123 149
123 132
123 127
123 130
123 199
123 187
123 135
123 169
123 146
123 184
123 140
123 196
123 189
123 141
124 181
124 150
124 180
124 133
124 159
124 141
124 176
124 174
124 198
124 188
124 145
124 168
124 172
124 158
125 172
125 148
125 143
125 186
125 128
125 181
125 177
125 192
125 163
125 132
125 195
125 184
125 166
125 173
125 158
125 152
125 144
125 133
125 126
125 129
125 197
125 183
126 169
126 186
126 163
126 198
126 171
126 144
126 174
126 166
126 156
126 129
126 183
126 197
127 183
127 132
127 158
127 195
127 135
127 159
127 168
127 140
127 143
128 191
128 138
128 135
128 178
128 148
128 139
128 147
129 141
129 166
129 130
129 143
129 197
129 159
129 158
129 135
129 178
129 146
129 182
129 183
129 152
129 164
130 131
130 185
130 181
130 172
130 179
130 198
130 182
130 136
130 194
130 137
130 162
130 175
130 144
130 190
131 138
131 169
131 183
131 191
131 195
131 157
131 148
131 160
131 162
131 197
131 156
131 175
131 190
131 179
131 144
132 189
132 172
132 197
132 165
132 144
132 186
132 143
132 199
132 182
132 133
132 164
132 139
133 180
133 141
133 137
133 152
133 164
133 179
133 140
133 184
133 148
133 187
133 182
133 143
133 199
133 139
134 139
134 150
134 146
134 182
134 180
134 188
134 175
134 159
134 147
134 155
134 152
134 178
134 141
134 168
134 196
134 156
134 191
135 190
135 143
135 175
135 179
135 191
135 178
135 147
135 193
135 160
135 150
135 153
135 137
135 195
136 161
136 198
136 167
136 145
136 155
136 149
136 180
136 174
136 152
136 159
137 177
137 156
137 171
137 179
137 172
137 163
137 175
137 193
137 160
137 150
137 153
137 195
138 183
138 164
138 169
138 197
138 190
138 151
138 194
138 192
138 181
138 149
138 155
138 163
139 164
139 154
139 142
139 170
139 148
139 177
139 199
139 155
139 181
139 172
139 189
139 196
139 182
139 143
140 160
140 191
140 162
140 187
140 195
140 152
140 150
140 196
140 161
140 170
140 186
140 146
140 184
140 141
140 169
140 189
141 150
141 177
141 199
141 189
141 176
141 158
141 182
141 156
141 147
141 174
141 180
141 184
141 196
141 146
141 169
142 150
142 173
142 198
142 181
142 169
142 186
142 178
143 193
143 179
143 161
143 155
143 182
143 199
143 164
144 187
144 178
144 193
144 180
144 172
144 183
144 197
144 175
144 190
144 179
145 151
145 167
145 197
145 177
145 185
145 184
145 194
145 158
145 188
145 168
145 172
145 198
145 174
146 153
146 168
146 162
146 181
146 180
146 195
146 169
146 196
146 189
146 184
147 173
147 196
147 191
147 166
147 186
148 197
148 184
148 175
148 179
148 180
148 152
148 166
148 150
148 162
148 176
148 171
149 186
149 182
149 168
149 198
149 176
149 158
149 151
149 193
149 153
149 161
149 194
149 181
149 155
149 163
149 192
150 153
150 173
150 161
150 177
150 193
150 160
150 195
151 156
151 181
151 162
151 178
151 155
151 192
151 163
151 194
152 166
152 199
152 188
152 192
152 197
152 169
152 183
153 154
153 196
153 181
153 173
153 189
153 169
153 193
153 160
153 195
154 155
154 171
154 161
154 173
154 157
155 188
155 169
155 195
155 172
155 182
155 189
155 175
155 194
155 174
155 192
155 181
156 157
156 172
156 195
156 175
156 191
157 173
157 163
157 170
157 191
157 161
158 162
158 181
158 197
158 194
158 199
158 196
158 167
158 166
158 193
158 174
158 168
158 198
159 180
159 188
160 165
160 169
160 192
160 196
160 194
160 193
160 195
161 167
161 189
161 199
161 176
161 198
161 166
161 162
161 173
162 171
162 167
162 177
162 186
162 198
162 176
163 181
163 176
163 183
163 165
163 199
163 174
163 194
163 192
164 169
164 182
164 199
165 178
165 179
165 171
165 170
165 168
165 180
165 184
165 187
166 173
166 197
166 183
167 178
167 171
167 170
167 196
167 172
167 187
167 180
168 190
168 178
168 197
168 170
168 198
168 188
168 172
169 171
169 184
169 172
169 197
169 196
169 189
170 193
170 199
170 180
171 179
171 185
171 186
171 176
172 193
172 182
172 176
172 188
172 198
172 174
173 175
173 198
173 185
173 195
173 176
173 178
173 196
174 197
174 188
174 195
174 198
175 197
175 195
175 181
175 184
175 190
175 179
177 189
177 192
177 185
178 186
179 196
179 185
179 191
179 190
180 196
181 196
181 186
181 188
181 194
181 192
182 194
182 199
183 199
183 193
183 195
183 192
183 197
184 198
184 194
184 189
184 196
185 189
185 186
186 198
187 191
188 199
188 198
189 199
189 196
190 191
191 199
192 198
192 196
192 199
192 194
193 199
193 198
193 195
195 197
198 199
