100 312
0 16
1 47
1 5
1 45
1 44
1 25
1 38
1 96
1 56
1 14
1 78
1 41
1 10
1 92
1 97
2 62
2 7
2 71
3 49
4 38
4 16
4 68
5 31
5 47
5 30
5 9
5 50
5 15
5 70
5 60
5 39
5 51
5 7
5 54
6 13
6 68
6 52
6 57
6 72
6 88
7 12
7 15
7 70
7 39
7 54
7 51
7 60
8 34
8 39
9 66
10 96
10 38
10 56
10 78
10 41
10 97
10 92
10 14
11 80
12 49
13 20
13 82
14 90
14 62
14 55
14 44
14 38
14 96
14 56
14 41
14 92
14 97
14 78
15 52
15 60
15 39
15 54
15 70
15 51
16 33
16 25
16 27
16 58
16 80
16 81
16 24
16 44
16 40
16 84
17 94
17 98
18 50
18 79
18 41
18 62
18 28
19 60
19 53
20 29
20 76
20 30
20 82
21 36
21 80
21 25
21 63
21 59
21 85
21 91
21 48
21 74
22 62
22 76
22 25
23 72
23 24
23 50
23 46
23 87
24 35
24 53
24 77
24 81
24 44
24 27
24 84
25 76
25 44
25 29
25 85
25 59
25 48
25 91
25 74
25 63
26 51
26 52
27 57
27 80
27 81
27 44
27 40
27 84
28 53
28 62
29 44
29 30
29 42
29 32
29 86
30 87
30 44
30 43
30 86
30 42
30 32
31 82
31 74
31 70
32 68
32 86
32 42
33 92
33 40
33 39
33 66
33 75
34 58
34 65
34 40
34 97
34 79
34 71
34 36
34 95
35 73
35 66
36 63
36 51
36 95
36 71
36 65
37 55
37 77
37 52
38 67
38 93
38 41
38 56
38 92
38 96
38 78
38 97
39 77
39 70
39 51
39 60
39 54
40 44
40 80
40 84
40 81
41 91
41 96
41 56
41 78
41 92
41 97
42 98
42 86
43 77
43 57
44 96
44 78
44 77
44 80
44 81
44 84
46 64
46 67
46 87
48 67
48 59
48 99
48 63
48 91
48 85
48 74
49 81
49 72
49 85
49 98
49 82
50 79
51 92
51 70
51 60
51 54
52 68
52 72
52 88
52 57
53 59
54 70
54 60
55 76
56 75
56 94
56 87
56 96
56 92
56 78
56 97
57 94
57 89
57 88
57 72
57 68
58 69
59 73
59 81
59 63
59 91
59 85
59 74
60 84
60 70
61 84
61 83
61 94
63 66
63 91
63 74
63 85
65 76
65 95
65 71
66 87
66 85
66 69
66 75
67 86
68 81
68 72
68 88
69 77
70 99
70 77
71 95
72 88
73 89
73 86
74 97
74 77
74 85
74 91
75 85
76 79
78 96
78 97
78 92
79 84
80 84
80 81
81 93
81 84
85 91
87 90
87 89
92 96
92 97
96 97
