50 102
0 49
0 27
0 11
0 1
0 39
1 33
1 11
1 39
2 33
2 37
2 47
2 15
2 49
3 38
4 48
4 30
4 25
4 17
4 16
4 49
5 26
5 44
5 42
5 33
5 32
6 40
6 41
6 48
6 12
7 12
7 35
8 41
8 25
9 17
9 28
9 18
9 40
9 45
10 41
10 24
11 27
11 17
11 21
11 29
11 39
12 17
12 37
12 30
12 24
12 42
12 41
12 48
13 49
13 39
14 42
14 22
14 19
15 36
15 23
16 46
16 20
16 49
16 17
16 25
17 49
17 25
18 35
18 40
18 28
18 45
21 24
21 40
22 44
23 35
23 28
24 38
25 49
27 35
27 38
28 39
28 40
28 45
29 44
31 37
31 34
31 47
32 48
32 35
32 44
32 42
32 33
33 42
33 44
35 41
35 37
38 42
39 47
40 45
41 48
42 44
44 45
46 47
