80 149
0 72
0 21
0 37
1 60
1 9
2 14
2 29
3 64
3 34
3 49
3 59
3 21
3 14
4 13
4 57
4 33
4 54
4 63
4 74
4 41
5 55
5 54
6 63
6 65
7 49
7 28
7 41
8 34
9 60
9 35
9 52
9 10
10 32
10 42
10 35
10 52
11 23
12 64
12 27
13 41
13 37
14 74
14 32
14 40
14 78
14 30
14 73
15 69
16 50
16 77
16 54
17 72
18 77
18 33
18 50
19 56
19 62
19 41
20 74
21 73
21 66
21 63
21 74
21 41
22 49
22 27
22 67
22 54
22 75
23 71
24 50
24 33
24 53
24 38
24 65
24 56
25 56
25 33
26 42
26 39
28 32
29 78
29 56
29 67
29 54
29 75
30 64
30 40
30 73
30 78
31 42
31 45
31 38
31 57
31 32
31 77
32 67
32 68
32 79
32 57
32 77
33 53
33 60
33 71
34 48
35 42
35 72
35 75
35 52
38 53
38 65
38 56
40 43
40 73
40 78
41 52
41 63
41 74
43 78
44 66
44 69
46 53
46 71
46 50
47 51
50 59
50 71
53 65
53 56
54 64
54 67
54 75
55 76
55 71
56 61
56 65
57 77
59 76
61 74
63 77
63 78
63 70
63 74
66 71
66 69
67 71
67 75
69 76
73 78
