p edges 537 2844
e 1 2 1
e 1 3 1
e 1 4 1
e 1 9 1
e 1 62 3
e 2 3 1
e 2 4 159
e 2 8 1
e 2 9 70
e 2 10 3
e 2 13 5
e 2 14 3
e 2 18 2
e 2 20 20
e 2 21 8
e 2 22 5
e 2 23 4
e 2 24 1
e 2 25 27
e 2 27 2
e 2 30 2
e 2 32 1
e 2 33 1
e 2 42 2
e 2 43 4
e 2 44 3
e 2 51 5
e 2 55 2
e 2 56 1
e 2 58 1
e 2 59 1
e 2 62 1
e 2 63 1
e 2 66 2
e 2 76 2
e 2 77 1
e 2 81 1
e 2 88 1
e 2 89 1
e 2 91 1
e 2 92 1
e 2 95 1
e 2 96 1
e 2 98 1
e 2 103 3
e 2 107 7
e 2 108 3
e 2 109 5
e 2 110 3
e 2 111 1
e 2 113 1
e 2 114 1
e 2 116 1
e 2 119 1
e 2 120 1
e 2 123 1
e 2 124 1
e 2 127 2
e 2 128 1
e 2 130 1
e 2 134 1
e 2 138 1
e 2 139 1
e 2 140 1
e 2 141 1
e 2 146 1
e 2 152 1
e 2 157 2
e 2 166 2
e 2 170 1
e 2 172 1
e 2 181 1
e 2 185 3
e 2 187 1
e 2 188 3
e 2 189 1
e 2 190 3
e 2 191 1
e 2 196 1
e 2 197 6
e 2 200 1
e 2 206 2
e 2 207 2
e 2 216 1
e 2 222 2
e 2 224 1
e 2 225 1
e 2 226 1
e 2 227 2
e 2 229 2
e 2 231 1
e 2 234 2
e 2 240 3
e 2 244 2
e 2 246 2
e 2 247 6
e 2 248 4
e 2 249 2
e 2 250 2
e 2 251 2
e 2 252 4
e 2 253 2
e 2 254 3
e 2 255 2
e 2 256 2
e 2 273 1
e 2 274 1
e 2 278 1
e 2 280 2
e 2 290 1
e 2 301 1
e 2 316 2
e 2 320 1
e 2 326 2
e 2 327 2
e 2 336 1
e 2 341 1
e 2 348 1
e 2 349 1
e 2 352 1
e 2 355 1
e 2 356 1
e 2 364 2
e 2 382 2
e 2 384 1
e 2 385 1
e 2 388 1
e 2 389 1
e 2 393 1
e 2 400 1
e 2 401 1
e 2 407 1
e 2 415 1
e 2 422 1
e 2 428 1
e 2 430 1
e 2 431 1
e 2 432 3
e 2 433 1
e 2 488 1
e 2 490 1
e 2 492 1
e 2 519 1
e 3 4 1
e 3 5 2
e 3 19 1
e 3 27 2
e 3 28 2
e 3 29 2
e 3 70 1
e 4 2 12
e 4 9 64
e 4 16 2
e 4 19 2
e 4 21 3
e 4 22 1
e 4 26 1
e 4 27 1
e 4 42 2
e 4 51 4
e 4 55 2
e 4 58 1
e 4 59 1
e 4 116 1
e 4 139 1
e 4 157 2
e 4 190 2
e 4 191 1
e 4 197 6
e 4 200 1
e 4 222 2
e 4 224 1
e 4 225 1
e 4 226 1
e 4 229 2
e 4 242 2
e 4 244 3
e 4 247 5
e 4 248 5
e 4 252 4
e 4 255 2
e 4 272 1
e 4 273 1
e 4 278 1
e 4 290 1
e 4 349 1
e 4 395 2
e 4 415 1
e 4 428 1
e 5 2 2
e 5 4 2
e 5 9 1
e 5 10 2
e 5 11 4
e 5 14 4
e 5 75 1
e 5 76 1
e 5 107 1
e 5 109 1
e 6 1 1
e 6 3 2
e 6 5 2
e 7 1 2
e 8 1 1
e 8 3 2
e 8 9 1
e 8 24 1
e 8 25 4
e 8 64 3
e 8 65 2
e 8 66 3
e 9 2 2
e 9 4 5
e 9 8 2
e 9 13 4
e 9 14 4
e 9 15 4
e 9 21 4
e 9 42 2
e 9 50 2
e 9 55 2
e 9 56 1
e 9 104 18
e 9 106 2
e 9 117 2
e 9 122 1
e 9 128 1
e 9 132 4
e 9 141 1
e 9 153 3
e 9 159 1
e 9 170 1
e 9 180 1
e 9 198 2
e 9 212 5
e 9 222 2
e 9 224 1
e 9 225 1
e 9 226 1
e 9 229 2
e 9 232 1
e 9 257 1
e 9 260 4
e 9 261 5
e 9 263 4
e 9 265 5
e 9 266 1
e 9 267 6
e 9 270 2
e 9 278 1
e 9 295 2
e 9 354 1
e 9 424 1
e 9 428 1
e 9 434 1
e 10 4 3
e 10 5 1
e 10 9 1
e 10 11 2
e 10 12 2
e 11 2 1
e 11 4 1
e 11 5 2
e 11 9 4
e 11 12 4
e 11 13 4
e 11 14 4
e 11 15 4
e 11 19 3
e 11 22 1
e 11 27 1
e 11 29 1
e 11 34 6
e 11 35 2
e 11 171 1
e 11 301 1
e 11 390 1
e 12 9 1
e 12 11 4
e 12 19 1
e 12 27 2
e 12 29 2
e 12 54 2
e 12 56 2
e 12 354 1
e 13 2 1
e 13 4 1
e 13 5 4
e 13 9 1
e 13 14 47
e 13 15 4
e 13 19 1
e 13 20 5
e 13 21 3
e 13 22 6
e 13 23 4
e 13 25 5
e 13 27 2
e 13 37 2
e 13 41 1
e 13 42 1
e 13 44 3
e 13 47 4
e 13 51 1
e 13 54 2
e 13 55 1
e 13 76 1
e 13 84 9
e 13 102 2
e 13 107 1
e 13 151 1
e 13 163 1
e 13 181 1
e 13 182 1
e 13 186 1
e 13 214 1
e 13 216 2
e 13 219 1
e 13 233 1
e 13 325 2
e 13 357 1
e 13 371 1
e 13 396 2
e 13 397 2
e 14 13 14
e 14 15 4
e 14 19 1
e 14 21 2
e 14 22 3
e 14 23 4
e 14 29 1
e 14 37 2
e 14 41 1
e 14 47 4
e 14 48 2
e 14 53 2
e 14 54 2
e 14 55 2
e 14 76 1
e 14 83 2
e 14 86 2
e 14 107 1
e 14 151 1
e 14 182 1
e 14 214 1
e 14 233 1
e 14 371 1
e 15 2 2
e 15 4 2
e 15 16 2
e 16 2 2
e 16 13 1
e 16 14 1
e 16 17 4
e 16 182 1
e 17 18 2
e 18 2 2
e 18 3 1
e 18 4 3
e 18 9 9
e 18 12 1
e 18 19 13
e 18 20 1
e 18 22 2
e 18 37 1
e 18 68 1
e 18 69 1
e 18 71 1
e 18 73 1
e 18 74 1
e 18 94 1
e 18 99 1
e 18 100 1
e 18 101 1
e 18 153 3
e 18 158 2
e 18 420 1
e 18 426 1
e 18 448 1
e 19 2 4
e 19 4 1
e 19 9 1
e 19 13 5
e 19 14 5
e 19 18 1
e 19 20 1
e 19 21 3
e 19 22 9
e 19 23 3
e 19 27 1
e 19 29 1
e 19 40 2
e 19 44 1
e 19 47 4
e 19 49 2
e 19 51 1
e 19 53 1
e 19 54 2
e 19 76 10
e 19 78 1
e 19 107 2
e 19 111 2
e 19 113 2
e 19 143 3
e 19 147 3
e 19 165 1
e 19 194 2
e 19 201 1
e 19 301 1
e 19 316 1
e 19 318 1
e 19 343 1
e 19 390 1
e 20 4 7
e 20 9 3
e 20 14 3
e 20 23 4
e 20 25 13
e 20 32 1
e 20 44 3
e 20 123 1
e 20 132 1
e 20 190 2
e 20 212 1
e 20 234 1
e 20 242 2
e 20 341 1
e 20 348 1
e 21 13 4
e 21 14 5
e 21 20 5
e 21 22 2
e 21 23 12
e 21 25 5
e 21 38 1
e 21 41 1
e 21 42 2
e 21 43 3
e 21 44 3
e 21 46 2
e 21 49 2
e 21 115 1
e 21 149 1
e 21 185 3
e 21 193 1
e 21 195 2
e 21 203 1
e 21 209 1
e 21 281 3
e 21 297 2
e 21 320 1
e 21 379 2
e 22 2 4
e 22 4 8
e 22 9 8
e 22 14 3
e 22 19 2
e 22 21 2
e 22 23 1
e 22 25 1
e 22 29 3
e 22 31 1
e 22 37 1
e 22 40 2
e 22 41 1
e 22 54 1
e 22 55 3
e 22 76 1
e 22 107 1
e 22 120 1
e 22 125 2
e 22 147 3
e 22 161 1
e 22 169 1
e 22 207 1
e 22 208 2
e 22 227 2
e 22 239 1
e 22 280 2
e 22 281 6
e 22 309 1
e 22 347 1
e 22 351 1
e 22 373 1
e 22 374 1
e 22 379 2
e 22 381 2
e 22 382 2
e 23 2 2
e 23 4 2
e 23 9 4
e 23 13 2
e 23 14 2
e 23 21 14
e 23 22 2
e 23 25 1
e 23 37 1
e 23 38 1
e 23 46 2
e 23 48 2
e 23 49 2
e 23 50 2
e 23 52 2
e 23 112 1
e 23 115 1
e 23 149 1
e 23 185 1
e 23 195 2
e 23 280 2
e 23 281 2
e 23 297 2
e 23 409 1
e 24 4 1
e 24 25 1
e 24 26 1
e 25 4 1
e 25 9 4
e 25 14 3
e 25 20 1
e 25 21 1
e 25 22 1
e 25 23 4
e 25 44 3
e 25 64 1
e 25 107 1
e 25 123 1
e 25 128 1
e 25 167 1
e 25 172 1
e 25 173 1
e 25 189 1
e 25 190 1
e 25 221 1
e 25 231 2
e 25 234 3
e 25 238 2
e 25 274 1
e 25 338 1
e 25 344 1
e 25 348 1
e 25 350 1
e 25 352 1
e 25 356 1
e 25 416 1
e 26 8 2
e 26 9 2
e 27 4 1
e 27 9 6
e 27 12 2
e 27 13 2
e 27 14 2
e 27 19 1
e 27 22 11
e 27 28 2
e 27 29 12
e 27 31 1
e 27 40 2
e 27 42 1
e 27 55 1
e 27 59 1
e 27 76 1
e 27 107 1
e 27 117 2
e 27 122 1
e 27 144 1
e 27 148 1
e 27 184 1
e 27 198 2
e 27 199 4
e 27 202 1
e 27 231 1
e 27 279 2
e 27 281 6
e 27 284 1
e 27 285 1
e 27 286 1
e 27 287 1
e 27 288 1
e 27 289 1
e 27 346 2
e 27 385 2
e 28 29 2
e 28 30 1
e 29 2 1
e 29 4 1
e 29 9 5
e 29 12 2
e 29 13 2
e 29 14 1
e 29 19 1
e 29 22 8
e 29 27 40
e 29 31 1
e 29 40 2
e 29 56 2
e 29 59 1
e 29 76 1
e 29 107 3
e 29 117 2
e 29 122 1
e 29 140 1
e 29 144 1
e 29 148 1
e 29 156 2
e 29 184 1
e 29 194 2
e 29 198 2
e 29 199 4
e 29 202 1
e 29 231 1
e 29 281 6
e 29 284 1
e 29 285 1
e 29 286 1
e 29 287 1
e 29 288 1
e 29 289 1
e 29 301 1
e 29 331 1
e 29 346 2
e 29 365 1
e 29 385 2
e 29 386 2
e 29 427 1
e 30 4 2
e 30 22 1
e 30 27 1
e 30 29 1
e 30 31 1
e 30 36 1
e 31 32 4
e 31 33 2
e 31 49 1
e 31 94 2
e 31 333 1
e 32 2 2
e 32 4 1
e 32 11 4
e 32 20 2
e 32 33 4
e 32 34 4
e 32 166 2
e 32 358 2
e 33 4 1
e 33 5 4
e 33 11 8
e 33 34 4
e 33 35 4
e 34 2 1
e 34 5 2
e 34 25 1
e 34 35 2
e 34 422 1
e 35 5 6
e 35 9 3
e 35 11 4
e 35 13 2
e 35 14 2
e 35 18 3
e 35 153 3
e 35 396 2
e 36 11 1
e 36 19 1
e 37 2 1
e 37 4 1
e 37 9 1
e 37 18 1
e 37 21 1
e 37 22 1
e 37 38 1
e 37 40 2
e 37 107 2
e 37 108 2
e 38 39 4
e 39 22 2
e 39 27 2
e 39 29 2
e 39 40 2
e 39 42 1
e 39 52 1
e 40 13 1
e 40 14 1
e 40 21 1
e 40 22 2
e 40 27 3
e 40 29 3
e 40 41 1
e 40 76 2
e 40 107 7
e 40 109 1
e 40 111 2
e 40 113 1
e 40 118 2
e 40 122 1
e 40 146 2
e 40 152 2
e 40 162 2
e 40 164 4
e 40 179 1
e 40 183 1
e 40 204 2
e 40 215 1
e 40 217 2
e 40 316 1
e 40 317 1
e 41 2 2
e 41 4 2
e 41 9 2
e 41 21 4
e 41 42 2
e 41 203 1
e 41 209 1
e 42 14 1
e 42 29 1
e 42 43 2
e 42 44 1
e 42 45 1
e 42 205 1
e 42 210 1
e 43 13 3
e 43 14 3
e 43 19 1
e 43 20 3
e 43 23 3
e 43 25 4
e 43 44 7
e 43 45 1
e 43 54 2
e 43 76 1
e 43 122 1
e 43 353 1
e 44 14 3
e 44 23 3
e 44 42 1
e 44 43 3
e 44 45 1
e 44 53 2
e 44 54 2
e 44 122 1
e 44 353 1
e 45 20 2
e 45 42 1
e 45 43 1
e 45 44 1
e 45 46 6
e 45 76 1
e 45 124 2
e 45 176 2
e 46 13 3
e 46 14 3
e 46 19 2
e 46 22 2
e 46 27 1
e 46 29 1
e 46 37 2
e 47 19 1
e 47 53 1
e 47 54 1
e 48 13 2
e 48 21 2
e 49 2 1
e 49 4 1
e 49 9 1
e 49 22 4
e 49 25 1
e 49 53 3
e 49 54 3
e 49 55 3
e 49 137 1
e 49 184 1
e 49 224 1
e 49 337 1
e 50 2 4
e 50 4 4
e 50 21 2
e 50 51 4
e 51 14 1
e 51 20 1
e 51 21 1
e 51 22 1
e 51 23 1
e 51 25 1
e 51 54 1
e 51 119 1
e 51 196 2
e 52 21 2
e 52 42 1
e 52 46 2
e 53 12 2
e 53 13 2
e 53 19 1
e 53 22 4
e 53 43 2
e 53 51 1
e 53 54 13
e 53 55 6
e 53 60 6
e 53 237 2
e 54 22 3
e 54 53 8
e 54 55 12
e 54 57 2
e 54 60 6
e 54 213 1
e 54 237 2
e 55 1 1
e 55 9 2
e 55 13 1
e 55 19 2
e 55 29 1
e 55 40 2
e 55 42 4
e 55 45 2
e 55 46 2
e 55 47 2
e 55 48 2
e 55 51 2
e 55 53 6
e 55 60 6
e 55 61 1
e 55 62 1
e 55 67 2
e 55 76 2
e 55 79 2
e 55 92 2
e 55 96 1
e 55 107 4
e 55 108 3
e 55 110 2
e 55 114 2
e 55 126 2
e 55 132 1
e 55 140 2
e 55 141 2
e 55 162 2
e 55 164 2
e 55 170 2
e 55 171 2
e 55 185 2
e 55 207 2
e 55 212 3
e 55 218 2
e 55 257 2
e 55 258 3
e 55 259 2
e 55 261 2
e 55 264 2
e 55 265 2
e 55 266 3
e 55 267 1
e 55 268 3
e 55 269 3
e 55 275 1
e 55 276 3
e 55 277 3
e 55 348 2
e 55 357 1
e 55 463 2
e 55 519 2
e 56 4 1
e 56 12 4
e 56 27 4
e 56 29 2
e 56 53 2
e 56 54 2
e 56 272 2
e 56 281 1
e 56 285 1
e 56 286 1
e 56 287 1
e 56 288 1
e 56 289 1
e 56 290 1
e 56 294 2
e 57 22 1
e 57 53 2
e 57 55 2
e 57 76 3
e 57 310 1
e 57 312 1
e 57 314 1
e 57 373 1
e 57 374 2
e 57 375 1
e 57 401 3
e 57 402 7
e 57 405 2
e 57 406 2
e 58 27 1
e 58 29 1
e 58 59 1
e 58 192 1
e 58 193 1
e 58 251 1
e 59 58 10
e 59 192 1
e 59 193 1
e 59 244 1
e 59 246 1
e 59 249 1
e 59 250 1
e 59 251 1
e 59 252 2
e 59 253 1
e 59 254 1
e 61 1 1
e 61 62 1
e 62 2 1
e 62 4 2
e 62 9 1
e 62 63 1
e 63 4 1
e 63 8 2
e 63 64 2
e 63 65 2
e 64 4 1
e 64 8 2
e 64 25 2
e 64 65 2
e 64 247 1
e 64 248 1
e 64 272 1
e 64 416 1
e 64 423 1
e 64 425 1
e 65 64 2
e 66 2 1
e 66 4 3
e 66 9 1
e 66 21 1
e 66 23 1
e 66 25 4
e 66 58 1
e 66 59 1
e 66 64 3
e 66 107 1
e 66 109 1
e 66 240 1
e 66 251 1
e 66 408 1
e 66 409 1
e 67 1 2
e 67 62 2
e 68 1 1
e 68 6 1
e 68 19 1
e 69 3 1
e 69 19 1
e 69 70 1
e 70 1 1
e 71 2 1
e 71 4 1
e 71 10 1
e 71 19 1
e 72 73 2
e 73 5 2
e 73 19 1
e 74 19 1
e 74 51 1
e 74 75 1
e 75 5 1
e 75 51 1
e 75 76 1
e 75 408 2
e 76 2 1
e 76 4 1
e 76 9 1
e 76 13 1
e 76 20 2
e 76 25 2
e 76 27 2
e 76 29 2
e 76 44 1
e 76 107 2
e 76 109 1
e 76 110 1
e 76 142 2
e 76 194 2
e 76 260 1
e 76 268 1
e 76 402 2
e 76 406 2
e 77 4 1
e 77 9 1
e 77 19 1
e 77 78 1
e 79 80 2
e 80 2 1
e 80 4 1
e 80 81 1
e 81 4 1
e 81 12 2
e 81 82 2
e 82 12 4
e 82 13 11
e 82 14 11
e 82 83 2
e 82 84 9
e 83 13 2
e 84 14 9
e 85 13 2
e 85 14 2
e 85 86 2
e 86 2 1
e 86 4 1
e 86 13 2
e 86 56 1
e 87 11 1
e 87 13 1
e 87 14 1
e 87 51 1
e 88 2 2
e 88 4 3
e 88 9 1
e 88 30 2
e 89 4 1
e 89 9 1
e 89 90 2
e 90 2 1
e 90 4 1
e 90 91 1
e 91 4 1
e 91 12 2
e 91 82 2
e 92 4 1
e 92 9 1
e 92 93 2
e 93 2 1
e 93 4 1
e 93 95 1
e 94 9 1
e 94 420 1
e 95 4 1
e 95 33 2
e 96 4 1
e 96 9 1
e 96 97 2
e 97 2 1
e 97 4 1
e 97 33 1
e 98 2 1
e 98 4 2
e 98 9 1
e 98 32 1
e 99 5 2
e 99 13 2
e 99 14 2
e 99 19 1
e 100 5 2
e 100 13 2
e 100 14 2
e 100 19 1
e 101 13 2
e 101 14 2
e 101 19 1
e 101 102 2
e 102 2 3
e 102 4 3
e 102 14 2
e 102 103 3
e 103 4 3
e 103 11 4
e 103 12 4
e 104 105 2
e 105 11 1
e 105 87 1
e 106 9 16
e 106 32 2
e 106 212 4
e 106 257 4
e 106 261 4
e 106 265 4
e 107 2 5
e 107 4 8
e 107 9 7
e 107 19 1
e 107 20 4
e 107 21 1
e 107 22 2
e 107 23 1
e 107 25 4
e 107 27 2
e 107 40 24
e 107 75 1
e 107 76 3
e 107 108 2
e 107 109 1
e 107 110 1
e 107 111 2
e 107 113 1
e 107 115 1
e 107 118 2
e 107 120 1
e 107 138 1
e 107 139 1
e 107 146 2
e 107 152 2
e 107 162 2
e 107 164 4
e 107 165 1
e 107 176 1
e 107 177 1
e 107 179 1
e 107 183 1
e 107 204 2
e 107 216 2
e 107 221 1
e 107 225 1
e 107 234 1
e 107 240 1
e 107 278 1
e 107 364 2
e 107 384 1
e 107 398 2
e 107 407 1
e 107 429 2
e 108 2 9
e 108 4 9
e 108 9 5
e 108 20 3
e 108 22 1
e 108 25 3
e 108 40 2
e 108 43 1
e 108 44 1
e 108 45 1
e 108 76 4
e 108 107 1
e 108 109 1
e 108 110 2
e 108 123 1
e 108 190 1
e 108 197 6
e 108 229 2
e 108 232 1
e 108 235 1
e 108 347 1
e 108 353 1
e 109 2 2
e 109 4 5
e 109 9 5
e 109 19 1
e 109 20 2
e 109 22 1
e 109 25 3
e 109 27 1
e 109 29 1
e 109 75 1
e 109 76 2
e 109 107 14
e 109 110 1
e 109 120 1
e 109 138 1
e 109 165 1
e 109 176 1
e 109 177 1
e 109 221 1
e 109 225 1
e 109 234 1
e 109 240 1
e 109 342 1
e 110 4 1
e 110 9 1
e 110 20 2
e 110 25 2
e 110 76 2
e 110 108 2
e 111 2 1
e 111 4 2
e 111 9 2
e 111 19 3
e 111 21 2
e 111 22 2
e 111 113 2
e 111 114 3
e 111 378 2
e 111 379 2
e 111 407 1
e 111 428 1
e 112 19 2
e 112 21 1
e 112 40 1
e 112 107 1
e 112 111 2
e 112 113 3
e 112 149 1
e 112 184 1
e 112 186 1
e 112 345 1
e 113 4 1
e 113 9 1
e 114 2 2
e 114 4 3
e 114 9 3
e 114 19 1
e 114 43 1
e 114 44 1
e 114 76 1
e 114 432 2
e 115 2 1
e 115 4 1
e 115 116 1
e 116 9 2
e 116 27 2
e 116 29 2
e 116 117 2
e 117 40 2
e 117 51 1
e 117 107 2
e 117 118 2
e 117 122 1
e 118 51 1
e 118 119 1
e 119 4 1
e 119 9 5
e 119 22 2
e 119 40 1
e 119 107 1
e 119 120 4
e 119 121 4
e 119 122 1
e 119 127 2
e 120 4 1
e 120 9 6
e 120 108 1
e 120 121 4
e 120 235 1
e 121 2 1
e 121 9 4
e 121 20 1
e 121 25 1
e 121 108 1
e 121 123 1
e 122 13 1
e 122 14 1
e 122 27 1
e 122 29 1
e 122 51 1
e 122 107 2
e 122 140 1
e 123 45 2
e 123 124 2
e 124 4 1
e 124 9 1
e 124 22 2
e 124 125 2
e 125 126 1
e 125 127 1
e 126 127 1
e 127 4 2
e 127 9 2
e 127 22 2
e 127 40 1
e 127 76 1
e 127 107 1
e 127 129 1
e 127 130 1
e 127 131 1
e 127 215 2
e 128 22 2
e 128 54 1
e 128 129 2
e 128 213 6
e 128 311 1
e 128 313 1
e 128 323 1
e 128 369 2
e 128 370 2
e 128 379 2
e 128 380 2
e 128 381 2
e 129 22 2
e 129 130 1
e 129 131 1
e 130 4 1
e 130 9 1
e 130 131 1
e 131 132 1
e 131 133 1
e 132 9 4
e 132 20 1
e 132 25 1
e 132 32 1
e 132 76 1
e 132 104 4
e 132 106 4
e 132 133 1
e 132 166 1
e 132 212 4
e 132 260 1
e 133 2 1
e 133 4 1
e 133 134 1
e 134 4 1
e 134 135 2
e 135 136 1
e 136 49 1
e 136 137 1
e 137 107 1
e 137 109 1
e 137 138 1
e 138 2 1
e 138 4 1
e 138 9 2
e 138 25 1
e 138 128 1
e 138 184 2
e 139 9 1
e 139 27 1
e 139 29 1
e 139 122 1
e 140 4 1
e 140 9 1
e 140 27 1
e 140 43 1
e 140 44 1
e 140 122 1
e 141 4 1
e 141 9 1
e 141 13 1
e 141 14 1
e 141 21 2
e 141 23 2
e 141 76 5
e 141 142 5
e 141 185 2
e 141 219 1
e 142 19 3
e 142 22 3
e 142 76 3
e 142 143 3
e 143 22 3
e 143 27 1
e 143 29 1
e 143 144 1
e 144 145 1
e 145 40 2
e 145 107 2
e 145 146 2
e 146 4 1
e 146 9 1
e 147 27 1
e 147 29 1
e 147 148 1
e 148 112 1
e 149 150 2
e 150 13 1
e 150 14 1
e 150 22 1
e 150 151 1
e 151 22 1
e 151 40 2
e 151 107 2
e 151 152 2
e 152 4 1
e 152 9 1
e 153 9 1
e 153 154 1
e 154 9 1
e 154 155 2
e 155 27 2
e 155 29 2
e 155 156 2
e 156 2 2
e 156 4 2
e 156 27 2
e 156 157 2
e 157 9 2
e 157 18 2
e 157 158 2
e 158 9 3
e 158 159 1
e 159 19 2
e 159 107 2
e 159 109 2
e 159 160 2
e 159 165 1
e 159 307 1
e 159 315 2
e 159 342 1
e 160 13 1
e 160 14 1
e 160 22 2
e 160 161 1
e 160 163 1
e 161 40 2
e 161 107 2
e 161 162 2
e 163 14 1
e 163 22 1
e 163 40 4
e 163 107 4
e 163 164 4
e 164 22 4
e 164 196 4
e 164 391 4
e 164 392 4
e 165 25 1
e 165 166 1
e 165 167 1
e 166 2 2
e 166 4 1
e 166 9 1
e 166 20 3
e 166 22 1
e 166 25 14
e 166 107 1
e 166 109 1
e 166 167 1
e 166 172 1
e 166 221 1
e 166 231 2
e 166 233 1
e 166 234 2
e 166 238 2
e 166 239 1
e 166 355 2
e 167 168 1
e 168 22 1
e 168 169 1
e 169 11 1
e 169 170 1
e 169 171 1
e 170 2 2
e 170 4 1
e 170 9 1
e 170 11 1
e 170 19 3
e 170 21 2
e 170 23 2
e 170 25 2
e 170 76 3
e 170 171 1
e 170 185 1
e 170 186 1
e 170 195 2
e 170 272 2
e 170 292 2
e 170 327 2
e 171 19 2
e 171 76 2
e 171 220 2
e 172 25 1
e 172 173 1
e 173 174 1
e 174 175 1
e 175 107 1
e 175 109 1
e 175 176 1
e 175 177 1
e 176 177 1
e 176 184 2
e 176 223 2
e 176 230 2
e 177 178 1
e 178 40 1
e 178 107 1
e 178 179 1
e 179 9 1
e 179 180 1
e 180 13 1
e 180 14 1
e 180 181 1
e 181 4 1
e 181 9 1
e 181 14 1
e 182 40 1
e 182 107 1
e 182 183 1
e 183 9 1
e 183 170 1
e 184 13 1
e 184 14 1
e 184 22 1
e 184 76 1
e 184 170 1
e 184 185 1
e 184 186 2
e 184 224 1
e 184 230 2
e 185 2 1
e 185 4 4
e 185 9 4
e 185 13 1
e 185 14 1
e 185 22 1
e 185 23 2
e 185 76 1
e 185 184 1
e 185 186 2
e 185 222 2
e 185 384 1
e 185 385 1
e 186 13 1
e 186 14 2
e 186 22 1
e 186 27 2
e 186 29 2
e 186 76 1
e 186 184 1
e 186 214 1
e 186 273 1
e 186 278 1
e 186 279 2
e 186 345 1
e 187 2 1
e 187 4 1
e 187 9 2
e 187 25 1
e 187 188 1
e 187 189 1
e 187 190 1
e 188 4 4
e 188 9 4
e 188 20 2
e 188 25 2
e 188 49 2
e 188 58 1
e 188 59 1
e 188 108 1
e 188 189 1
e 188 190 6
e 188 232 1
e 188 239 1
e 188 249 1
e 188 261 2
e 188 272 1
e 188 329 1
e 188 337 1
e 189 2 1
e 189 4 1
e 189 9 1
e 189 190 1
e 189 191 1
e 190 2 2
e 190 4 4
e 190 9 2
e 190 58 1
e 190 59 1
e 190 188 2
e 190 232 1
e 190 239 1
e 190 246 1
e 190 272 1
e 191 58 1
e 191 59 1
e 191 192 1
e 191 193 1
e 192 27 2
e 192 29 2
e 192 193 1
e 192 194 2
e 193 9 1
e 193 20 1
e 193 281 1
e 194 27 2
e 194 51 2
e 194 196 2
e 195 51 2
e 195 194 2
e 195 196 2
e 196 2 1
e 196 4 2
e 196 9 2
e 196 19 2
e 196 22 4
e 196 25 1
e 196 42 1
e 196 76 2
e 196 107 1
e 196 194 2
e 196 210 1
e 196 272 1
e 196 350 1
e 196 383 2
e 196 384 1
e 196 391 4
e 196 392 4
e 197 9 2
e 197 27 2
e 197 29 2
e 197 198 2
e 198 19 1
e 198 27 4
e 198 29 4
e 198 199 4
e 198 201 1
e 199 2 1
e 199 4 1
e 199 21 1
e 199 41 1
e 199 200 1
e 199 209 1
e 200 9 1
e 200 141 1
e 201 27 1
e 201 29 1
e 201 202 1
e 202 21 1
e 202 41 1
e 202 203 1
e 203 40 2
e 203 107 2
e 203 204 2
e 204 42 1
e 204 205 1
e 205 206 2
e 206 4 2
e 206 9 2
e 206 22 1
e 206 207 1
e 206 431 1
e 207 4 2
e 207 9 2
e 207 22 2
e 207 208 2
e 209 42 1
e 209 196 1
e 209 210 1
e 210 19 1
e 210 76 1
e 210 211 1
e 211 19 1
e 211 76 1
e 211 138 2
e 211 184 2
e 211 212 2
e 211 213 2
e 211 214 2
e 212 2 1
e 212 4 1
e 212 20 1
e 212 76 1
e 212 213 2
e 212 257 1
e 213 370 2
e 214 138 2
e 214 184 2
e 215 13 2
e 215 14 2
e 215 76 1
e 215 107 1
e 215 216 2
e 216 4 1
e 216 9 1
e 216 14 2
e 216 22 2
e 216 40 2
e 216 107 2
e 216 217 2
e 217 13 1
e 217 14 1
e 217 27 1
e 217 29 1
e 217 42 2
e 217 107 2
e 218 19 1
e 218 76 1
e 219 14 1
e 219 21 1
e 219 23 1
e 219 185 1
e 220 19 2
e 220 76 2
e 221 2 2
e 221 4 2
e 221 9 2
e 221 185 2
e 221 222 2
e 222 2 1
e 222 4 1
e 222 9 1
e 222 49 1
e 222 184 1
e 222 223 1
e 222 224 2
e 223 49 1
e 223 184 4
e 223 224 1
e 223 230 2
e 224 2 1
e 224 4 1
e 224 9 1
e 224 107 1
e 224 109 1
e 224 225 1
e 225 2 1
e 225 4 1
e 225 9 1
e 225 226 1
e 226 2 2
e 226 4 2
e 226 9 2
e 226 22 2
e 226 227 2
e 226 387 1
e 227 4 2
e 227 9 2
e 227 228 2
e 228 2 2
e 228 4 2
e 228 9 2
e 228 108 2
e 228 229 2
e 229 45 2
e 229 176 2
e 230 231 2
e 231 4 1
e 231 9 2
e 231 13 1
e 231 14 1
e 231 76 1
e 231 108 1
e 231 188 1
e 231 190 1
e 231 232 1
e 231 233 1
e 231 257 1
e 232 20 2
e 232 45 2
e 233 2 1
e 233 9 1
e 233 20 1
e 233 25 2
e 233 107 1
e 233 109 1
e 233 234 1
e 233 265 1
e 234 2 2
e 234 4 3
e 234 9 1
e 234 27 1
e 234 29 1
e 234 76 1
e 234 190 2
e 234 231 1
e 234 261 1
e 235 9 1
e 235 236 2
e 236 53 2
e 236 54 2
e 236 237 2
e 237 25 2
e 237 166 2
e 237 238 2
e 238 22 1
e 238 239 1
e 239 2 6
e 239 4 6
e 239 9 2
e 239 25 1
e 239 247 6
e 239 266 1
e 239 413 1
e 239 434 1
e 240 4 3
e 240 9 1
e 240 25 4
e 240 58 1
e 240 59 1
e 240 196 1
e 240 253 1
e 240 272 1
e 240 291 2
e 240 350 1
e 240 416 1
e 241 4 2
e 241 20 2
e 241 242 2
e 243 2 2
e 243 4 2
e 243 9 1
e 243 244 2
e 243 258 1
e 244 2 2
e 244 4 2
e 244 58 1
e 244 254 2
e 245 2 2
e 245 4 2
e 245 9 1
e 245 246 2
e 245 264 1
e 246 2 2
e 246 4 4
e 246 58 1
e 246 249 2
e 247 2 2
e 247 4 4
e 247 58 1
e 247 59 1
e 247 66 2
e 247 248 1
e 247 250 1
e 247 272 1
e 247 414 1
e 247 435 1
e 248 2 2
e 248 4 2
e 248 58 2
e 248 59 2
e 248 240 2
e 248 252 2
e 249 4 2
e 249 9 2
e 249 58 1
e 249 264 2
e 250 2 2
e 250 4 4
e 250 58 1
e 250 251 2
e 251 4 2
e 251 25 1
e 251 76 1
e 251 274 1
e 252 2 2
e 252 4 2
e 252 58 2
e 252 253 2
e 253 4 2
e 253 58 1
e 253 76 1
e 253 251 1
e 254 4 2
e 254 58 1
e 255 2 2
e 255 4 2
e 255 256 2
e 256 4 2
e 257 2 1
e 257 4 1
e 257 9 4
e 257 76 1
e 257 231 1
e 258 9 5
e 258 76 1
e 258 104 4
e 258 132 4
e 258 259 1
e 259 9 4
e 259 76 1
e 259 104 4
e 259 260 4
e 260 9 4
e 260 25 2
e 260 104 4
e 260 106 4
e 260 166 2
e 260 231 2
e 260 257 4
e 261 2 1
e 261 4 1
e 261 9 2
e 261 234 1
e 262 9 4
e 262 25 1
e 262 106 4
e 262 166 1
e 262 233 1
e 262 265 4
e 263 9 4
e 263 25 2
e 263 104 4
e 263 106 4
e 263 166 2
e 263 234 2
e 263 261 4
e 264 9 7
e 264 104 4
e 264 263 4
e 266 9 2
e 266 76 1
e 266 106 2
e 266 188 1
e 266 190 1
e 266 239 1
e 266 267 2
e 267 25 1
e 267 76 1
e 267 104 4
e 267 106 2
e 267 166 1
e 267 239 1
e 268 2 1
e 268 4 1
e 268 9 5
e 268 104 4
e 268 267 4
e 268 274 1
e 269 2 1
e 269 4 1
e 269 9 3
e 269 104 2
e 269 270 2
e 269 273 1
e 270 104 2
e 271 2 4
e 271 4 4
e 271 9 1
e 271 252 4
e 271 277 1
e 272 2 4
e 272 4 4
e 272 9 1
e 272 25 1
e 272 32 1
e 272 248 5
e 272 275 1
e 272 276 1
e 272 290 1
e 272 292 2
e 272 294 2
e 272 350 1
e 272 423 2
e 272 424 2
e 273 2 2
e 273 4 2
e 273 9 1
e 273 255 2
e 273 269 1
e 274 2 2
e 274 4 3
e 274 9 1
e 274 186 1
e 274 250 2
e 274 268 1
e 274 273 1
e 274 278 1
e 275 32 1
e 275 76 1
e 275 267 1
e 276 9 1
e 276 76 1
e 276 188 1
e 276 190 1
e 276 266 1
e 276 272 1
e 277 9 1
e 277 76 1
e 277 268 1
e 278 27 1
e 278 29 1
e 278 184 1
e 278 273 1
e 279 29 2
e 279 223 2
e 280 4 2
e 280 9 2
e 280 21 2
e 280 281 2
e 280 282 2
e 281 21 2
e 281 282 2
e 281 290 1
e 281 410 1
e 281 412 1
e 282 21 2
e 282 22 7
e 282 27 6
e 282 29 6
e 282 281 6
e 282 283 1
e 282 284 1
e 282 285 1
e 282 286 1
e 282 287 1
e 282 288 1
e 282 289 1
e 283 21 2
e 283 22 7
e 283 23 2
e 283 27 6
e 283 29 6
e 283 281 8
e 283 282 6
e 283 284 1
e 283 285 1
e 283 286 1
e 283 287 1
e 283 288 1
e 283 289 1
e 284 22 1
e 284 281 2
e 284 419 1
e 285 22 1
e 285 281 5
e 285 284 1
e 285 286 1
e 285 287 1
e 285 288 1
e 285 289 1
e 285 290 1
e 285 409 1
e 285 410 1
e 285 412 1
e 285 419 1
e 286 22 1
e 286 281 2
e 286 287 1
e 286 288 1
e 286 289 1
e 286 290 1
e 287 22 1
e 287 281 2
e 287 288 1
e 287 289 1
e 287 290 1
e 288 22 1
e 288 281 2
e 288 289 1
e 288 290 1
e 289 22 1
e 289 281 2
e 289 290 1
e 290 9 1
e 290 25 2
e 290 240 2
e 290 291 2
e 290 424 1
e 291 25 2
e 291 56 2
e 291 170 2
e 291 272 5
e 291 290 1
e 291 292 2
e 291 294 2
e 292 22 1
e 292 293 1
e 293 22 1
e 293 272 2
e 293 423 2
e 293 424 2
e 294 9 2
e 294 295 2
e 295 86 2
e 295 296 2
e 296 86 2
e 298 2 1
e 298 13 1
e 298 14 1
e 298 20 1
e 298 21 1
e 298 23 1
e 298 25 1
e 298 43 1
e 298 44 1
e 299 2 1
e 299 13 1
e 299 14 1
e 299 20 1
e 299 21 1
e 299 23 1
e 299 25 1
e 299 43 1
e 299 44 1
e 300 2 1
e 300 13 1
e 300 14 1
e 300 20 1
e 300 21 1
e 300 23 1
e 300 25 1
e 300 43 1
e 300 44 1
e 301 4 1
e 301 22 1
e 301 25 4
e 301 27 1
e 301 302 1
e 301 303 1
e 301 304 3
e 301 305 1
e 301 306 1
e 302 25 1
e 302 301 1
e 302 303 1
e 303 25 2
e 303 301 1
e 303 304 1
e 304 25 4
e 304 305 1
e 304 306 1
e 304 377 1
e 305 22 1
e 305 25 3
e 305 308 1
e 305 322 1
e 306 25 1
e 307 19 1
e 307 25 1
e 307 305 1
e 307 308 1
e 308 22 1
e 308 25 1
e 308 309 1
e 309 57 1
e 309 310 1
e 310 128 1
e 310 213 1
e 310 311 1
e 311 57 1
e 311 213 1
e 311 312 1
e 312 128 1
e 312 213 1
e 312 313 1
e 313 57 1
e 313 213 1
e 313 314 1
e 314 54 1
e 314 128 1
e 314 213 1
e 315 19 3
e 315 316 1
e 315 317 1
e 315 318 1
e 315 324 2
e 316 4 2
e 316 22 1
e 316 317 1
e 316 318 1
e 317 19 1
e 317 22 1
e 317 316 1
e 317 318 1
e 318 319 1
e 319 2 1
e 319 20 1
e 319 21 1
e 319 25 1
e 319 320 1
e 320 20 1
e 320 21 1
e 320 25 1
e 320 321 1
e 321 21 1
e 321 22 1
e 321 25 1
e 321 305 1
e 321 322 1
e 322 22 1
e 322 25 1
e 322 128 1
e 322 213 1
e 322 323 1
e 323 213 1
e 324 13 2
e 324 14 2
e 324 19 2
e 324 325 2
e 325 2 2
e 325 14 2
e 325 25 2
e 325 326 2
e 326 20 1
e 326 25 2
e 326 328 1
e 327 20 1
e 327 25 2
e 327 326 1
e 327 328 1
e 328 20 1
e 329 25 1
e 329 49 1
e 329 76 1
e 329 330 1
e 330 27 1
e 330 29 1
e 330 76 1
e 330 331 1
e 331 9 1
e 331 27 1
e 331 332 1
e 332 9 2
e 332 334 1
e 333 9 1
e 333 49 1
e 333 332 1
e 333 334 1
e 334 9 1
e 334 332 1
e 334 335 1
e 335 2 1
e 335 4 1
e 335 332 1
e 335 336 1
e 336 2 1
e 336 4 1
e 336 25 1
e 336 43 1
e 337 9 1
e 337 25 1
e 337 338 1
e 337 339 1
e 338 9 1
e 338 339 1
e 339 9 2
e 339 85 1
e 339 340 1
e 340 2 1
e 340 20 1
e 340 85 1
e 340 341 1
e 341 25 1
e 341 344 1
e 342 19 1
e 342 107 1
e 342 343 1
e 343 25 1
e 343 341 1
e 343 344 1
e 344 2 1
e 344 4 1
e 344 9 1
e 344 107 1
e 344 278 1
e 345 27 2
e 345 29 2
e 345 184 1
e 345 346 2
e 346 2 1
e 346 20 1
e 346 25 1
e 346 347 1
e 346 348 1
e 347 2 1
e 347 20 1
e 347 25 1
e 347 348 1
e 348 2 1
e 348 4 1
e 348 349 1
e 349 25 1
e 349 196 1
e 349 240 1
e 349 272 1
e 349 350 1
e 350 22 1
e 350 351 1
e 351 2 1
e 351 25 1
e 351 352 1
e 352 2 1
e 352 4 1
e 352 21 1
e 353 9 1
e 353 12 1
e 353 354 1
e 354 22 1
e 354 25 1
e 354 166 1
e 354 355 1
e 355 2 1
e 355 4 1
e 355 9 1
e 355 22 1
e 355 25 3
e 355 76 1
e 355 356 1
e 356 2 1
e 356 13 1
e 356 20 1
e 356 25 1
e 356 76 1
e 357 2 1
e 357 13 1
e 357 20 1
e 357 25 1
e 357 32 1
e 357 76 1
e 357 355 1
e 357 358 1
e 358 76 1
e 358 359 1
e 359 2 1
e 359 4 1
e 359 9 1
e 359 25 1
e 359 76 1
e 359 166 1
e 359 355 1
e 360 361 1
e 360 362 1
e 361 32 1
e 361 55 1
e 361 357 2
e 361 358 1
e 361 362 1
e 363 359 1
e 364 20 2
e 364 25 2
e 364 27 1
e 364 29 1
e 364 365 1
e 365 27 1
e 365 366 1
e 366 367 1
e 367 76 1
e 367 368 1
e 368 76 1
e 368 369 1
e 369 22 1
e 369 213 2
e 369 370 2
e 369 373 1
e 370 13 1
e 370 14 1
e 370 371 1
e 371 372 1
e 373 22 1
e 373 374 1
e 374 375 1
e 375 376 1
e 376 25 1
e 376 304 1
e 376 377 1
e 377 25 1
e 378 21 2
e 378 22 2
e 378 379 2
e 379 380 2
e 379 381 2
e 380 381 2
e 381 2 2
e 381 4 2
e 381 9 2
e 381 382 2
e 382 4 2
e 382 9 2
e 382 196 2
e 382 383 2
e 384 2 1
e 384 4 2
e 384 9 2
e 384 385 1
e 385 4 1
e 385 9 1
e 386 27 2
e 386 385 2
e 387 2 1
e 387 4 1
e 387 388 1
e 388 2 1
e 388 4 2
e 388 389 1
e 389 4 1
e 389 25 1
e 389 394 1
e 390 22 4
e 390 164 4
e 390 196 4
e 390 391 4
e 390 392 4
e 391 2 1
e 391 4 1
e 391 22 4
e 391 392 4
e 391 393 1
e 392 22 4
e 393 4 1
e 393 25 1
e 393 389 1
e 393 394 1
e 394 2 4
e 394 4 4
e 394 25 1
e 394 316 2
e 394 395 2
e 395 2 2
e 396 13 2
e 396 14 4
e 396 397 2
e 397 14 2
e 397 40 2
e 397 107 2
e 397 398 2
e 398 9 1
e 398 22 1
e 398 40 2
e 398 399 1
e 398 400 1
e 398 403 1
e 399 22 1
e 399 400 1
e 400 4 1
e 400 9 1
e 400 22 1
e 400 57 2
e 400 401 2
e 400 402 2
e 400 404 1
e 401 4 1
e 401 9 1
e 401 19 1
e 401 40 1
e 401 76 1
e 401 107 1
e 401 111 1
e 401 402 3
e 401 405 1
e 401 407 2
e 402 76 1
e 403 9 1
e 403 404 1
e 404 2 1
e 404 4 1
e 404 9 1
e 404 57 2
e 404 400 1
e 404 402 2
e 404 405 2
e 405 2 1
e 405 4 1
e 405 9 1
e 405 57 2
e 405 76 2
e 405 401 1
e 405 402 4
e 405 406 2
e 406 2 1
e 406 4 1
e 406 9 1
e 406 402 2
e 406 407 1
e 407 4 1
e 407 9 1
e 407 19 1
e 407 40 1
e 407 57 1
e 407 76 1
e 407 401 1
e 407 402 1
e 407 406 1
e 408 21 1
e 408 23 1
e 408 25 1
e 408 409 1
e 409 9 1
e 409 18 1
e 409 21 1
e 409 25 1
e 409 247 1
e 409 281 1
e 409 410 1
e 409 426 1
e 409 435 1
e 410 51 1
e 410 411 1
e 411 51 1
e 411 281 1
e 411 285 1
e 411 412 1
e 412 239 1
e 412 247 1
e 412 413 1
e 412 414 1
e 413 247 1
e 413 412 1
e 413 414 1
e 414 2 1
e 414 4 1
e 414 415 1
e 415 272 1
e 415 416 1
e 415 417 1
e 416 4 1
e 416 247 1
e 416 248 1
e 416 272 3
e 416 417 1
e 416 418 1
e 416 425 1
e 417 272 2
e 417 416 1
e 417 418 1
e 418 272 1
e 418 281 1
e 418 284 1
e 418 285 1
e 418 419 1
e 419 4 1
e 419 64 1
e 419 247 1
e 419 248 1
e 419 272 1
e 419 281 1
e 419 416 1
e 419 422 1
e 419 423 1
e 419 425 1
e 420 9 2
e 420 421 1
e 421 9 1
e 421 25 1
e 421 240 1
e 421 416 1
e 422 4 1
e 422 25 1
e 422 64 1
e 422 247 1
e 422 248 1
e 422 272 1
e 422 416 1
e 422 423 1
e 422 425 1
e 423 4 1
e 423 247 1
e 423 248 1
e 423 272 1
e 423 416 1
e 423 424 2
e 423 425 1
e 424 2 1
e 424 4 1
e 424 290 1
e 425 4 1
e 425 247 1
e 425 248 1
e 425 272 1
e 426 9 1
e 426 27 1
e 426 29 1
e 426 427 1
e 427 2 1
e 427 4 1
e 427 9 1
e 427 27 1
e 427 111 1
e 427 428 1
e 428 2 1
e 428 4 1
e 428 9 1
e 428 429 1
e 428 430 1
e 429 2 1
e 429 4 1
e 429 9 1
e 429 430 1
e 430 2 1
e 430 4 2
e 430 9 2
e 430 206 1
e 430 431 1
e 431 2 1
e 431 4 2
e 431 9 2
e 431 432 1
e 431 433 1
e 432 4 3
e 432 9 3
e 432 433 1
e 433 4 1
e 433 9 2
e 433 239 1
e 433 434 1
e 434 247 1
e 434 409 1
e 434 435 1
e 436 2 1
e 436 4 1
e 436 9 1
e 436 55 2
e 436 92 3
e 437 12 1
e 437 18 1
e 437 19 1
e 438 18 1
e 438 19 1
e 438 71 1
e 439 55 2
e 439 79 2
e 440 18 1
e 440 19 1
e 440 101 1
e 441 2 1
e 441 4 1
e 441 9 1
e 441 55 1
e 441 62 2
e 442 1 1
e 442 3 1
e 442 18 1
e 442 19 1
e 442 55 1
e 443 18 1
e 443 19 1
e 443 100 1
e 444 2 1
e 444 4 1
e 444 9 1
e 444 88 1
e 445 86 2
e 446 55 2
e 446 67 2
e 447 18 1
e 447 19 1
e 447 448 1
e 448 19 1
e 449 18 1
e 449 19 1
e 449 99 1
e 450 18 1
e 450 19 1
e 450 73 1
e 451 55 1
e 451 61 1
e 452 18 1
e 452 19 1
e 452 74 1
e 453 2 1
e 453 4 1
e 453 9 1
e 453 89 1
e 454 2 1
e 454 4 1
e 454 9 1
e 454 98 1
e 455 18 1
e 455 19 1
e 455 69 1
e 456 18 1
e 456 19 1
e 456 68 1
e 457 2 1
e 457 4 1
e 457 9 1
e 457 55 1
e 457 96 2
e 458 2 1
e 458 4 1
e 458 9 1
e 458 111 1
e 459 2 1
e 459 4 1
e 459 9 1
e 459 124 1
e 460 2 1
e 460 4 1
e 460 9 1
e 460 55 2
e 460 110 3
e 461 2 1
e 461 4 1
e 461 9 1
e 461 55 3
e 461 108 4
e 462 55 2
e 462 463 2
e 464 2 1
e 464 4 1
e 464 9 1
e 464 196 1
e 465 2 1
e 465 4 1
e 465 9 1
e 465 55 2
e 465 114 3
e 466 55 2
e 466 218 2
e 467 2 1
e 467 4 1
e 467 9 1
e 467 55 2
e 467 185 3
e 468 2 1
e 468 4 1
e 468 9 1
e 468 206 1
e 469 2 1
e 469 4 1
e 469 9 1
e 469 216 1
e 470 2 1
e 470 4 1
e 470 9 1
e 470 55 4
e 470 107 5
e 471 2 1
e 471 4 1
e 471 9 1
e 471 109 1
e 472 2 1
e 472 4 1
e 472 9 1
e 472 181 1
e 473 2 1
e 473 4 1
e 473 9 1
e 473 146 1
e 474 2 1
e 474 4 1
e 474 9 1
e 474 152 1
e 475 2 2
e 475 4 2
e 475 9 2
e 475 55 2
e 475 207 4
e 476 2 1
e 476 4 1
e 476 9 1
e 476 138 1
e 477 2 1
e 477 4 1
e 477 9 1
e 477 119 1
e 478 55 2
e 478 162 2
e 479 2 1
e 479 4 1
e 479 9 1
e 479 55 2
e 479 140 3
e 480 2 2
e 480 4 2
e 480 9 2
e 480 127 2
e 481 2 1
e 481 4 1
e 481 9 1
e 481 55 2
e 481 170 3
e 482 2 1
e 482 4 1
e 482 9 1
e 482 130 1
e 483 2 1
e 483 4 1
e 483 9 1
e 483 55 2
e 483 141 3
e 484 55 2
e 484 171 2
e 485 55 2
e 485 164 2
e 486 2 1
e 486 4 1
e 486 9 1
e 486 113 1
e 487 2 1
e 487 4 1
e 487 9 1
e 487 488 1
e 488 4 1
e 488 9 1
e 489 2 1
e 489 4 1
e 489 9 1
e 489 490 1
e 490 4 1
e 490 9 1
e 491 2 1
e 491 4 1
e 491 9 1
e 491 492 1
e 492 4 1
e 492 9 1
e 493 55 1
e 493 267 1
e 494 55 1
e 494 275 1
e 495 55 1
e 495 132 1
e 496 263 2
e 497 260 2
e 498 55 2
e 498 265 4
e 499 262 2
e 500 55 3
e 500 212 3
e 501 55 2
e 501 261 2
e 502 55 3
e 502 266 3
e 503 55 3
e 503 276 3
e 504 55 2
e 504 257 2
e 505 55 3
e 505 269 3
e 506 55 2
e 506 259 2
e 507 55 2
e 507 264 2
e 508 55 3
e 508 258 3
e 509 55 3
e 509 277 3
e 510 55 3
e 510 268 3
e 511 51 2
e 511 55 2
e 512 47 2
e 512 55 2
e 513 49 2
e 514 48 2
e 514 55 2
e 515 42 4
e 515 55 4
e 516 19 2
e 516 55 2
e 517 55 2
e 517 76 2
e 518 2 1
e 518 4 1
e 518 9 1
e 518 55 2
e 518 519 3
e 519 4 1
e 519 9 1
e 520 2 1
e 520 4 1
e 520 9 1
e 520 187 1
e 521 2 1
e 521 4 1
e 521 9 3
e 521 55 2
e 522 9 1
e 522 56 1
e 523 45 2
e 523 55 2
e 524 46 2
e 524 55 2
e 525 298 1
e 526 299 1
e 527 300 1
e 528 40 2
e 528 55 2
e 529 55 4
e 529 530 4
e 530 55 4
e 531 55 2
e 531 348 2
e 532 2 1
e 532 4 1
e 532 9 1
e 532 77 1
e 533 57 2
e 534 22 2
e 535 55 2
e 535 126 2
e 536 85 2
e 537 87 2
