p edges 644 5644
e 1 2 3
e 1 3 2
e 1 4 2
e 1 5 3
e 1 11 3
e 1 19 2
e 1 21 1
e 1 23 2
e 1 37 1
e 1 38 1
e 1 118 1
e 1 272 1
e 1 331 1
e 1 416 1
e 1 418 1
e 2 2 61
e 2 3 10
e 2 4 2
e 2 5 56
e 2 7 2
e 2 8 1
e 2 9 2
e 2 11 42
e 2 19 5
e 2 23 20
e 2 24 2
e 2 26 2
e 2 37 35
e 2 38 73
e 2 39 3
e 2 40 2
e 2 42 17
e 2 43 72
e 2 45 1
e 2 47 13
e 2 51 1
e 2 53 1
e 2 54 1
e 2 55 1
e 2 61 2
e 2 62 2
e 2 65 2
e 2 67 1
e 2 68 2
e 2 69 1
e 2 75 2
e 2 76 3
e 2 78 31
e 2 89 2
e 2 91 1
e 2 93 2
e 2 95 4
e 2 97 1
e 2 104 1
e 2 107 1
e 2 109 1
e 2 110 1
e 2 111 1
e 2 112 36
e 2 113 54
e 2 118 5
e 2 122 2
e 2 124 2
e 2 130 2
e 2 132 2
e 2 133 13
e 2 146 2
e 2 151 2
e 2 152 1
e 2 153 1
e 2 156 2
e 2 167 1
e 2 170 3
e 2 175 1
e 2 176 1
e 2 178 2
e 2 183 2
e 2 184 4
e 2 185 2
e 2 187 4
e 2 188 1
e 2 192 2
e 2 193 1
e 2 196 1
e 2 201 1
e 2 202 1
e 2 206 1
e 2 207 2
e 2 216 5
e 2 217 6
e 2 219 1
e 2 222 15
e 2 230 2
e 2 231 4
e 2 235 9
e 2 239 2
e 2 240 2
e 2 245 1
e 2 246 1
e 2 248 1
e 2 257 4
e 2 258 4
e 2 270 1
e 2 273 1
e 2 281 2
e 2 282 2
e 2 283 2
e 2 284 2
e 2 285 2
e 2 286 2
e 2 287 2
e 2 288 2
e 2 291 3
e 2 296 2
e 2 301 1
e 2 302 1
e 2 304 2
e 2 305 2
e 2 306 1
e 2 312 1
e 2 315 1
e 2 316 2
e 2 322 1
e 2 328 2
e 2 329 1
e 2 331 1
e 2 332 2
e 2 335 2
e 2 340 1
e 2 345 1
e 2 353 2
e 2 356 2
e 2 363 1
e 2 371 1
e 2 376 1
e 2 379 3
e 2 380 1
e 2 382 1
e 2 388 2
e 2 393 1
e 2 395 2
e 2 396 1
e 2 399 1
e 2 406 1
e 2 407 7
e 2 411 2
e 2 412 2
e 2 418 3
e 2 419 1
e 2 421 1
e 2 422 3
e 2 423 1
e 2 424 1
e 2 425 1
e 2 426 4
e 2 427 2
e 2 429 1
e 2 430 1
e 2 431 1
e 2 432 1
e 2 433 1
e 2 434 1
e 2 435 1
e 2 436 1
e 2 437 1
e 2 438 1
e 2 439 1
e 2 441 7
e 2 442 2
e 2 443 4
e 2 445 7
e 2 447 1
e 2 452 1
e 2 459 1
e 2 464 8
e 2 466 1
e 2 472 4
e 2 474 1
e 2 480 2
e 2 481 2
e 2 486 4
e 2 496 1
e 2 498 4
e 2 501 1
e 2 502 2
e 2 503 10
e 2 504 2
e 2 510 1
e 2 511 6
e 2 513 2
e 2 514 2
e 2 517 2
e 2 518 1
e 2 519 2
e 2 520 1
e 2 522 1
e 2 523 3
e 2 524 2
e 2 525 1
e 2 528 2
e 2 529 2
e 2 530 4
e 2 531 1
e 2 532 2
e 2 533 2
e 2 534 2
e 2 544 1
e 2 548 1
e 2 549 3
e 2 550 1
e 2 561 1
e 2 563 1
e 2 567 1
e 2 569 1
e 2 574 4
e 2 583 1
e 2 584 1
e 2 585 2
e 2 588 2
e 2 589 1
e 2 590 1
e 2 596 1
e 2 597 1
e 2 601 1
e 2 602 2
e 2 603 1
e 2 604 2
e 2 606 1
e 2 607 2
e 2 610 1
e 2 611 1
e 2 614 4
e 2 615 2
e 2 616 4
e 2 617 2
e 2 618 1
e 2 619 1
e 2 620 1
e 2 621 1
e 2 622 1
e 2 623 1
e 2 630 1
e 2 631 1
e 2 632 1
e 2 633 1
e 2 638 7
e 2 641 3
e 2 644 1
e 3 4 2
e 3 5 8
e 3 7 2
e 3 9 2
e 3 38 2
e 3 122 2
e 4 5 2
e 5 2 6
e 5 11 21
e 5 23 19
e 5 38 10
e 5 40 2
e 5 41 3
e 5 43 3
e 5 45 1
e 5 47 2
e 5 76 1
e 5 78 1
e 5 110 1
e 5 112 17
e 5 113 3
e 5 122 2
e 5 124 2
e 5 133 2
e 5 148 2
e 5 168 1
e 5 180 2
e 5 183 1
e 5 201 1
e 5 202 1
e 5 216 1
e 5 235 1
e 5 237 1
e 5 267 1
e 5 291 1
e 5 412 2
e 5 418 1
e 5 419 1
e 5 421 1
e 5 422 2
e 5 423 1
e 5 424 1
e 5 425 1
e 5 430 1
e 5 431 1
e 5 432 1
e 5 433 1
e 5 434 1
e 5 435 1
e 5 436 1
e 5 437 1
e 5 438 1
e 5 439 1
e 5 511 1
e 5 513 2
e 5 531 1
e 5 550 1
e 5 632 1
e 6 2 2
e 6 3 2
e 6 5 3
e 6 7 2
e 6 11 1
e 6 19 2
e 6 23 1
e 6 37 1
e 6 38 1
e 6 420 1
e 7 5 2
e 8 2 2
e 8 3 2
e 8 5 5
e 8 9 2
e 8 19 2
e 8 23 2
e 8 37 2
e 8 38 2
e 8 422 2
e 9 5 2
e 10 11 2
e 10 12 2
e 10 13 2
e 10 47 1
e 11 2 92
e 11 5 3
e 11 12 2
e 11 13 5
e 11 14 1
e 11 15 1
e 11 16 4
e 11 18 4
e 11 19 9
e 11 20 1
e 11 23 4
e 11 37 11
e 11 38 9
e 11 40 3
e 11 41 39
e 11 43 64
e 11 45 3
e 11 47 6
e 11 50 2
e 11 52 5
e 11 53 1
e 11 59 2
e 11 61 2
e 11 62 2
e 11 65 2
e 11 67 2
e 11 70 1
e 11 74 1
e 11 75 1
e 11 76 1
e 11 77 4
e 11 78 10
e 11 84 1
e 11 88 1
e 11 93 1
e 11 94 2
e 11 95 1
e 11 96 1
e 11 102 2
e 11 104 3
e 11 105 1
e 11 106 2
e 11 110 2
e 11 111 3
e 11 112 26
e 11 113 8
e 11 115 1
e 11 116 2
e 11 117 2
e 11 118 2
e 11 124 1
e 11 127 2
e 11 128 1
e 11 129 2
e 11 132 2
e 11 133 20
e 11 142 1
e 11 144 1
e 11 152 1
e 11 154 4
e 11 155 2
e 11 156 3
e 11 164 1
e 11 168 1
e 11 169 2
e 11 170 1
e 11 174 1
e 11 178 3
e 11 182 2
e 11 183 1
e 11 184 3
e 11 186 1
e 11 187 2
e 11 192 2
e 11 197 2
e 11 199 1
e 11 202 1
e 11 204 1
e 11 210 1
e 11 212 1
e 11 216 1
e 11 217 3
e 11 219 1
e 11 227 1
e 11 229 1
e 11 232 1
e 11 235 2
e 11 236 1
e 11 239 4
e 11 240 2
e 11 242 1
e 11 248 1
e 11 257 1
e 11 260 1
e 11 265 2
e 11 269 1
e 11 272 1
e 11 291 1
e 11 293 2
e 11 294 1
e 11 295 1
e 11 296 2
e 11 298 2
e 11 299 4
e 11 300 1
e 11 301 1
e 11 314 6
e 11 322 1
e 11 326 2
e 11 327 3
e 11 331 3
e 11 332 4
e 11 333 1
e 11 343 1
e 11 360 1
e 11 363 2
e 11 367 1
e 11 371 2
e 11 379 3
e 11 381 3
e 11 382 1
e 11 383 1
e 11 388 3
e 11 389 1
e 11 390 2
e 11 391 1
e 11 392 1
e 11 393 2
e 11 394 1
e 11 395 1
e 11 399 1
e 11 400 1
e 11 407 2
e 11 410 1
e 11 416 3
e 11 417 1
e 11 425 1
e 11 430 1
e 11 432 1
e 11 438 1
e 11 440 1
e 11 441 1
e 11 445 2
e 11 446 1
e 11 450 1
e 11 452 2
e 11 454 1
e 11 462 1
e 11 464 3
e 11 465 1
e 11 466 1
e 11 469 1
e 11 471 1
e 11 472 1
e 11 473 1
e 11 474 1
e 11 476 1
e 11 477 2
e 11 480 1
e 11 488 2
e 11 490 1
e 11 498 2
e 11 500 1
e 11 501 1
e 11 503 2
e 11 506 2
e 11 509 2
e 11 511 3
e 11 514 2
e 11 517 1
e 11 523 2
e 11 524 8
e 11 528 1
e 11 529 1
e 11 530 1
e 11 531 1
e 11 533 1
e 11 534 1
e 11 536 1
e 11 543 1
e 11 544 2
e 11 545 1
e 11 547 1
e 11 550 1
e 11 551 1
e 11 556 1
e 11 557 1
e 11 558 1
e 11 559 1
e 11 561 1
e 11 564 1
e 11 569 2
e 11 573 1
e 11 574 4
e 11 575 1
e 11 578 1
e 11 584 1
e 11 586 2
e 11 587 1
e 11 588 2
e 11 591 1
e 11 592 1
e 11 594 1
e 11 597 3
e 11 598 1
e 11 600 1
e 11 601 2
e 11 605 1
e 11 606 2
e 11 607 2
e 11 612 1
e 11 614 2
e 11 616 1
e 11 623 1
e 11 630 1
e 11 638 2
e 11 639 1
e 11 642 2
e 11 643 1
e 11 644 1
e 12 13 2
e 12 318 2
e 13 2 1
e 13 16 1
e 13 41 1
e 14 15 1
e 14 16 1
e 15 16 1
e 16 2 3
e 16 13 1
e 16 47 1
e 16 112 2
e 16 113 2
e 16 293 2
e 16 317 2
e 17 18 2
e 17 19 2
e 17 20 2
e 18 1 2
e 18 2 9
e 18 3 2
e 18 5 6
e 18 6 2
e 18 8 2
e 18 19 20
e 18 20 2
e 18 23 2
e 18 37 1
e 18 38 3
e 18 47 2
e 18 73 2
e 18 82 1
e 18 102 2
e 18 113 4
e 18 122 2
e 18 124 2
e 18 125 2
e 18 126 2
e 18 127 2
e 18 130 2
e 18 133 2
e 18 134 2
e 18 154 2
e 18 156 1
e 18 170 2
e 18 379 1
e 18 391 1
e 18 407 2
e 18 445 2
e 18 512 2
e 18 513 2
e 18 515 1
e 18 530 2
e 18 531 2
e 18 542 2
e 18 551 1
e 18 573 2
e 18 575 2
e 18 616 2
e 18 638 2
e 19 2 26
e 19 11 3
e 19 18 5
e 19 19 3
e 19 20 2
e 19 23 1
e 19 37 4
e 19 38 3
e 19 41 5
e 19 43 9
e 19 47 1
e 19 48 3
e 19 77 1
e 19 78 4
e 19 82 1
e 19 110 1
e 19 112 1
e 19 118 3
e 19 133 3
e 19 156 2
e 19 170 2
e 19 197 1
e 19 235 1
e 19 249 1
e 19 327 1
e 19 331 1
e 19 332 1
e 19 333 2
e 19 343 1
e 19 344 1
e 19 345 1
e 19 379 2
e 19 381 1
e 19 388 1
e 19 391 1
e 19 400 1
e 19 407 1
e 19 445 1
e 19 511 1
e 19 514 1
e 19 515 1
e 19 517 1
e 19 528 1
e 19 530 1
e 19 531 2
e 19 533 1
e 19 534 1
e 19 550 1
e 19 551 1
e 19 575 2
e 19 584 1
e 19 588 1
e 19 601 1
e 19 602 2
e 19 606 1
e 19 607 1
e 19 614 1
e 19 616 1
e 19 623 1
e 19 638 1
e 20 2 1
e 20 113 1
e 20 574 1
e 21 2 14
e 21 5 8
e 21 11 9
e 21 19 1
e 21 22 2
e 21 23 37
e 21 24 2
e 21 25 2
e 21 26 2
e 21 27 2
e 21 28 2
e 21 29 2
e 21 30 2
e 21 31 2
e 21 32 2
e 21 33 2
e 21 34 2
e 21 35 2
e 21 38 2
e 21 39 1
e 21 40 1
e 21 41 1
e 21 42 7
e 21 43 3
e 21 48 1
e 21 53 2
e 21 69 2
e 21 70 1
e 21 77 1
e 21 78 1
e 21 112 6
e 21 113 6
e 21 170 1
e 21 209 2
e 21 239 2
e 21 291 1
e 21 310 1
e 21 311 1
e 21 327 2
e 21 332 2
e 21 349 2
e 21 395 1
e 21 397 2
e 21 398 2
e 21 416 1
e 21 425 1
e 21 426 1
e 21 427 1
e 21 430 1
e 21 432 1
e 21 433 1
e 21 438 1
e 21 452 1
e 21 453 1
e 22 2 3
e 22 11 1
e 22 21 1
e 22 23 3
e 22 37 2
e 22 38 2
e 22 282 2
e 22 395 1
e 23 2 10
e 23 5 7
e 23 11 16
e 23 21 5
e 23 37 6
e 23 38 6
e 23 41 2
e 23 43 2
e 23 47 3
e 23 66 2
e 23 68 1
e 23 75 1
e 23 77 5
e 23 78 5
e 23 112 17
e 23 122 1
e 23 123 1
e 23 124 5
e 23 151 1
e 23 190 1
e 23 239 2
e 23 251 2
e 23 291 3
e 23 395 1
e 23 396 1
e 23 418 1
e 23 419 1
e 23 420 1
e 23 421 1
e 23 422 2
e 23 423 1
e 23 424 1
e 23 425 1
e 23 426 2
e 23 430 1
e 23 431 1
e 23 432 1
e 23 433 1
e 23 434 1
e 23 435 1
e 23 436 1
e 23 437 1
e 23 438 1
e 23 439 1
e 23 507 1
e 23 512 2
e 23 513 2
e 23 574 2
e 23 575 1
e 23 591 1
e 24 23 2
e 24 25 2
e 24 37 2
e 25 2 2
e 25 23 2
e 25 37 2
e 25 38 2
e 25 283 2
e 26 23 2
e 26 27 2
e 26 37 2
e 27 2 2
e 27 23 2
e 27 37 2
e 27 38 2
e 27 284 2
e 28 2 2
e 28 23 2
e 28 29 2
e 28 38 2
e 28 62 2
e 29 2 2
e 29 23 2
e 29 37 2
e 29 38 2
e 29 285 2
e 30 2 2
e 30 23 2
e 30 31 2
e 30 37 2
e 30 38 2
e 30 63 2
e 31 2 2
e 31 23 2
e 31 37 2
e 31 38 2
e 31 286 2
e 32 2 2
e 32 23 2
e 32 33 2
e 32 37 2
e 32 38 2
e 32 64 2
e 33 2 2
e 33 23 2
e 33 37 2
e 33 38 2
e 33 287 2
e 34 2 2
e 34 23 2
e 34 35 2
e 34 38 2
e 34 65 2
e 35 2 2
e 35 23 2
e 35 37 2
e 35 38 2
e 35 288 2
e 36 2 4
e 36 11 1
e 36 21 1
e 36 23 1
e 36 37 2
e 36 38 4
e 36 52 1
e 36 276 1
e 36 327 2
e 37 2 44
e 37 3 2
e 37 5 10
e 37 18 2
e 37 19 1
e 37 21 2
e 37 28 2
e 37 34 2
e 37 36 2
e 37 38 53
e 37 41 2
e 37 43 3
e 37 47 8
e 37 52 1
e 37 62 2
e 37 63 2
e 37 64 2
e 37 65 2
e 37 66 1
e 37 67 1
e 37 78 1
e 37 110 1
e 37 112 3
e 37 113 1
e 37 118 1
e 37 133 3
e 37 139 2
e 37 170 2
e 37 177 1
e 37 178 1
e 37 193 1
e 37 197 1
e 37 216 2
e 37 293 2
e 37 299 2
e 37 305 1
e 37 323 2
e 37 326 1
e 37 328 1
e 37 332 1
e 37 363 1
e 37 388 1
e 37 414 1
e 37 418 1
e 37 420 1
e 37 422 2
e 37 498 1
e 37 511 1
e 37 514 1
e 37 517 1
e 37 526 1
e 37 528 1
e 37 530 1
e 37 533 1
e 37 534 1
e 37 542 1
e 37 550 1
e 37 572 2
e 37 583 1
e 37 584 1
e 37 588 1
e 37 601 1
e 37 606 1
e 37 607 1
e 37 614 1
e 37 616 1
e 37 623 1
e 37 638 1
e 38 2 3
e 38 11 1
e 38 19 1
e 38 24 2
e 38 26 2
e 38 37 31
e 38 47 7
e 38 62 2
e 38 65 2
e 38 112 1
e 38 133 3
e 38 170 2
e 38 216 2
e 38 217 2
e 38 258 2
e 38 282 2
e 38 283 2
e 38 284 2
e 38 285 2
e 38 286 2
e 38 287 2
e 38 288 2
e 38 302 1
e 38 304 1
e 38 305 1
e 38 316 2
e 38 353 2
e 38 363 1
e 38 459 1
e 38 498 1
e 38 503 1
e 38 583 1
e 39 2 114
e 39 5 5
e 39 11 46
e 39 13 1
e 39 16 1
e 39 19 12
e 39 21 1
e 39 23 8
e 39 37 3
e 39 40 4
e 39 41 140
e 39 42 1
e 39 43 67
e 39 45 1
e 39 47 2
e 39 49 1
e 39 53 2
e 39 66 2
e 39 76 1
e 39 77 28
e 39 78 36
e 39 82 7
e 39 84 1
e 39 85 1
e 39 86 3
e 39 87 2
e 39 88 1
e 39 93 3
e 39 95 3
e 39 96 1
e 39 97 1
e 39 100 2
e 39 102 1
e 39 103 4
e 39 105 5
e 39 107 1
e 39 110 1
e 39 112 2
e 39 116 2
e 39 118 5
e 39 119 1
e 39 120 1
e 39 124 2
e 39 131 2
e 39 132 1
e 39 133 4
e 39 134 1
e 39 135 1
e 39 136 1
e 39 141 1
e 39 142 1
e 39 145 1
e 39 148 2
e 39 151 1
e 39 155 2
e 39 156 2
e 39 159 2
e 39 160 1
e 39 161 1
e 39 163 1
e 39 164 1
e 39 165 1
e 39 166 1
e 39 168 2
e 39 170 2
e 39 171 1
e 39 172 1
e 39 174 1
e 39 175 1
e 39 176 1
e 39 178 1
e 39 180 2
e 39 186 4
e 39 187 1
e 39 189 1
e 39 190 1
e 39 191 1
e 39 192 1
e 39 197 1
e 39 198 1
e 39 199 2
e 39 203 1
e 39 204 1
e 39 207 3
e 39 208 3
e 39 210 3
e 39 213 1
e 39 214 1
e 39 215 1
e 39 219 1
e 39 223 4
e 39 224 3
e 39 225 4
e 39 226 1
e 39 227 1
e 39 228 1
e 39 229 1
e 39 235 3
e 39 239 2
e 39 240 3
e 39 243 3
e 39 244 4
e 39 249 1
e 39 250 1
e 39 261 1
e 39 267 1
e 39 270 2
e 39 271 1
e 39 273 1
e 39 274 1
e 39 275 1
e 39 277 4
e 39 278 4
e 39 279 1
e 39 291 2
e 39 292 2
e 39 293 2
e 39 294 1
e 39 296 1
e 39 297 1
e 39 299 1
e 39 303 2
e 39 304 1
e 39 306 2
e 39 308 1
e 39 310 1
e 39 314 3
e 39 315 1
e 39 318 1
e 39 321 1
e 39 323 2
e 39 324 1
e 39 325 1
e 39 327 4
e 39 331 1
e 39 332 3
e 39 333 4
e 39 335 1
e 39 337 1
e 39 339 1
e 39 340 1
e 39 343 1
e 39 344 1
e 39 345 1
e 39 346 1
e 39 350 1
e 39 351 1
e 39 353 1
e 39 354 1
e 39 357 1
e 39 358 1
e 39 359 1
e 39 360 1
e 39 361 1
e 39 362 1
e 39 363 1
e 39 364 1
e 39 375 1
e 39 379 4
e 39 381 1
e 39 383 1
e 39 385 1
e 39 388 2
e 39 392 1
e 39 396 1
e 39 397 1
e 39 399 1
e 39 407 3
e 39 408 1
e 39 409 1
e 39 410 1
e 39 440 1
e 39 441 1
e 39 445 2
e 39 446 1
e 39 448 1
e 39 449 1
e 39 450 1
e 39 452 1
e 39 454 1
e 39 460 1
e 39 461 1
e 39 462 1
e 39 463 1
e 39 464 5
e 39 465 1
e 39 466 1
e 39 471 1
e 39 472 1
e 39 473 1
e 39 474 1
e 39 478 1
e 39 481 3
e 39 486 2
e 39 491 2
e 39 492 2
e 39 493 4
e 39 494 2
e 39 495 2
e 39 496 2
e 39 497 2
e 39 500 1
e 39 501 1
e 39 507 1
e 39 511 4
e 39 514 2
e 39 517 1
e 39 518 2
e 39 519 2
e 39 520 1
e 39 522 1
e 39 524 1
e 39 525 1
e 39 528 1
e 39 530 1
e 39 533 1
e 39 534 1
e 39 538 1
e 39 539 1
e 39 543 2
e 39 547 1
e 39 548 1
e 39 550 1
e 39 561 2
e 39 562 1
e 39 563 1
e 39 564 1
e 39 567 1
e 39 569 2
e 39 574 2
e 39 576 1
e 39 577 1
e 39 578 1
e 39 584 1
e 39 585 1
e 39 587 1
e 39 588 2
e 39 591 1
e 39 594 1
e 39 596 1
e 39 599 1
e 39 601 1
e 39 602 2
e 39 604 1
e 39 605 1
e 39 606 2
e 39 607 2
e 39 608 1
e 39 609 1
e 39 614 1
e 39 616 1
e 39 618 2
e 39 619 2
e 39 622 2
e 39 623 2
e 39 624 2
e 39 628 1
e 39 638 2
e 39 639 1
e 39 643 1
e 39 644 1
e 40 2 4
e 40 19 1
e 40 41 4
e 40 42 1
e 40 43 4
e 40 47 1
e 40 120 1
e 40 168 1
e 40 170 1
e 41 2 98
e 41 5 2
e 41 11 3
e 41 16 1
e 41 19 4
e 41 23 1
e 41 39 3
e 41 42 1
e 41 43 66
e 41 45 2
e 41 47 1
e 41 82 1
e 41 86 2
e 41 87 1
e 41 93 1
e 41 97 1
e 41 102 1
e 41 103 2
e 41 105 2
e 41 112 1
e 41 119 1
e 41 124 2
e 41 131 2
e 41 132 1
e 41 141 1
e 41 156 1
e 41 168 2
e 41 170 1
e 41 178 1
e 41 180 2
e 41 187 1
e 41 192 1
e 41 204 1
e 41 207 2
e 41 208 3
e 41 210 1
e 41 223 2
e 41 225 2
e 41 227 1
e 41 229 1
e 41 235 1
e 41 240 1
e 41 244 2
e 41 249 1
e 41 267 1
e 41 277 1
e 41 278 2
e 41 292 2
e 41 293 1
e 41 294 1
e 41 296 1
e 41 303 1
e 41 314 3
e 41 324 1
e 41 327 1
e 41 332 1
e 41 341 1
e 41 362 1
e 41 379 1
e 41 388 1
e 41 399 1
e 41 407 1
e 41 441 1
e 41 445 1
e 41 452 1
e 41 464 2
e 41 466 1
e 41 472 1
e 41 474 1
e 41 491 2
e 41 492 2
e 41 493 2
e 41 494 2
e 41 495 2
e 41 497 2
e 41 501 1
e 41 511 1
e 41 514 1
e 41 519 2
e 41 520 1
e 41 522 1
e 41 524 1
e 41 525 1
e 41 543 1
e 41 548 1
e 41 561 1
e 41 563 1
e 41 569 1
e 41 588 1
e 41 602 2
e 41 606 1
e 41 618 1
e 41 619 1
e 41 622 1
e 41 638 1
e 41 644 1
e 42 5 16
e 42 11 16
e 42 23 18
e 42 43 1
e 42 112 16
e 42 113 16
e 42 291 1
e 42 419 1
e 42 421 1
e 42 423 1
e 42 424 1
e 42 425 1
e 42 426 2
e 42 430 1
e 42 431 1
e 42 432 1
e 42 433 1
e 42 434 1
e 42 435 1
e 42 436 1
e 42 437 1
e 42 438 1
e 42 439 1
e 43 2 9
e 43 5 1
e 43 11 2
e 43 23 2
e 43 38 2
e 43 39 2
e 43 41 1
e 43 43 3
e 43 47 1
e 43 49 2
e 43 53 3
e 43 78 2
e 43 94 4
e 43 113 4
e 43 124 2
e 43 163 2
e 43 183 1
e 43 222 2
e 43 280 4
e 43 281 2
e 43 314 1
e 43 323 2
e 43 332 2
e 43 352 1
e 43 511 1
e 43 514 1
e 43 520 1
e 43 541 2
e 43 561 1
e 43 569 1
e 43 588 1
e 43 602 2
e 43 606 1
e 43 607 1
e 43 618 1
e 43 619 1
e 43 620 1
e 43 622 1
e 43 638 1
e 43 644 1
e 44 45 1
e 44 46 1
e 44 47 1
e 45 10 1
e 45 14 1
e 45 16 1
e 45 39 1
e 45 43 4
e 45 46 1
e 45 47 11
e 45 194 2
e 45 242 1
e 45 298 1
e 45 308 1
e 45 320 1
e 45 451 1
e 45 455 1
e 45 548 2
e 45 570 1
e 45 593 1
e 45 597 1
e 45 612 1
e 45 613 1
e 45 620 1
e 46 11 2
e 46 47 1
e 46 52 2
e 46 106 2
e 47 2 2
e 47 5 5
e 47 11 1
e 47 14 1
e 47 21 3
e 47 38 1
e 47 41 1
e 47 43 1
e 47 51 1
e 47 52 1
e 47 53 1
e 47 54 1
e 47 170 1
e 47 183 1
e 47 216 1
e 47 217 1
e 47 239 2
e 47 247 1
e 47 298 1
e 47 581 1
e 47 612 1
e 48 2 1
e 48 23 1
e 48 39 1
e 48 41 1
e 48 49 1
e 48 156 2
e 49 2 2
e 49 41 1
e 49 113 2
e 50 2 3
e 50 5 1
e 50 47 1
e 50 51 1
e 50 133 3
e 50 574 2
e 51 2 1
e 51 5 1
e 51 112 1
e 51 113 1
e 51 246 1
e 52 2 3
e 52 5 1
e 52 21 1
e 52 23 1
e 52 38 1
e 52 39 3
e 52 41 2
e 52 43 1
e 52 53 2
e 52 77 1
e 52 78 1
e 52 106 2
e 52 210 1
e 52 216 1
e 53 2 1
e 53 5 1
e 53 11 1
e 53 23 2
e 53 41 2
e 53 43 1
e 53 52 1
e 53 183 1
e 54 2 2
e 54 5 2
e 54 55 1
e 54 112 1
e 54 113 1
e 54 245 1
e 55 5 1
e 56 2 1
e 56 57 1
e 56 58 1
e 57 2 1
e 57 58 1
e 58 2 1
e 58 47 1
e 58 59 1
e 59 2 3
e 59 39 1
e 59 41 1
e 59 47 1
e 59 145 1
e 59 464 2
e 60 2 2
e 60 11 2
e 60 24 2
e 60 37 2
e 60 38 2
e 61 26 2
e 61 37 2
e 61 38 2
e 63 2 2
e 63 11 2
e 63 38 2
e 64 2 2
e 64 11 2
e 64 38 2
e 66 2 1
e 66 38 1
e 66 67 1
e 66 78 2
e 67 38 1
e 68 2 2
e 68 5 2
e 68 11 1
e 68 21 2
e 68 23 4
e 68 42 2
e 68 69 2
e 68 74 1
e 68 75 1
e 68 76 1
e 68 112 1
e 68 426 2
e 68 427 1
e 69 2 1
e 69 5 2
e 69 23 2
e 69 68 1
e 69 426 1
e 69 427 1
e 70 2 1
e 70 23 1
e 70 71 2
e 71 5 2
e 71 18 2
e 71 112 2
e 71 113 2
e 72 18 2
e 72 19 4
e 72 48 2
e 72 73 2
e 72 156 2
e 73 2 2
e 73 19 2
e 73 43 2
e 73 49 2
e 73 112 2
e 73 113 2
e 74 2 2
e 74 23 1
e 74 68 1
e 74 75 1
e 74 76 1
e 75 43 1
e 75 77 1
e 75 523 1
e 75 524 1
e 76 78 1
e 76 270 1
e 77 2 13
e 77 11 1
e 77 19 3
e 77 37 2
e 77 39 3
e 77 41 3
e 77 43 2
e 77 66 2
e 77 78 25
e 77 82 1
e 77 85 1
e 77 93 1
e 77 95 2
e 77 99 1
e 77 102 1
e 77 110 1
e 77 112 1
e 77 118 1
e 77 151 1
e 77 154 1
e 77 159 2
e 77 161 1
e 77 164 2
e 77 166 1
e 77 172 1
e 77 186 2
e 77 197 1
e 77 198 1
e 77 210 1
e 77 214 1
e 77 224 1
e 77 235 1
e 77 243 1
e 77 277 1
e 77 306 1
e 77 310 1
e 77 327 1
e 77 331 1
e 77 332 1
e 77 333 2
e 77 337 1
e 77 339 1
e 77 344 1
e 77 358 1
e 77 375 1
e 77 379 1
e 77 381 1
e 77 388 1
e 77 407 1
e 77 409 1
e 77 445 1
e 77 449 1
e 77 461 1
e 77 464 1
e 77 507 1
e 77 511 1
e 77 514 1
e 77 517 1
e 77 518 1
e 77 528 1
e 77 530 1
e 77 533 1
e 77 534 1
e 77 550 1
e 77 577 1
e 77 584 1
e 77 588 1
e 77 601 1
e 77 606 1
e 77 607 1
e 77 609 1
e 77 614 1
e 77 616 1
e 77 623 1
e 77 628 1
e 77 638 1
e 78 2 1
e 78 43 1
e 78 95 2
e 78 150 1
e 78 174 1
e 78 259 2
e 78 322 1
e 78 343 1
e 78 363 1
e 78 464 1
e 78 507 1
e 78 511 2
e 78 544 1
e 78 577 1
e 78 590 1
e 78 597 1
e 78 609 1
e 78 611 1
e 78 626 1
e 79 2 1
e 79 19 1
e 79 47 1
e 79 80 1
e 80 2 1
e 80 47 1
e 80 78 1
e 80 250 1
e 80 261 1
e 81 2 1
e 81 19 2
e 81 43 1
e 81 47 1
e 81 79 1
e 81 82 2
e 81 149 1
e 81 193 1
e 81 402 2
e 82 2 10
e 82 11 7
e 82 19 12
e 82 37 2
e 82 38 1
e 82 40 1
e 82 41 4
e 82 43 5
e 82 47 1
e 82 77 2
e 82 78 3
e 82 79 1
e 82 84 1
e 82 95 1
e 82 101 1
e 82 106 1
e 82 110 1
e 82 112 1
e 82 118 1
e 82 149 1
e 82 164 1
e 82 168 1
e 82 197 1
e 82 235 1
e 82 327 1
e 82 331 1
e 82 332 1
e 82 333 2
e 82 343 1
e 82 363 1
e 82 379 1
e 82 381 1
e 82 388 1
e 82 403 1
e 82 404 1
e 82 407 1
e 82 445 1
e 82 511 1
e 82 514 1
e 82 517 1
e 82 528 1
e 82 530 1
e 82 533 1
e 82 534 1
e 82 543 1
e 82 550 1
e 82 584 1
e 82 588 1
e 82 601 1
e 82 606 1
e 82 607 1
e 82 614 1
e 82 616 1
e 82 623 1
e 82 638 1
e 83 2 1
e 83 11 1
e 83 19 1
e 83 39 1
e 83 41 1
e 83 43 1
e 83 82 1
e 83 84 1
e 84 2 1
e 84 19 1
e 84 41 1
e 84 43 1
e 85 2 1
e 85 11 1
e 85 19 1
e 85 37 1
e 85 41 1
e 85 43 1
e 85 82 1
e 85 86 2
e 85 87 2
e 85 110 1
e 85 112 1
e 85 118 1
e 85 197 1
e 85 224 1
e 85 235 1
e 85 243 1
e 85 277 1
e 85 306 1
e 85 310 1
e 85 327 1
e 85 331 1
e 85 332 1
e 85 333 1
e 85 339 1
e 85 379 1
e 85 381 1
e 85 388 1
e 85 407 1
e 85 445 1
e 85 511 1
e 85 514 1
e 85 517 1
e 85 528 1
e 85 530 1
e 85 533 1
e 85 534 1
e 85 550 1
e 85 584 1
e 85 588 1
e 85 601 1
e 85 606 1
e 85 607 1
e 85 614 1
e 85 616 1
e 85 623 1
e 85 628 1
e 85 638 1
e 86 11 1
e 86 87 2
e 86 524 1
e 87 11 1
e 87 41 2
e 87 86 2
e 87 524 1
e 88 2 5
e 88 5 2
e 88 43 1
e 88 78 1
e 88 89 2
e 88 114 3
e 88 147 2
e 88 148 2
e 88 212 1
e 88 379 1
e 88 582 1
e 88 630 1
e 88 636 1
e 89 2 1
e 89 5 2
e 89 110 1
e 89 475 1
e 89 588 1
e 90 2 2
e 90 91 1
e 91 2 1
e 91 43 2
e 91 94 2
e 91 541 2
e 92 2 1
e 92 11 1
e 92 77 1
e 92 93 1
e 93 2 2
e 93 11 2
e 93 77 2
e 93 95 2
e 93 237 2
e 93 276 2
e 93 281 2
e 93 565 2
e 93 568 2
e 93 642 2
e 94 77 1
e 94 78 1
e 94 95 1
e 94 115 1
e 94 541 2
e 95 19 1
e 95 77 1
e 95 78 11
e 95 104 1
e 95 150 1
e 95 174 1
e 95 281 2
e 95 333 1
e 95 343 1
e 95 363 1
e 95 486 2
e 95 511 2
e 95 641 1
e 96 2 1
e 96 39 1
e 96 41 1
e 96 43 1
e 96 78 1
e 96 97 1
e 96 105 1
e 97 2 1
e 97 75 1
e 97 522 1
e 97 523 1
e 97 524 1
e 98 2 1
e 98 43 1
e 98 77 1
e 98 99 1
e 98 105 1
e 99 11 2
e 99 127 2
e 100 2 2
e 100 41 2
e 100 43 2
e 100 99 2
e 100 101 2
e 101 2 1
e 101 19 1
e 101 99 2
e 101 117 2
e 101 118 2
e 101 404 1
e 102 2 10
e 102 5 1
e 102 11 2
e 102 19 4
e 102 37 1
e 102 39 8
e 102 41 4
e 102 43 6
e 102 77 4
e 102 78 4
e 102 82 2
e 102 85 1
e 102 98 1
e 102 100 2
e 102 103 1
e 102 104 1
e 102 105 1
e 102 110 1
e 102 112 1
e 102 118 1
e 102 133 1
e 102 155 2
e 102 159 2
e 102 163 1
e 102 164 1
e 102 167 1
e 102 168 1
e 102 169 1
e 102 170 2
e 102 171 1
e 102 172 1
e 102 186 1
e 102 197 1
e 102 198 1
e 102 210 1
e 102 224 1
e 102 235 1
e 102 243 1
e 102 277 1
e 102 306 1
e 102 310 1
e 102 327 1
e 102 331 1
e 102 332 1
e 102 333 1
e 102 339 1
e 102 379 1
e 102 381 1
e 102 388 1
e 102 407 1
e 102 445 1
e 102 511 1
e 102 514 1
e 102 517 1
e 102 528 1
e 102 530 1
e 102 533 1
e 102 534 1
e 102 550 1
e 102 584 1
e 102 588 1
e 102 601 1
e 102 606 1
e 102 607 1
e 102 614 1
e 102 616 1
e 102 623 1
e 102 628 1
e 102 638 1
e 103 2 7
e 103 11 4
e 103 43 2
e 103 77 1
e 103 78 2
e 103 96 1
e 103 98 1
e 103 104 1
e 103 105 5
e 103 128 1
e 103 186 1
e 103 219 1
e 103 239 2
e 103 260 1
e 103 375 1
e 103 396 1
e 103 463 1
e 103 492 1
e 103 511 1
e 103 522 1
e 103 524 1
e 103 569 1
e 104 2 2
e 104 37 1
e 104 38 1
e 104 43 1
e 104 78 1
e 104 98 1
e 104 105 1
e 104 112 1
e 104 117 2
e 104 133 1
e 104 363 1
e 105 2 4
e 105 11 1
e 105 41 2
e 105 43 2
e 105 78 1
e 105 103 2
e 105 244 1
e 105 511 1
e 105 522 1
e 105 524 1
e 106 11 1
e 106 19 1
e 106 133 1
e 106 293 1
e 107 78 1
e 107 108 1
e 109 5 1
e 109 11 1
e 109 110 1
e 109 111 1
e 110 2 2
e 110 41 1
e 110 43 1
e 110 111 1
e 110 118 1
e 110 332 1
e 110 475 1
e 110 511 1
e 110 584 1
e 110 588 2
e 110 601 1
e 110 606 1
e 110 607 1
e 110 614 1
e 110 616 1
e 110 623 1
e 110 638 1
e 111 5 1
e 111 133 1
e 112 2 20
e 112 5 3
e 112 18 4
e 112 20 1
e 112 41 1
e 112 43 5
e 112 47 2
e 112 49 2
e 112 78 1
e 112 110 1
e 112 113 24
e 112 118 3
e 112 133 1
e 112 141 2
e 112 154 4
e 112 162 2
e 112 163 2
e 112 178 1
e 112 197 1
e 112 237 1
e 112 248 1
e 112 273 1
e 112 303 1
e 112 305 1
e 112 317 2
e 112 332 1
e 112 345 1
e 112 425 1
e 112 430 1
e 112 432 1
e 112 477 2
e 112 498 1
e 112 506 2
e 112 509 2
e 112 511 1
e 112 514 2
e 112 517 1
e 112 522 1
e 112 523 2
e 112 528 1
e 112 530 1
e 112 533 1
e 112 534 1
e 112 550 1
e 112 574 1
e 112 584 1
e 112 585 2
e 112 588 1
e 112 590 1
e 112 601 1
e 112 606 1
e 112 607 1
e 112 614 1
e 112 616 1
e 112 623 2
e 112 638 1
e 113 5 17
e 113 11 17
e 113 23 17
e 113 38 1
e 113 47 2
e 113 68 1
e 113 78 1
e 113 104 1
e 113 112 36
e 113 118 2
e 113 133 1
e 113 153 1
e 113 237 1
e 113 245 1
e 113 246 1
e 113 248 1
e 113 273 1
e 113 291 1
e 113 304 1
e 113 305 1
e 113 312 1
e 113 345 1
e 113 396 1
e 113 419 1
e 113 421 1
e 113 423 1
e 113 424 1
e 113 425 1
e 113 429 1
e 113 430 1
e 113 431 1
e 113 432 1
e 113 433 1
e 113 434 1
e 113 435 1
e 113 436 1
e 113 437 1
e 113 438 1
e 113 439 1
e 113 498 1
e 113 503 1
e 113 514 1
e 113 522 1
e 113 523 2
e 113 524 1
e 113 574 1
e 113 585 2
e 113 590 1
e 113 620 1
e 113 623 1
e 114 2 3
e 114 11 1
e 114 94 1
e 114 115 1
e 114 379 1
e 114 582 1
e 116 2 5
e 116 11 1
e 116 19 1
e 116 37 1
e 116 39 1
e 116 41 3
e 116 43 3
e 116 77 1
e 116 82 1
e 116 85 1
e 116 101 2
e 116 102 1
e 116 110 1
e 116 112 1
e 116 117 2
e 116 118 5
e 116 132 1
e 116 154 1
e 116 164 1
e 116 186 1
e 116 197 1
e 116 198 1
e 116 210 1
e 116 224 1
e 116 232 1
e 116 235 1
e 116 236 1
e 116 243 1
e 116 277 1
e 116 306 1
e 116 310 1
e 116 311 1
e 116 324 2
e 116 325 2
e 116 327 1
e 116 331 1
e 116 332 1
e 116 333 1
e 116 339 1
e 116 379 1
e 116 381 1
e 116 388 1
e 116 407 1
e 116 445 1
e 116 511 1
e 116 514 1
e 116 517 1
e 116 528 1
e 116 530 1
e 116 533 1
e 116 534 1
e 116 550 1
e 116 571 1
e 116 584 1
e 116 588 1
e 116 598 1
e 116 601 1
e 116 606 1
e 116 607 1
e 116 614 1
e 116 616 1
e 116 623 1
e 116 628 1
e 116 638 1
e 117 118 2
e 118 2 3
e 118 11 1
e 118 41 5
e 118 43 5
e 118 116 2
e 118 133 1
e 118 327 1
e 118 330 1
e 118 331 2
e 118 511 1
e 118 602 2
e 118 606 1
e 118 607 1
e 118 614 1
e 118 616 1
e 118 623 1
e 118 638 1
e 119 2 2
e 119 39 1
e 119 40 1
e 119 41 1
e 119 43 2
e 119 120 1
e 120 2 1
e 120 41 1
e 120 43 1
e 121 2 2
e 121 39 2
e 121 41 2
e 121 43 2
e 121 100 2
e 121 102 2
e 121 120 2
e 122 123 1
e 122 124 1
e 123 2 2
e 123 3 2
e 123 37 2
e 123 38 2
e 123 124 1
e 124 23 1
e 124 248 1
e 124 575 1
e 125 126 2
e 125 127 2
e 126 127 2
e 127 2 2
e 127 5 2
e 127 37 4
e 127 38 4
e 127 47 2
e 127 170 4
e 127 216 1
e 127 217 1
e 127 257 1
e 127 258 1
e 128 2 3
e 128 11 2
e 128 43 1
e 128 78 1
e 128 129 1
e 128 239 1
e 128 269 1
e 128 552 1
e 128 553 1
e 129 2 1
e 129 43 2
e 129 254 1
e 129 255 1
e 130 2 5
e 130 39 3
e 130 41 2
e 130 43 2
e 130 47 2
e 130 77 1
e 130 78 1
e 130 131 2
e 130 134 2
e 130 186 1
e 130 315 1
e 130 337 1
e 130 464 1
e 130 599 1
e 131 2 3
e 131 39 1
e 131 41 1
e 131 43 3
e 131 520 1
e 131 619 1
e 132 2 14
e 132 5 2
e 132 11 2
e 132 19 1
e 132 23 2
e 132 37 2
e 132 38 1
e 132 39 3
e 132 41 2
e 132 43 3
e 132 47 1
e 132 77 2
e 132 78 1
e 132 82 1
e 132 85 1
e 132 102 1
e 132 110 1
e 132 112 1
e 132 118 1
e 132 130 2
e 132 132 2
e 132 133 1
e 132 135 1
e 132 136 1
e 132 146 2
e 132 151 2
e 132 154 1
e 132 164 1
e 132 185 2
e 132 186 3
e 132 197 1
e 132 198 1
e 132 210 1
e 132 224 1
e 132 235 1
e 132 243 1
e 132 277 1
e 132 306 1
e 132 310 1
e 132 327 1
e 132 331 1
e 132 332 1
e 132 333 1
e 132 339 1
e 132 379 1
e 132 381 1
e 132 388 1
e 132 407 1
e 132 445 1
e 132 511 1
e 132 514 1
e 132 517 3
e 132 528 1
e 132 530 1
e 132 533 1
e 132 534 1
e 132 550 1
e 132 584 1
e 132 588 1
e 132 601 1
e 132 606 1
e 132 607 1
e 132 614 1
e 132 616 1
e 132 622 1
e 132 623 2
e 132 628 1
e 132 638 1
e 133 2 4
e 133 37 1
e 133 41 3
e 133 43 2
e 133 47 4
e 133 77 1
e 133 78 1
e 133 82 1
e 133 168 1
e 133 207 1
e 133 208 1
e 133 219 1
e 133 389 2
e 133 514 1
e 133 574 2
e 134 2 1
e 134 19 2
e 134 41 1
e 134 43 1
e 134 47 2
e 134 618 1
e 134 622 1
e 135 77 1
e 135 78 1
e 135 136 1
e 136 77 1
e 136 78 1
e 137 2 1
e 137 11 1
e 137 39 1
e 137 41 1
e 137 43 1
e 137 132 1
e 138 2 2
e 138 37 2
e 138 38 2
e 138 139 2
e 139 2 2
e 139 38 2
e 140 2 2
e 140 36 2
e 140 37 2
e 140 38 2
e 141 2 3
e 141 11 1
e 141 43 1
e 141 113 2
e 141 142 1
e 141 216 1
e 141 258 1
e 141 276 6
e 142 2 1
e 142 41 1
e 142 43 1
e 142 141 1
e 143 11 1
e 143 132 1
e 143 144 1
e 144 132 1
e 145 2 1
e 145 41 1
e 145 46 2
e 146 5 2
e 146 23 2
e 146 88 2
e 146 147 2
e 146 148 2
e 147 148 2
e 148 2 2
e 148 41 2
e 148 43 2
e 148 180 2
e 149 2 1
e 149 19 1
e 149 47 1
e 149 78 1
e 149 95 1
e 149 150 1
e 150 405 2
e 151 5 2
e 151 23 2
e 151 78 1
e 151 146 2
e 152 2 1
e 152 112 1
e 152 113 1
e 152 133 1
e 152 153 1
e 153 11 1
e 153 43 1
e 153 112 1
e 153 536 1
e 154 2 6
e 154 5 1
e 154 11 4
e 154 19 1
e 154 37 1
e 154 39 2
e 154 41 1
e 154 43 1
e 154 47 2
e 154 77 1
e 154 78 1
e 154 82 1
e 154 85 1
e 154 99 2
e 154 102 1
e 154 109 1
e 154 110 1
e 154 111 1
e 154 112 1
e 154 113 4
e 154 118 1
e 154 133 2
e 154 155 2
e 154 156 1
e 154 158 2
e 154 160 1
e 154 161 1
e 154 164 1
e 154 186 1
e 154 197 1
e 154 198 1
e 154 210 1
e 154 224 1
e 154 235 1
e 154 243 1
e 154 277 1
e 154 306 1
e 154 310 1
e 154 327 1
e 154 331 1
e 154 332 1
e 154 333 1
e 154 339 1
e 154 379 1
e 154 381 1
e 154 388 1
e 154 407 1
e 154 445 1
e 154 511 1
e 154 514 1
e 154 517 1
e 154 528 1
e 154 530 1
e 154 533 1
e 154 534 1
e 154 550 1
e 154 584 1
e 154 588 1
e 154 601 1
e 154 606 1
e 154 607 1
e 154 614 1
e 154 616 1
e 154 623 1
e 154 628 1
e 154 638 1
e 155 2 4
e 155 43 2
e 155 77 2
e 155 78 2
e 155 133 2
e 155 159 2
e 156 2 3
e 156 5 1
e 156 19 1
e 156 41 1
e 156 43 4
e 156 110 5
e 156 111 1
e 156 133 1
e 156 154 2
e 156 155 2
e 156 156 3
e 156 158 2
e 156 514 1
e 156 515 1
e 156 554 2
e 157 154 2
e 157 156 2
e 157 158 2
e 159 2 2
e 159 78 2
e 159 99 2
e 159 154 2
e 160 77 1
e 160 78 1
e 160 161 1
e 161 78 1
e 162 2 5
e 162 11 1
e 162 43 2
e 162 47 1
e 162 112 2
e 162 113 4
e 162 163 2
e 162 247 1
e 163 2 2
e 163 41 1
e 163 113 2
e 164 2 2
e 164 11 2
e 164 19 2
e 164 37 1
e 164 39 2
e 164 41 1
e 164 43 1
e 164 77 1
e 164 78 2
e 164 82 1
e 164 85 1
e 164 102 2
e 164 110 1
e 164 112 1
e 164 118 1
e 164 133 1
e 164 165 1
e 164 166 1
e 164 186 1
e 164 197 1
e 164 198 1
e 164 210 1
e 164 224 1
e 164 235 1
e 164 243 1
e 164 277 1
e 164 306 1
e 164 310 1
e 164 327 1
e 164 331 1
e 164 332 1
e 164 333 1
e 164 339 1
e 164 379 1
e 164 381 1
e 164 388 1
e 164 407 1
e 164 445 1
e 164 511 1
e 164 514 1
e 164 517 1
e 164 528 1
e 164 530 1
e 164 533 1
e 164 534 1
e 164 550 1
e 164 584 1
e 164 588 1
e 164 601 1
e 164 606 1
e 164 607 1
e 164 614 1
e 164 616 1
e 164 623 1
e 164 628 1
e 164 638 1
e 165 77 1
e 165 78 1
e 165 166 1
e 166 78 1
e 167 2 1
e 167 5 1
e 167 39 1
e 167 77 1
e 167 78 1
e 167 273 1
e 167 518 1
e 168 2 5
e 168 19 1
e 168 43 4
e 168 155 2
e 168 156 2
e 168 169 1
e 169 2 3
e 169 43 1
e 170 2 1
e 170 5 1
e 170 23 1
e 170 41 1
e 170 43 1
e 170 45 1
e 170 70 1
e 170 216 1
e 171 77 1
e 171 78 1
e 171 172 1
e 172 78 1
e 173 2 1
e 173 11 1
e 173 39 1
e 173 41 1
e 173 43 1
e 173 102 1
e 174 2 1
e 174 78 1
e 174 544 1
e 175 2 2
e 175 78 1
e 175 176 1
e 175 182 2
e 176 78 1
e 177 2 3
e 177 11 2
e 177 37 1
e 177 38 2
e 177 112 1
e 177 113 1
e 177 178 2
e 178 2 9
e 178 38 1
e 178 43 1
e 178 113 1
e 178 178 2
e 179 2 2
e 179 175 1
e 180 2 2
e 180 43 2
e 180 175 2
e 180 181 2
e 180 182 2
e 181 175 2
e 181 182 2
e 182 2 3
e 182 52 1
e 182 112 2
e 182 113 2
e 182 210 1
e 182 523 2
e 183 11 3
e 183 184 2
e 183 374 2
e 184 2 2
e 184 5 2
e 184 11 3
e 184 43 2
e 184 47 1
e 184 53 1
e 184 183 1
e 184 202 2
e 184 216 1
e 184 217 1
e 184 239 1
e 184 265 1
e 184 295 1
e 185 2 13
e 185 11 1
e 185 78 2
e 185 186 13
e 185 187 1
e 185 235 2
e 185 314 2
e 185 327 2
e 185 332 2
e 185 445 2
e 185 517 2
e 185 528 2
e 185 529 2
e 185 533 2
e 185 534 2
e 185 549 2
e 186 2 19
e 186 11 1
e 186 19 1
e 186 37 1
e 186 41 3
e 186 43 1
e 186 78 2
e 186 82 1
e 186 85 1
e 186 105 1
e 186 110 1
e 186 112 1
e 186 118 1
e 186 187 1
e 186 197 1
e 186 210 1
e 186 223 2
e 186 224 1
e 186 235 1
e 186 243 1
e 186 277 1
e 186 306 1
e 186 310 1
e 186 327 1
e 186 331 1
e 186 332 1
e 186 333 1
e 186 336 1
e 186 337 1
e 186 338 1
e 186 339 1
e 186 379 1
e 186 381 1
e 186 388 1
e 186 407 1
e 186 445 1
e 186 464 3
e 186 511 1
e 186 514 1
e 186 517 3
e 186 528 3
e 186 529 2
e 186 530 1
e 186 533 3
e 186 534 3
e 186 549 2
e 186 550 1
e 186 584 1
e 186 588 1
e 186 601 1
e 186 606 1
e 186 607 1
e 186 614 1
e 186 616 1
e 186 623 1
e 186 628 1
e 186 638 1
e 187 43 1
e 187 78 2
e 187 185 2
e 187 232 1
e 188 2 1
e 188 39 1
e 188 41 1
e 188 78 1
e 188 189 1
e 189 2 1
e 189 41 1
e 190 77 1
e 190 78 1
e 190 151 1
e 191 2 1
e 191 11 1
e 191 41 1
e 191 43 1
e 191 192 1
e 192 2 9
e 192 37 1
e 192 38 1
e 192 43 1
e 192 177 1
e 192 192 2
e 192 314 1
e 193 5 2
e 193 11 1
e 193 38 1
e 193 531 1
e 193 542 1
e 194 43 3
e 194 81 1
e 195 2 2
e 195 196 1
e 196 2 1
e 197 2 1
e 197 41 1
e 197 43 2
e 197 110 1
e 197 118 1
e 197 198 2
e 197 199 2
e 197 332 1
e 197 511 1
e 197 514 1
e 197 528 1
e 197 530 1
e 197 533 1
e 197 534 1
e 197 584 1
e 197 588 1
e 197 601 1
e 197 606 1
e 197 607 1
e 197 614 1
e 197 616 1
e 197 623 1
e 197 638 1
e 198 2 1
e 198 11 1
e 198 19 1
e 198 37 1
e 198 41 1
e 198 43 1
e 198 82 1
e 198 85 1
e 198 110 1
e 198 112 1
e 198 118 1
e 198 186 1
e 198 197 1
e 198 199 2
e 198 210 1
e 198 224 1
e 198 235 1
e 198 243 1
e 198 277 1
e 198 306 1
e 198 310 1
e 198 327 1
e 198 331 1
e 198 332 1
e 198 333 1
e 198 339 1
e 198 379 1
e 198 381 1
e 198 388 1
e 198 407 1
e 198 445 1
e 198 511 1
e 198 514 1
e 198 517 1
e 198 528 1
e 198 530 1
e 198 533 1
e 198 534 1
e 198 550 1
e 198 584 1
e 198 588 1
e 198 601 1
e 198 606 1
e 198 607 1
e 198 614 1
e 198 616 1
e 198 623 1
e 198 628 1
e 198 638 1
e 199 2 3
e 199 41 2
e 199 314 3
e 199 355 2
e 200 5 2
e 201 2 1
e 201 5 1
e 201 11 1
e 201 184 1
e 201 202 1
e 202 11 1
e 202 295 1
e 203 2 1
e 203 11 1
e 203 41 1
e 203 43 1
e 203 204 1
e 204 2 1
e 204 43 1
e 205 2 2
e 205 206 1
e 206 2 1
e 206 43 1
e 206 218 1
e 206 541 1
e 207 2 2
e 207 11 1
e 207 41 1
e 207 43 1
e 207 78 2
e 207 208 1
e 207 322 1
e 207 463 1
e 207 464 1
e 207 494 1
e 207 524 1
e 207 597 1
e 208 2 7
e 208 11 1
e 208 43 1
e 208 78 5
e 208 185 2
e 208 186 1
e 208 187 2
e 208 188 1
e 208 210 1
e 208 223 1
e 208 314 1
e 208 315 1
e 208 396 1
e 208 463 1
e 208 495 1
e 208 522 1
e 208 524 1
e 208 540 1
e 209 2 1
e 209 23 2
e 209 52 1
e 209 182 1
e 209 210 1
e 210 2 5
e 210 11 1
e 210 19 1
e 210 37 1
e 210 41 1
e 210 43 2
e 210 77 1
e 210 78 2
e 210 82 1
e 210 85 1
e 210 110 1
e 210 112 1
e 210 118 1
e 210 186 1
e 210 197 1
e 210 211 1
e 210 213 1
e 210 214 1
e 210 224 1
e 210 235 1
e 210 243 1
e 210 277 1
e 210 306 1
e 210 310 1
e 210 327 1
e 210 331 1
e 210 332 1
e 210 333 1
e 210 339 1
e 210 379 1
e 210 381 1
e 210 388 1
e 210 407 1
e 210 445 1
e 210 511 1
e 210 514 1
e 210 517 1
e 210 528 1
e 210 530 1
e 210 533 1
e 210 534 1
e 210 540 1
e 210 550 1
e 210 574 1
e 210 584 1
e 210 586 1
e 210 588 1
e 210 601 1
e 210 606 1
e 210 607 1
e 210 614 1
e 210 616 1
e 210 623 1
e 210 628 1
e 210 638 1
e 211 2 1
e 211 11 1
e 211 47 1
e 211 133 1
e 211 212 1
e 211 574 1
e 212 2 2
e 212 47 1
e 212 114 1
e 212 118 1
e 212 133 1
e 212 379 3
e 212 467 1
e 212 468 1
e 213 77 1
e 213 78 1
e 213 214 1
e 214 78 1
e 215 2 1
e 215 11 1
e 215 41 1
e 215 43 1
e 215 210 1
e 216 2 2
e 216 11 2
e 216 217 2
e 216 503 1
e 217 2 1
e 217 5 1
e 217 37 2
e 217 52 1
e 217 141 1
e 217 170 1
e 217 216 7
e 217 306 2
e 218 2 2
e 218 11 1
e 218 43 1
e 218 103 1
e 218 105 1
e 218 133 1
e 218 186 1
e 218 219 1
e 218 222 1
e 219 2 3
e 219 41 1
e 219 105 1
e 219 496 1
e 219 511 3
e 220 218 1
e 220 221 1
e 220 222 1
e 221 218 1
e 221 222 1
e 222 2 5
e 222 43 6
e 222 219 2
e 222 222 10
e 222 514 3
e 222 604 3
e 222 637 1
e 223 2 1
e 223 11 1
e 223 41 2
e 223 208 2
e 223 225 1
e 223 522 1
e 223 524 1
e 224 2 3
e 224 11 3
e 224 19 1
e 224 37 1
e 224 41 3
e 224 43 1
e 224 82 1
e 224 110 1
e 224 112 1
e 224 118 1
e 224 133 2
e 224 197 1
e 224 225 2
e 224 235 1
e 224 240 2
e 224 243 1
e 224 277 1
e 224 306 1
e 224 310 1
e 224 327 1
e 224 331 1
e 224 332 1
e 224 333 1
e 224 339 1
e 224 379 1
e 224 381 1
e 224 388 1
e 224 407 1
e 224 445 1
e 224 511 1
e 224 514 1
e 224 517 1
e 224 528 1
e 224 530 1
e 224 533 1
e 224 534 1
e 224 550 1
e 224 584 1
e 224 588 1
e 224 601 1
e 224 606 1
e 224 607 1
e 224 614 1
e 224 616 1
e 224 623 1
e 224 628 1
e 224 638 1
e 225 11 1
e 225 41 2
e 225 495 2
e 225 524 1
e 226 2 1
e 226 11 1
e 226 41 1
e 226 43 1
e 226 227 1
e 227 2 1
e 227 43 1
e 228 2 1
e 228 11 1
e 228 41 1
e 228 43 1
e 228 229 1
e 229 2 1
e 229 43 1
e 230 2 2
e 230 231 2
e 231 2 2
e 231 37 2
e 231 38 2
e 231 47 2
e 232 2 2
e 232 11 1
e 232 19 1
e 232 37 1
e 232 39 2
e 232 41 2
e 232 43 2
e 232 77 1
e 232 82 1
e 232 85 1
e 232 102 1
e 232 110 1
e 232 112 1
e 232 118 1
e 232 132 1
e 232 154 1
e 232 164 1
e 232 186 1
e 232 187 1
e 232 197 1
e 232 198 1
e 232 210 1
e 232 224 1
e 232 235 1
e 232 236 1
e 232 243 1
e 232 277 1
e 232 306 1
e 232 310 1
e 232 311 1
e 232 322 1
e 232 327 1
e 232 331 1
e 232 332 1
e 232 333 1
e 232 339 1
e 232 379 1
e 232 381 1
e 232 388 1
e 232 407 1
e 232 445 1
e 232 464 1
e 232 511 1
e 232 514 1
e 232 517 1
e 232 528 1
e 232 530 1
e 232 533 1
e 232 534 1
e 232 550 1
e 232 571 1
e 232 584 1
e 232 588 1
e 232 598 1
e 232 601 1
e 232 606 1
e 232 607 1
e 232 614 1
e 232 616 1
e 232 623 1
e 232 627 1
e 232 628 1
e 232 638 1
e 233 2 4
e 233 130 2
e 234 2 2
e 234 5 1
e 234 39 1
e 234 41 1
e 234 43 1
e 234 235 1
e 234 618 1
e 234 619 1
e 235 2 5
e 235 5 1
e 235 37 1
e 235 41 1
e 235 43 2
e 235 77 1
e 235 78 1
e 235 110 1
e 235 112 1
e 235 118 1
e 235 186 2
e 235 197 1
e 235 235 2
e 235 331 1
e 235 332 1
e 235 379 1
e 235 447 1
e 235 448 1
e 235 449 1
e 235 511 1
e 235 514 1
e 235 517 1
e 235 528 1
e 235 530 1
e 235 533 1
e 235 534 3
e 235 550 1
e 235 584 1
e 235 588 1
e 235 601 1
e 235 606 1
e 235 607 1
e 235 614 1
e 235 616 1
e 235 623 1
e 235 638 1
e 236 2 1
e 236 11 1
e 236 19 1
e 236 37 1
e 236 39 1
e 236 41 1
e 236 43 1
e 236 77 1
e 236 82 1
e 236 85 1
e 236 102 1
e 236 110 1
e 236 112 1
e 236 118 1
e 236 132 1
e 236 154 1
e 236 164 1
e 236 186 1
e 236 197 1
e 236 198 1
e 236 210 1
e 236 224 1
e 236 234 2
e 236 235 1
e 236 243 1
e 236 277 1
e 236 306 1
e 236 310 1
e 236 311 1
e 236 327 1
e 236 331 1
e 236 332 1
e 236 333 1
e 236 339 1
e 236 379 1
e 236 381 1
e 236 388 1
e 236 407 1
e 236 445 1
e 236 511 1
e 236 514 1
e 236 517 1
e 236 528 1
e 236 530 1
e 236 533 1
e 236 534 1
e 236 550 1
e 236 571 1
e 236 574 1
e 236 584 1
e 236 588 1
e 236 598 1
e 236 601 1
e 236 606 1
e 236 607 1
e 236 614 1
e 236 616 1
e 236 623 1
e 236 628 1
e 236 638 1
e 237 2 1
e 237 238 1
e 237 239 1
e 237 565 2
e 238 2 1
e 238 11 1
e 238 43 1
e 238 239 1
e 238 560 1
e 239 2 9
e 239 5 2
e 239 37 2
e 239 38 2
e 239 41 2
e 239 43 4
e 239 78 1
e 239 116 2
e 239 118 2
e 239 239 1
e 240 2 1
e 240 41 2
e 240 133 2
e 240 249 1
e 240 277 1
e 240 331 1
e 240 493 2
e 241 11 1
e 241 43 1
e 241 45 1
e 241 242 1
e 241 276 2
e 241 293 4
e 241 565 2
e 242 43 2
e 242 262 1
e 243 2 1
e 243 11 1
e 243 19 1
e 243 37 1
e 243 41 3
e 243 43 1
e 243 82 1
e 243 110 1
e 243 112 1
e 243 118 1
e 243 197 1
e 243 235 1
e 243 244 2
e 243 277 1
e 243 306 1
e 243 310 1
e 243 327 1
e 243 331 1
e 243 332 1
e 243 333 1
e 243 339 1
e 243 379 1
e 243 381 1
e 243 388 1
e 243 407 1
e 243 445 1
e 243 511 1
e 243 514 1
e 243 517 1
e 243 528 1
e 243 530 1
e 243 533 1
e 243 534 1
e 243 550 1
e 243 584 1
e 243 588 1
e 243 601 1
e 243 606 1
e 243 607 1
e 243 614 1
e 243 616 1
e 243 623 1
e 243 638 1
e 244 11 1
e 244 41 2
e 244 492 2
e 244 524 1
e 245 1 1
e 245 11 1
e 245 112 1
e 246 6 1
e 246 11 1
e 246 112 1
e 247 2 2
e 247 11 1
e 247 112 1
e 247 113 1
e 247 248 1
e 248 23 1
e 248 575 1
e 249 2 3
e 249 43 1
e 249 112 2
e 249 113 2
e 249 118 2
e 249 277 1
e 250 2 1
e 250 19 1
e 250 41 1
e 250 43 1
e 250 78 1
e 250 249 1
e 251 2 1
e 251 5 1
e 251 78 1
e 251 252 1
e 251 253 1
e 252 2 1
e 252 5 1
e 252 78 1
e 252 253 1
e 253 2 4
e 253 5 1
e 253 37 2
e 253 38 2
e 253 78 1
e 253 141 1
e 253 314 1
e 253 316 3
e 254 2 1
e 254 39 1
e 254 77 1
e 254 255 1
e 254 261 1
e 255 2 1
e 255 11 1
e 255 37 1
e 255 38 1
e 255 326 1
e 256 2 2
e 256 11 2
e 256 169 2
e 256 257 1
e 256 258 1
e 256 259 1
e 257 2 1
e 257 37 2
e 257 38 2
e 257 141 1
e 257 170 1
e 257 258 5
e 257 259 1
e 257 503 1
e 258 2 1
e 258 11 1
e 258 37 2
e 258 170 1
e 258 257 1
e 258 259 1
e 258 503 1
e 258 504 1
e 259 95 2
e 260 2 2
e 260 11 1
e 260 78 1
e 260 133 1
e 260 152 1
e 260 239 1
e 261 2 1
e 261 77 1
e 261 78 1
e 261 250 1
e 262 11 2
e 262 43 1
e 262 263 2
e 263 2 2
e 263 11 2
e 263 112 2
e 263 113 2
e 263 585 2
e 264 2 2
e 264 11 3
e 264 43 2
e 264 184 1
e 264 239 2
e 264 265 2
e 265 2 2
e 265 18 1
e 265 19 1
e 265 43 2
e 265 239 2
e 265 379 1
e 266 78 1
e 266 267 1
e 266 268 1
e 267 43 1
e 267 78 4
e 267 266 2
e 267 268 1
e 267 372 1
e 267 387 1
e 267 626 1
e 268 78 2
e 268 267 1
e 268 372 1
e 269 2 1
e 269 11 1
e 269 43 1
e 269 78 1
e 269 129 1
e 270 2 1
e 270 23 1
e 270 41 1
e 270 78 1
e 271 5 1
e 271 39 1
e 271 41 2
e 271 43 1
e 271 267 1
e 272 2 1
e 272 112 1
e 272 113 1
e 272 118 1
e 272 273 1
e 273 2 1
e 273 77 1
e 273 78 1
e 273 518 1
e 274 2 1
e 274 41 1
e 274 275 1
e 275 2 1
e 275 36 1
e 275 41 1
e 275 276 1
e 276 2 2
e 276 11 1
e 276 37 2
e 276 38 2
e 276 43 2
e 276 241 2
e 276 293 2
e 276 323 2
e 276 568 4
e 276 614 1
e 277 2 2
e 277 11 1
e 277 19 1
e 277 37 1
e 277 41 3
e 277 43 1
e 277 82 1
e 277 110 1
e 277 112 1
e 277 118 1
e 277 197 1
e 277 235 1
e 277 278 2
e 277 306 1
e 277 310 1
e 277 327 1
e 277 331 1
e 277 332 1
e 277 333 1
e 277 339 1
e 277 379 1
e 277 381 1
e 277 388 1
e 277 407 1
e 277 445 1
e 277 511 1
e 277 514 1
e 277 517 1
e 277 528 1
e 277 530 1
e 277 533 1
e 277 534 1
e 277 550 1
e 277 584 1
e 277 588 1
e 277 601 1
e 277 606 1
e 277 607 1
e 277 614 1
e 277 616 1
e 277 623 1
e 277 638 1
e 278 41 2
e 278 491 2
e 279 2 1
e 279 41 1
e 279 43 2
e 279 240 1
e 279 280 2
e 279 281 2
e 280 94 2
e 280 275 2
e 280 281 2
e 281 11 2
e 281 78 2
e 281 511 2
e 281 642 2
e 282 11 2
e 282 37 2
e 282 60 2
e 283 11 2
e 283 37 2
e 283 61 2
e 284 11 2
e 284 37 2
e 284 62 2
e 285 11 2
e 285 37 2
e 285 63 2
e 286 11 2
e 286 37 2
e 286 64 2
e 287 11 2
e 287 37 2
e 287 65 2
e 288 11 2
e 288 37 2
e 288 67 2
e 289 11 2
e 289 45 2
e 289 354 2
e 290 140 2
e 291 66 2
e 291 77 2
e 291 78 2
e 291 112 1
e 291 187 1
e 291 425 1
e 291 432 1
e 291 571 1
e 292 2 2
e 292 11 1
e 292 43 1
e 292 141 2
e 292 276 2
e 292 293 1
e 293 2 4
e 293 19 1
e 293 38 2
e 293 41 1
e 293 43 1
e 293 82 1
e 293 106 1
e 293 133 1
e 293 276 2
e 293 292 1
e 294 2 3
e 294 43 1
e 294 295 1
e 294 296 1
e 294 583 1
e 294 584 1
e 295 2 1
e 295 296 1
e 296 43 1
e 296 78 1
e 296 381 1
e 297 2 1
e 297 11 1
e 297 41 1
e 297 43 1
e 297 294 1
e 298 16 2
e 298 299 2
e 299 2 3
e 299 13 1
e 299 16 2
e 299 38 2
e 299 41 1
e 299 293 1
e 299 559 1
e 300 2 2
e 300 11 1
e 300 19 1
e 300 301 1
e 301 19 1
e 302 2 1
e 302 37 1
e 302 112 1
e 302 113 1
e 302 303 1
e 303 2 4
e 303 37 1
e 303 38 1
e 303 78 1
e 303 113 1
e 303 302 1
e 303 306 1
e 304 2 1
e 304 37 1
e 304 41 1
e 304 112 1
e 304 303 1
e 304 305 2
e 306 2 2
e 306 11 1
e 306 19 1
e 306 37 1
e 306 41 1
e 306 43 1
e 306 78 1
e 306 82 1
e 306 99 2
e 306 110 1
e 306 112 1
e 306 118 1
e 306 197 1
e 306 216 2
e 306 235 1
e 306 310 1
e 306 327 1
e 306 331 1
e 306 332 1
e 306 333 1
e 306 339 1
e 306 379 1
e 306 381 1
e 306 388 1
e 306 407 1
e 306 445 1
e 306 511 1
e 306 514 2
e 306 516 1
e 306 517 1
e 306 528 1
e 306 530 1
e 306 533 1
e 306 534 1
e 306 546 3
e 306 550 1
e 306 574 2
e 306 584 1
e 306 588 1
e 306 601 1
e 306 606 1
e 306 607 1
e 306 614 1
e 306 616 1
e 306 623 1
e 306 638 1
e 307 2 2
e 307 239 1
e 308 2 1
e 308 41 1
e 308 47 1
e 308 292 1
e 309 45 1
e 309 47 1
e 309 308 1
e 310 2 2
e 310 11 1
e 310 19 1
e 310 23 1
e 310 37 1
e 310 41 1
e 310 43 1
e 310 82 1
e 310 106 2
e 310 110 1
e 310 112 1
e 310 118 1
e 310 197 1
e 310 235 1
e 310 311 1
e 310 327 1
e 310 331 1
e 310 332 1
e 310 333 1
e 310 339 1
e 310 379 1
e 310 381 1
e 310 388 1
e 310 407 1
e 310 445 1
e 310 511 1
e 310 514 1
e 310 517 1
e 310 528 1
e 310 530 1
e 310 533 1
e 310 534 1
e 310 550 1
e 310 584 1
e 310 588 1
e 310 601 1
e 310 606 1
e 310 607 1
e 310 614 1
e 310 616 1
e 310 623 1
e 310 638 1
e 311 2 3
e 311 11 1
e 311 19 1
e 311 23 1
e 311 37 1
e 311 39 1
e 311 41 1
e 311 43 1
e 311 77 1
e 311 78 1
e 311 82 1
e 311 85 1
e 311 102 1
e 311 110 1
e 311 112 1
e 311 118 1
e 311 132 1
e 311 154 1
e 311 164 1
e 311 186 1
e 311 197 1
e 311 198 1
e 311 207 1
e 311 210 1
e 311 224 1
e 311 235 1
e 311 243 1
e 311 277 1
e 311 306 1
e 311 310 1
e 311 327 1
e 311 331 1
e 311 332 1
e 311 333 1
e 311 339 1
e 311 379 1
e 311 381 1
e 311 388 1
e 311 407 1
e 311 445 1
e 311 511 1
e 311 514 1
e 311 517 1
e 311 528 1
e 311 530 1
e 311 533 1
e 311 534 1
e 311 550 1
e 311 584 1
e 311 588 1
e 311 597 1
e 311 601 1
e 311 606 1
e 311 607 1
e 311 614 1
e 311 616 1
e 311 623 1
e 311 628 1
e 311 638 1
e 312 112 1
e 312 313 1
e 312 345 1
e 313 2 1
e 313 11 1
e 313 393 1
e 314 2 13
e 314 43 2
e 314 78 1
e 314 112 2
e 314 113 2
e 314 141 5
e 314 186 2
e 314 187 1
e 314 216 1
e 314 217 1
e 314 257 1
e 314 258 1
e 314 291 1
e 314 314 1
e 314 315 1
e 314 316 1
e 314 332 1
e 314 352 2
e 314 371 1
e 314 425 1
e 314 432 1
e 314 529 2
e 315 2 3
e 315 77 1
e 315 78 2
e 315 186 3
e 315 322 1
e 315 336 1
e 315 337 1
e 315 338 1
e 315 464 3
e 315 599 3
e 316 2 1
e 316 37 2
e 316 141 1
e 317 2 2
e 317 113 2
e 318 2 1
e 318 41 1
e 318 525 1
e 319 45 1
e 319 47 1
e 319 320 1
e 320 47 1
e 321 2 2
e 321 16 2
e 321 78 2
e 321 207 1
e 321 322 1
e 321 340 1
e 322 2 2
e 322 186 1
e 322 338 1
e 322 464 4
e 322 511 1
e 322 601 1
e 322 627 1
e 322 628 1
e 322 629 2
e 323 2 2
e 323 38 2
e 323 41 2
e 324 2 3
e 324 43 1
e 324 118 2
e 324 325 2
e 325 2 3
e 325 11 1
e 325 19 1
e 325 41 1
e 325 43 1
e 325 82 1
e 325 118 2
e 325 543 1
e 326 2 1
e 326 38 1
e 326 43 1
e 327 2 6
e 327 5 1
e 327 11 2
e 327 23 2
e 327 37 1
e 327 41 2
e 327 43 3
e 327 77 1
e 327 78 1
e 327 110 1
e 327 112 1
e 327 118 1
e 327 186 2
e 327 197 1
e 327 235 1
e 327 324 1
e 327 328 1
e 327 329 1
e 327 331 2
e 327 332 1
e 327 333 1
e 327 343 1
e 327 349 2
e 327 357 1
e 327 358 1
e 327 379 1
e 327 381 1
e 327 388 1
e 327 407 1
e 327 445 1
e 327 511 1
e 327 514 1
e 327 517 1
e 327 528 3
e 327 530 1
e 327 533 1
e 327 534 1
e 327 550 1
e 327 584 1
e 327 588 1
e 327 601 1
e 327 606 1
e 327 607 1
e 327 614 1
e 327 616 1
e 327 623 1
e 327 638 1
e 328 5 1
e 328 38 1
e 328 329 1
e 329 5 1
e 329 118 1
e 329 133 1
e 329 330 1
e 329 331 1
e 330 2 1
e 330 37 1
e 330 38 1
e 330 133 1
e 330 328 1
e 330 331 1
e 331 2 1
e 331 37 2
e 331 38 1
e 331 41 1
e 331 43 1
e 331 110 1
e 331 112 3
e 331 113 2
e 331 118 2
e 331 133 1
e 331 197 1
e 331 249 1
e 331 272 1
e 331 277 1
e 331 332 1
e 331 459 1
e 331 477 2
e 331 511 1
e 331 514 1
e 331 517 1
e 331 528 1
e 331 530 1
e 331 533 1
e 331 534 1
e 331 550 1
e 331 584 1
e 331 588 1
e 331 601 1
e 331 606 1
e 331 607 1
e 331 614 1
e 331 616 1
e 331 623 1
e 331 638 1
e 332 2 3
e 332 11 2
e 332 23 2
e 332 41 1
e 332 43 1
e 332 47 2
e 332 77 1
e 332 78 1
e 332 118 2
e 332 133 2
e 332 186 2
e 332 209 2
e 332 276 1
e 332 327 1
e 332 331 1
e 332 511 1
e 332 549 2
e 332 576 1
e 332 577 1
e 332 584 1
e 332 588 1
e 332 601 1
e 332 606 1
e 332 607 1
e 332 614 2
e 332 616 1
e 332 623 1
e 332 638 1
e 333 2 3
e 333 11 1
e 333 37 1
e 333 41 3
e 333 43 1
e 333 78 2
e 333 104 1
e 333 105 2
e 333 110 1
e 333 112 2
e 333 113 1
e 333 118 1
e 333 133 1
e 333 197 1
e 333 235 1
e 333 331 1
e 333 332 1
e 333 379 1
e 333 381 1
e 333 388 1
e 333 407 1
e 333 445 1
e 333 511 1
e 333 514 1
e 333 517 1
e 333 528 1
e 333 530 1
e 333 533 1
e 333 534 1
e 333 550 1
e 333 584 1
e 333 588 1
e 333 601 1
e 333 606 1
e 333 607 1
e 333 614 1
e 333 616 1
e 333 623 1
e 333 638 1
e 334 2 4
e 334 335 2
e 335 2 3
e 335 41 1
e 335 364 1
e 336 2 1
e 336 337 1
e 336 338 1
e 336 339 1
e 336 464 1
e 337 2 1
e 337 78 1
e 337 338 1
e 337 339 1
e 337 464 1
e 338 2 1
e 338 339 1
e 338 464 1
e 339 2 1
e 339 11 1
e 339 19 1
e 339 37 1
e 339 41 1
e 339 43 1
e 339 82 1
e 339 110 1
e 339 112 1
e 339 118 1
e 339 197 1
e 339 235 1
e 339 327 1
e 339 331 1
e 339 332 1
e 339 333 1
e 339 379 1
e 339 381 1
e 339 388 1
e 339 407 1
e 339 445 1
e 339 511 1
e 339 514 1
e 339 517 1
e 339 528 1
e 339 530 1
e 339 533 1
e 339 534 1
e 339 550 1
e 339 584 1
e 339 588 1
e 339 601 1
e 339 606 1
e 339 607 1
e 339 614 1
e 339 616 1
e 339 623 1
e 339 638 1
e 340 2 1
e 340 41 1
e 340 78 1
e 340 341 1
e 341 2 1
e 342 16 1
e 342 45 1
e 342 47 1
e 343 2 1
e 343 41 1
e 343 43 1
e 343 324 1
e 344 2 1
e 344 78 1
e 344 112 1
e 344 113 1
e 344 312 1
e 344 345 1
e 345 77 1
e 345 78 1
e 345 344 1
e 346 2 1
e 346 11 1
e 346 19 1
e 346 41 1
e 346 43 1
e 347 348 2
e 349 23 2
e 350 2 1
e 350 11 1
e 350 41 1
e 350 43 1
e 350 178 1
e 351 2 1
e 351 11 1
e 351 41 1
e 351 43 1
e 351 314 1
e 353 2 1
e 353 37 2
e 353 41 1
e 353 354 1
e 354 2 2
e 354 37 1
e 354 38 1
e 354 39 2
e 354 41 3
e 354 323 2
e 354 526 1
e 356 37 2
e 356 38 2
e 356 353 2
e 357 77 1
e 357 78 1
e 357 358 1
e 358 78 1
e 359 2 1
e 359 11 1
e 359 41 1
e 359 43 1
e 359 327 1
e 360 2 1
e 360 43 1
e 360 78 1
e 360 107 1
e 361 2 1
e 361 41 1
e 361 362 1
e 362 2 1
e 362 11 1
e 362 43 1
e 362 360 1
e 363 2 1
e 363 19 1
e 363 77 1
e 363 78 1
e 363 333 1
e 364 2 1
e 364 5 1
e 364 41 1
e 364 112 1
e 364 113 1
e 364 237 1
e 365 2 1
e 365 11 1
e 365 192 1
e 365 314 1
e 366 2 1
e 366 11 1
e 366 314 1
e 366 367 1
e 367 2 1
e 367 314 1
e 368 2 1
e 368 11 1
e 368 314 1
e 368 332 1
e 369 2 1
e 369 11 1
e 369 199 1
e 369 314 1
e 370 2 1
e 370 11 1
e 370 314 1
e 370 371 1
e 371 43 1
e 372 2 1
e 372 11 1
e 372 78 3
e 372 112 1
e 372 113 1
e 372 296 1
e 372 381 1
e 372 590 1
e 373 11 2
e 373 183 2
e 373 374 2
e 374 11 2
e 375 2 1
e 376 2 1
e 376 78 1
e 376 95 1
e 376 333 1
e 377 2 2
e 377 376 1
e 378 11 2
e 379 2 1
e 379 37 1
e 379 41 1
e 379 43 3
e 379 77 1
e 379 78 2
e 379 88 1
e 379 110 1
e 379 112 1
e 379 118 2
e 379 197 1
e 379 331 1
e 379 332 1
e 379 460 1
e 379 461 1
e 379 511 1
e 379 514 1
e 379 517 1
e 379 528 1
e 379 530 1
e 379 533 1
e 379 534 1
e 379 550 1
e 379 584 1
e 379 588 1
e 379 601 1
e 379 606 1
e 379 607 1
e 379 614 1
e 379 616 1
e 379 623 1
e 379 638 1
e 380 2 1
e 380 291 1
e 381 2 2
e 381 37 1
e 381 41 1
e 381 43 1
e 381 78 1
e 381 110 1
e 381 112 1
e 381 118 1
e 381 197 1
e 381 235 1
e 381 331 1
e 381 332 1
e 381 379 1
e 381 382 1
e 381 388 1
e 381 407 1
e 381 445 1
e 381 511 1
e 381 514 1
e 381 517 1
e 381 528 1
e 381 530 1
e 381 533 1
e 381 534 1
e 381 550 1
e 381 584 1
e 381 588 1
e 381 601 1
e 381 606 1
e 381 607 1
e 381 614 1
e 381 616 1
e 381 623 1
e 381 638 1
e 383 2 1
e 383 41 1
e 383 43 1
e 383 296 1
e 384 2 1
e 384 39 1
e 384 41 1
e 384 385 1
e 385 2 2
e 385 41 1
e 385 78 1
e 385 611 1
e 386 78 1
e 386 267 1
e 386 387 1
e 387 78 1
e 388 2 1
e 388 37 1
e 388 38 1
e 388 41 1
e 388 43 2
e 388 110 1
e 388 112 1
e 388 118 1
e 388 133 2
e 388 197 1
e 388 235 1
e 388 331 1
e 388 332 1
e 388 379 1
e 388 389 2
e 388 407 1
e 388 445 1
e 388 511 1
e 388 514 1
e 388 517 1
e 388 528 1
e 388 530 1
e 388 533 1
e 388 534 1
e 388 550 1
e 388 584 1
e 388 588 1
e 388 601 1
e 388 606 1
e 388 607 1
e 388 614 1
e 388 616 1
e 388 623 1
e 388 638 1
e 389 417 1
e 390 2 1
e 390 37 1
e 390 38 1
e 390 43 1
e 390 388 1
e 391 43 1
e 391 390 1
e 392 2 1
e 392 41 1
e 392 43 1
e 392 388 1
e 393 133 1
e 393 394 1
e 394 11 1
e 394 133 1
e 394 630 1
e 395 23 1
e 395 112 1
e 395 113 1
e 395 396 1
e 396 2 4
e 396 41 1
e 396 105 1
e 396 112 1
e 396 207 1
e 396 223 1
e 396 463 4
e 396 464 1
e 397 2 3
e 397 23 2
e 397 41 1
e 397 112 2
e 397 113 2
e 397 162 2
e 397 398 2
e 397 399 1
e 398 23 2
e 399 43 1
e 399 607 1
e 400 18 1
e 400 391 1
e 401 78 1
e 401 95 1
e 401 104 1
e 402 47 1
e 402 579 1
e 402 580 1
e 402 581 1
e 403 2 1
e 403 19 1
e 403 101 1
e 403 404 1
e 404 2 1
e 404 11 1
e 404 19 1
e 404 400 1
e 405 2 1
e 405 5 1
e 405 11 1
e 405 406 1
e 406 5 1
e 406 11 2
e 406 276 1
e 406 332 1
e 406 614 1
e 407 2 3
e 407 6 2
e 407 19 2
e 407 37 1
e 407 41 1
e 407 43 2
e 407 77 1
e 407 78 1
e 407 110 1
e 407 112 1
e 407 118 1
e 407 197 1
e 407 235 1
e 407 331 1
e 407 332 1
e 407 379 1
e 407 407 2
e 407 408 1
e 407 409 1
e 407 445 1
e 407 511 1
e 407 514 1
e 407 517 1
e 407 528 1
e 407 530 1
e 407 533 1
e 407 534 1
e 407 550 1
e 407 584 1
e 407 588 1
e 407 601 1
e 407 606 1
e 407 607 1
e 407 614 1
e 407 616 1
e 407 623 1
e 407 638 1
e 408 77 1
e 408 78 1
e 408 409 1
e 409 78 1
e 410 2 1
e 410 41 1
e 410 43 1
e 410 407 1
e 411 5 2
e 411 412 2
e 413 2 1
e 413 11 2
e 413 37 1
e 413 38 1
e 413 414 1
e 413 415 2
e 414 2 2
e 414 5 1
e 414 8 1
e 414 38 1
e 415 11 4
e 415 416 2
e 416 2 1
e 416 23 1
e 417 2 1
e 417 11 1
e 417 300 1
e 418 5 3
e 418 11 3
e 418 23 3
e 418 38 1
e 418 42 3
e 418 112 3
e 418 113 3
e 418 419 1
e 418 436 1
e 418 437 1
e 419 11 1
e 419 112 1
e 419 187 1
e 419 291 1
e 419 314 1
e 419 423 1
e 419 424 1
e 419 425 1
e 419 431 1
e 419 432 1
e 419 433 1
e 419 434 1
e 419 435 1
e 419 437 1
e 420 2 4
e 420 5 5
e 420 11 4
e 420 23 4
e 420 38 1
e 420 42 4
e 420 112 4
e 420 113 4
e 420 421 1
e 420 424 1
e 420 431 1
e 420 435 1
e 421 11 1
e 421 112 1
e 422 5 3
e 422 11 3
e 422 23 3
e 422 38 2
e 422 42 3
e 422 112 3
e 422 113 3
e 422 423 1
e 422 434 1
e 422 439 1
e 423 11 1
e 423 112 1
e 423 187 1
e 423 291 2
e 423 314 1
e 423 424 2
e 423 425 1
e 423 431 1
e 423 432 1
e 423 433 1
e 423 434 2
e 423 435 2
e 423 437 2
e 423 571 1
e 424 11 1
e 424 112 1
e 424 187 1
e 424 291 2
e 424 314 1
e 424 425 1
e 424 431 1
e 424 432 1
e 424 433 1
e 424 434 2
e 424 435 2
e 424 437 2
e 424 571 1
e 425 187 1
e 425 432 1
e 426 5 4
e 426 23 1
e 426 68 2
e 426 69 1
e 426 112 1
e 426 113 1
e 426 427 2
e 426 429 1
e 427 5 2
e 427 23 1
e 428 2 1
e 428 5 1
e 428 68 1
e 428 112 1
e 428 113 1
e 428 426 1
e 428 429 1
e 429 5 1
e 429 68 1
e 429 112 1
e 431 11 1
e 431 112 1
e 431 187 1
e 431 291 1
e 431 314 1
e 431 425 1
e 431 432 1
e 431 433 1
e 431 434 1
e 431 435 1
e 431 437 1
e 432 187 1
e 433 11 1
e 433 112 1
e 433 187 1
e 433 291 1
e 433 314 1
e 433 425 1
e 433 432 1
e 433 434 1
e 433 435 1
e 433 437 1
e 434 11 1
e 434 112 1
e 434 187 1
e 434 291 2
e 434 314 1
e 434 425 1
e 434 432 1
e 434 435 2
e 434 437 2
e 434 571 1
e 435 11 1
e 435 112 1
e 435 187 1
e 435 291 2
e 435 314 1
e 435 425 1
e 435 432 1
e 435 437 2
e 435 571 1
e 436 11 1
e 436 112 1
e 437 11 1
e 437 112 1
e 437 187 1
e 437 291 2
e 437 314 1
e 437 425 1
e 437 432 1
e 437 571 1
e 438 112 1
e 439 11 1
e 439 112 1
e 440 2 1
e 440 41 1
e 440 43 1
e 440 441 1
e 441 2 2
e 441 43 1
e 441 133 2
e 441 441 3
e 441 499 1
e 442 2 2
e 442 443 2
e 443 2 2
e 443 37 2
e 443 38 2
e 443 47 2
e 444 10 1
e 444 45 1
e 444 47 1
e 445 2 5
e 445 8 2
e 445 19 2
e 445 37 1
e 445 41 1
e 445 43 2
e 445 110 1
e 445 112 1
e 445 118 1
e 445 186 2
e 445 197 1
e 445 235 1
e 445 331 1
e 445 332 1
e 445 379 1
e 445 445 2
e 445 511 1
e 445 514 1
e 445 517 1
e 445 528 1
e 445 530 1
e 445 533 3
e 445 534 1
e 445 550 1
e 445 584 1
e 445 588 1
e 445 601 1
e 445 606 1
e 445 607 1
e 445 614 1
e 445 616 1
e 445 623 1
e 445 638 1
e 446 2 1
e 446 41 1
e 446 43 1
e 446 445 1
e 447 5 1
e 448 77 1
e 448 78 1
e 448 449 1
e 449 78 1
e 450 2 1
e 450 41 1
e 450 43 1
e 450 235 1
e 451 2 2
e 451 37 2
e 451 38 2
e 451 47 1
e 451 293 2
e 452 13 1
e 452 23 1
e 452 43 1
e 452 453 1
e 453 23 1
e 454 2 1
e 454 41 1
e 454 43 1
e 454 452 1
e 455 47 1
e 455 293 2
e 456 45 1
e 456 47 1
e 456 455 1
e 457 11 1
e 457 264 1
e 458 2 1
e 458 78 1
e 458 188 1
e 458 208 1
e 459 2 1
e 459 37 1
e 459 118 1
e 459 212 1
e 459 379 1
e 460 77 1
e 460 78 1
e 460 461 1
e 461 78 1
e 462 2 1
e 462 41 1
e 462 43 1
e 462 379 1
e 463 2 4
e 463 39 1
e 463 41 2
e 463 105 1
e 463 223 1
e 463 271 1
e 463 464 1
e 464 11 1
e 464 41 2
e 464 207 2
e 464 493 1
e 464 511 1
e 464 524 1
e 465 2 1
e 465 41 1
e 465 43 1
e 465 466 1
e 466 43 1
e 467 379 1
e 467 468 1
e 468 379 1
e 469 43 1
e 469 371 1
e 470 45 1
e 470 47 1
e 470 451 1
e 471 2 1
e 471 41 1
e 471 43 1
e 471 472 1
e 472 2 1
e 472 43 1
e 472 472 1
e 473 2 1
e 473 41 1
e 473 43 1
e 473 474 1
e 474 43 1
e 475 2 1
e 475 11 1
e 475 94 1
e 475 476 1
e 475 588 1
e 476 2 1
e 476 39 1
e 476 41 1
e 476 94 1
e 476 478 1
e 477 2 2
e 477 113 2
e 477 116 2
e 478 2 1
e 478 41 1
e 478 457 2
e 479 480 1
e 480 78 2
e 480 95 2
e 480 133 1
e 480 486 2
e 481 2 1
e 481 37 1
e 481 77 1
e 481 78 3
e 481 133 1
e 482 483 1
e 482 484 1
e 482 485 1
e 483 484 1
e 483 485 1
e 484 485 1
e 486 78 4
e 486 481 2
e 487 11 2
e 487 327 2
e 487 488 2
e 488 327 2
e 489 490 1
e 490 133 1
e 490 480 1
e 492 11 1
e 492 524 1
e 493 11 1
e 493 41 2
e 493 494 2
e 493 524 1
e 494 11 1
e 494 524 1
e 495 11 1
e 495 524 1
e 496 41 2
e 496 497 2
e 496 511 1
e 497 2 1
e 497 219 1
e 497 496 1
e 497 511 1
e 498 11 2
e 498 133 2
e 499 133 1
e 499 441 1
e 500 2 1
e 500 41 1
e 500 43 1
e 500 501 1
e 501 43 1
e 502 2 2
e 502 503 2
e 503 11 2
e 503 37 1
e 503 112 1
e 503 217 1
e 503 498 2
e 503 503 1
e 503 504 2
e 503 505 1
e 504 2 2
e 504 11 2
e 504 216 1
e 504 217 1
e 504 257 1
e 504 503 2
e 505 503 1
e 505 504 1
e 506 2 2
e 506 18 2
e 506 113 2
e 506 154 2
e 507 23 2
e 507 251 2
e 508 184 1
e 509 2 2
e 509 47 2
e 509 113 2
e 509 154 2
e 510 5 1
e 510 78 2
e 510 95 2
e 510 259 2
e 510 511 1
e 511 2 1
e 511 41 3
e 511 43 1
e 511 464 2
e 511 638 1
e 512 2 2
e 512 5 2
e 512 124 2
e 512 513 2
e 513 124 2
e 514 2 2
e 514 41 1
e 514 43 1
e 514 110 1
e 514 118 1
e 514 222 1
e 514 332 1
e 514 511 1
e 514 514 1
e 514 516 1
e 514 546 1
e 514 584 1
e 514 588 1
e 514 601 1
e 514 606 1
e 514 607 1
e 514 614 1
e 514 616 1
e 514 623 1
e 514 638 1
e 516 2 3
e 516 11 1
e 516 19 1
e 516 37 1
e 516 38 1
e 516 112 1
e 516 113 1
e 516 514 1
e 516 546 1
e 517 2 1
e 517 41 1
e 517 43 1
e 517 110 1
e 517 118 1
e 517 197 1
e 517 332 1
e 517 511 1
e 517 514 1
e 517 528 1
e 517 530 1
e 517 533 1
e 517 534 1
e 517 550 1
e 517 584 1
e 517 588 1
e 517 601 1
e 517 606 1
e 517 607 1
e 517 614 1
e 517 616 1
e 517 623 1
e 517 638 1
e 518 2 1
e 518 41 1
e 518 78 1
e 518 539 1
e 519 511 1
e 519 520 1
e 519 521 1
e 520 511 1
e 520 521 1
e 521 2 1
e 521 464 1
e 521 511 1
e 521 621 1
e 522 2 1
e 522 11 8
e 522 75 1
e 522 86 1
e 522 87 1
e 522 207 1
e 522 225 1
e 522 244 1
e 522 464 1
e 522 492 1
e 522 493 1
e 522 494 1
e 522 495 1
e 522 523 1
e 522 524 9
e 523 524 1
e 524 112 1
e 524 522 1
e 525 141 2
e 525 276 2
e 526 2 1
e 526 18 1
e 526 19 1
e 526 38 1
e 526 551 1
e 527 11 1
e 527 43 1
e 527 326 1
e 528 2 1
e 528 41 1
e 528 43 1
e 528 110 1
e 528 118 1
e 528 332 1
e 528 511 1
e 528 514 1
e 528 530 1
e 528 533 1
e 528 534 1
e 528 584 1
e 528 588 1
e 528 601 1
e 528 606 1
e 528 607 1
e 528 614 1
e 528 616 1
e 528 623 1
e 528 638 1
e 529 43 1
e 529 197 1
e 530 2 1
e 530 19 2
e 530 41 1
e 530 43 1
e 530 110 1
e 530 118 1
e 530 332 1
e 530 511 1
e 530 514 1
e 530 531 2
e 530 533 1
e 530 534 1
e 530 584 1
e 530 588 1
e 530 601 1
e 530 606 1
e 530 607 1
e 530 614 1
e 530 616 1
e 530 623 1
e 530 638 1
e 532 2 2
e 532 530 2
e 533 2 1
e 533 41 1
e 533 43 1
e 533 110 1
e 533 118 1
e 533 332 1
e 533 511 1
e 533 514 1
e 533 534 1
e 533 584 1
e 533 588 1
e 533 601 1
e 533 606 1
e 533 607 1
e 533 614 1
e 533 616 1
e 533 623 1
e 533 638 1
e 534 2 1
e 534 41 1
e 534 43 1
e 534 110 1
e 534 118 1
e 534 332 1
e 534 511 1
e 534 514 1
e 534 584 1
e 534 588 1
e 534 601 1
e 534 606 1
e 534 607 1
e 534 614 1
e 534 616 1
e 534 623 1
e 534 638 1
e 535 455 2
e 536 11 1
e 536 43 2
e 536 238 1
e 536 304 1
e 536 560 1
e 537 39 1
e 537 41 1
e 537 538 1
e 538 2 1
e 538 41 1
e 538 78 1
e 538 385 1
e 538 611 1
e 539 2 2
e 539 41 1
e 539 78 1
e 539 186 1
e 539 208 1
e 539 210 1
e 539 540 1
e 540 2 2
e 540 5 1
e 540 76 1
e 540 78 1
e 540 186 1
e 541 43 1
e 541 93 2
e 541 218 1
e 542 5 1
e 542 19 2
e 542 38 1
e 543 2 2
e 543 19 1
e 543 41 1
e 543 43 2
e 543 119 1
e 544 545 1
e 545 403 1
e 546 2 1
e 546 99 2
e 546 216 2
e 546 217 2
e 546 306 2
e 547 2 1
e 547 41 1
e 547 43 1
e 547 514 1
e 548 43 2
e 548 194 2
e 549 5 1
e 549 550 1
e 550 2 1
e 550 41 1
e 550 43 1
e 550 110 1
e 550 118 1
e 550 197 1
e 550 332 1
e 550 511 1
e 550 514 1
e 550 528 1
e 550 530 1
e 550 533 1
e 550 534 1
e 550 584 1
e 550 588 1
e 550 601 1
e 550 606 1
e 550 607 1
e 550 614 1
e 550 616 1
e 550 623 1
e 550 638 1
e 551 43 1
e 551 332 1
e 552 553 1
e 554 110 2
e 554 156 2
e 555 43 2
e 555 94 2
e 555 280 2
e 556 133 1
e 556 557 1
e 557 133 1
e 558 299 1
e 558 559 1
e 560 11 1
e 560 43 1
e 560 304 1
e 560 536 1
e 561 2 1
e 561 41 1
e 561 93 1
e 562 2 1
e 562 41 1
e 562 563 1
e 564 2 1
e 564 41 1
e 564 43 1
e 564 561 1
e 565 276 4
e 565 293 2
e 565 568 2
e 566 2 1
e 566 39 1
e 566 78 1
e 566 567 1
e 567 78 1
e 568 241 2
e 568 293 2
e 568 361 2
e 569 43 1
e 569 78 1
e 569 96 1
e 569 105 1
e 570 14 1
e 570 47 1
e 571 2 1
e 571 11 1
e 571 19 1
e 571 37 1
e 571 39 1
e 571 41 1
e 571 43 1
e 571 77 1
e 571 82 1
e 571 85 1
e 571 102 1
e 571 110 1
e 571 112 1
e 571 118 1
e 571 132 1
e 571 154 1
e 571 164 1
e 571 186 1
e 571 197 1
e 571 198 1
e 571 210 1
e 571 224 1
e 571 235 1
e 571 243 1
e 571 277 1
e 571 306 1
e 571 310 1
e 571 311 1
e 571 327 1
e 571 331 1
e 571 332 1
e 571 333 1
e 571 339 1
e 571 379 1
e 571 381 1
e 571 388 1
e 571 407 1
e 571 445 1
e 571 511 1
e 571 514 1
e 571 517 1
e 571 528 1
e 571 530 1
e 571 533 1
e 571 534 1
e 571 550 1
e 571 584 1
e 571 588 1
e 571 598 1
e 571 601 1
e 571 606 1
e 571 607 1
e 571 614 1
e 571 616 1
e 571 623 1
e 571 628 1
e 571 638 1
e 572 2 2
e 572 38 2
e 572 299 2
e 573 19 2
e 573 236 1
e 573 574 1
e 573 575 2
e 574 41 2
e 574 43 2
e 574 99 2
e 574 124 2
e 574 546 2
e 576 77 1
e 576 78 1
e 576 577 1
e 578 2 1
e 578 41 1
e 578 43 1
e 578 332 1
e 579 47 1
e 579 580 1
e 579 581 1
e 580 11 1
e 580 47 1
e 580 581 1
e 580 591 1
e 582 2 2
e 582 37 1
e 582 38 1
e 582 583 1
e 583 2 1
e 583 584 1
e 584 2 1
e 584 41 1
e 584 43 1
e 584 118 1
e 584 511 1
e 584 588 1
e 584 601 1
e 584 606 1
e 584 607 1
e 584 614 1
e 584 616 1
e 584 623 1
e 584 638 1
e 585 2 1
e 585 41 1
e 585 548 1
e 586 2 3
e 586 50 2
e 586 133 2
e 586 211 1
e 586 574 3
e 587 2 1
e 587 41 1
e 587 43 1
e 587 588 1
e 588 2 1
e 588 41 1
e 588 43 1
e 588 118 1
e 588 511 1
e 588 601 1
e 588 606 1
e 588 607 1
e 588 614 1
e 588 616 1
e 588 623 1
e 588 638 1
e 589 183 1
e 589 184 1
e 591 77 1
e 591 78 1
e 591 507 1
e 592 13 1
e 592 299 1
e 593 47 1
e 593 298 1
e 594 2 1
e 594 41 1
e 594 43 1
e 594 569 1
e 595 2 1
e 595 39 1
e 595 78 1
e 595 596 1
e 596 78 1
e 597 2 4
e 597 43 2
e 597 59 2
e 597 464 3
e 597 511 1
e 597 521 1
e 597 598 1
e 597 599 2
e 597 600 1
e 597 620 1
e 597 621 1
e 598 2 5
e 598 11 1
e 598 19 1
e 598 37 1
e 598 39 2
e 598 41 1
e 598 43 2
e 598 77 2
e 598 78 1
e 598 82 1
e 598 85 1
e 598 102 1
e 598 110 1
e 598 112 1
e 598 118 1
e 598 130 1
e 598 132 1
e 598 154 1
e 598 164 1
e 598 186 4
e 598 197 1
e 598 198 1
e 598 210 1
e 598 224 1
e 598 235 1
e 598 243 1
e 598 277 1
e 598 306 1
e 598 310 1
e 598 311 1
e 598 315 3
e 598 322 1
e 598 327 1
e 598 331 1
e 598 332 1
e 598 333 1
e 598 336 1
e 598 337 1
e 598 338 1
e 598 339 1
e 598 379 1
e 598 381 1
e 598 388 1
e 598 407 1
e 598 445 1
e 598 464 3
e 598 511 2
e 598 514 1
e 598 517 1
e 598 528 1
e 598 530 1
e 598 533 1
e 598 534 1
e 598 550 1
e 598 584 1
e 598 588 1
e 598 599 3
e 598 601 1
e 598 606 1
e 598 607 1
e 598 614 1
e 598 616 1
e 598 623 1
e 598 628 1
e 598 638 1
e 599 2 3
e 599 77 1
e 599 78 1
e 599 186 3
e 599 322 1
e 599 336 1
e 599 337 1
e 599 338 1
e 599 464 3
e 600 2 1
e 600 322 1
e 600 464 1
e 600 511 1
e 600 601 1
e 601 2 1
e 601 41 1
e 601 43 1
e 601 118 1
e 601 464 1
e 601 511 2
e 601 606 1
e 601 607 1
e 601 614 1
e 601 616 1
e 601 623 1
e 601 638 1
e 603 2 1
e 603 604 1
e 604 2 1
e 604 41 1
e 604 222 1
e 604 277 1
e 604 604 1
e 605 2 1
e 605 41 1
e 605 43 1
e 605 606 1
e 606 2 1
e 606 41 1
e 606 43 1
e 606 511 1
e 606 607 1
e 606 614 1
e 606 616 1
e 606 623 1
e 606 638 1
e 607 2 1
e 607 36 2
e 607 41 1
e 607 43 1
e 607 50 1
e 607 77 1
e 607 78 1
e 607 133 1
e 607 327 2
e 607 511 1
e 607 608 1
e 607 609 1
e 607 614 1
e 607 616 1
e 607 623 1
e 607 638 1
e 608 77 1
e 608 78 1
e 608 609 1
e 610 2 1
e 610 607 1
e 612 13 1
e 612 16 1
e 613 47 1
e 613 612 1
e 614 2 1
e 614 41 1
e 614 43 1
e 614 511 1
e 614 616 1
e 614 623 1
e 614 638 1
e 615 2 2
e 615 614 2
e 616 2 1
e 616 19 2
e 616 41 1
e 616 43 1
e 616 511 1
e 616 542 2
e 616 623 1
e 616 638 1
e 617 2 2
e 617 616 2
e 618 2 1
e 618 41 1
e 618 43 1
e 618 619 1
e 619 2 1
e 619 41 1
e 619 43 1
e 619 520 1
e 620 112 1
e 620 623 1
e 621 464 1
e 622 2 1
e 622 41 1
e 622 43 1
e 622 618 1
e 623 2 2
e 623 41 2
e 623 43 2
e 623 511 1
e 623 622 1
e 623 638 1
e 624 2 2
e 624 41 2
e 624 519 2
e 625 78 1
e 625 267 1
e 625 626 1
e 627 322 1
e 627 464 2
e 627 628 1
e 628 2 1
e 628 11 1
e 628 19 1
e 628 37 1
e 628 41 1
e 628 43 1
e 628 82 1
e 628 110 1
e 628 112 1
e 628 118 1
e 628 197 1
e 628 235 1
e 628 243 1
e 628 277 1
e 628 306 1
e 628 310 1
e 628 327 1
e 628 331 1
e 628 332 1
e 628 333 1
e 628 339 1
e 628 379 1
e 628 381 1
e 628 388 1
e 628 407 1
e 628 445 1
e 628 464 1
e 628 511 1
e 628 514 1
e 628 517 1
e 628 528 1
e 628 530 1
e 628 533 1
e 628 534 1
e 628 550 1
e 628 584 1
e 628 588 1
e 628 601 1
e 628 606 1
e 628 607 1
e 628 614 1
e 628 616 1
e 628 623 1
e 628 638 1
e 630 2 1
e 630 5 1
e 630 114 1
e 630 201 1
e 630 582 1
e 631 5 1
e 631 632 1
e 633 2 1
e 633 281 1
e 634 111 2
e 635 2 1
e 635 88 1
e 635 114 1
e 635 636 1
e 636 2 1
e 636 114 1
e 637 219 1
e 637 222 1
e 638 1 2
e 638 2 3
e 638 19 2
e 638 41 1
e 638 43 1
e 638 638 2
e 639 2 1
e 639 41 1
e 639 43 1
e 639 638 1
e 640 641 2
e 641 2 1
e 641 78 1
e 641 363 1
e 641 641 1
e 643 2 1
e 643 41 1
e 643 43 1
e 643 644 1
