p edges 827 5793
e 1 2 1
e 1 3 3
e 1 4 1
e 1 5 1
e 1 6 1
e 1 12 1
e 1 17 2
e 1 517 1
e 2 3 5
e 2 4 52
e 2 5 1
e 2 6 58
e 2 8 4
e 2 9 1
e 2 11 1
e 2 12 52
e 2 15 86
e 2 17 136
e 2 18 1
e 2 20 2
e 2 22 1
e 2 23 1
e 2 25 1
e 2 26 1
e 2 29 17
e 2 32 6
e 2 35 36
e 2 37 7
e 2 38 5
e 2 39 2
e 2 40 4
e 2 42 8
e 2 45 6
e 2 46 163
e 2 47 2
e 2 53 3
e 2 56 1
e 2 58 3
e 2 60 2
e 2 64 1
e 2 67 2
e 2 68 1
e 2 71 1
e 2 72 2
e 2 76 1
e 2 77 5
e 2 80 1
e 2 82 3
e 2 85 9
e 2 86 1
e 2 87 6
e 2 88 5
e 2 89 2
e 2 90 2
e 2 91 1
e 2 93 1
e 2 94 2
e 2 95 4
e 2 97 2
e 2 98 4
e 2 100 3
e 2 101 2
e 2 102 1
e 2 105 2
e 2 108 1
e 2 120 1
e 2 127 1
e 2 130 2
e 2 131 2
e 2 132 4
e 2 133 6
e 2 134 1
e 2 138 2
e 2 139 2
e 2 141 1
e 2 142 1
e 2 143 1
e 2 151 2
e 2 159 4
e 2 160 3
e 2 168 1
e 2 171 2
e 2 172 2
e 2 174 1
e 2 175 2
e 2 179 1
e 2 180 1
e 2 184 2
e 2 185 1
e 2 187 1
e 2 189 3
e 2 191 3
e 2 193 2
e 2 196 1
e 2 197 1
e 2 198 1
e 2 200 3
e 2 202 1
e 2 207 2
e 2 210 1
e 2 211 1
e 2 212 2
e 2 213 2
e 2 215 2
e 2 219 1
e 2 223 1
e 2 224 1
e 2 227 1
e 2 228 1
e 2 229 1
e 2 232 1
e 2 233 1
e 2 236 2
e 2 241 1
e 2 243 2
e 2 244 1
e 2 261 1
e 2 262 1
e 2 263 4
e 2 264 4
e 2 266 1
e 2 273 1
e 2 276 2
e 2 282 4
e 2 283 2
e 2 284 4
e 2 287 1
e 2 288 3
e 2 291 2
e 2 292 4
e 2 296 5
e 2 298 2
e 2 306 2
e 2 307 2
e 2 309 1
e 2 311 3
e 2 313 2
e 2 314 2
e 2 315 2
e 2 316 4
e 2 319 2
e 2 326 1
e 2 327 1
e 2 338 1
e 2 346 2
e 2 349 1
e 2 354 3
e 2 355 4
e 2 356 3
e 2 359 1
e 2 369 2
e 2 370 3
e 2 371 3
e 2 372 3
e 2 374 2
e 2 375 3
e 2 376 2
e 2 377 2
e 2 378 2
e 2 379 2
e 2 392 6
e 2 393 5
e 2 399 1
e 2 419 1
e 2 421 1
e 2 424 1
e 2 425 2
e 2 428 1
e 2 429 2
e 2 430 1
e 2 433 1
e 2 436 1
e 2 458 2
e 2 459 1
e 2 463 2
e 2 466 1
e 2 467 1
e 2 471 5
e 2 472 2
e 2 473 2
e 2 477 2
e 2 478 2
e 2 479 1
e 2 490 1
e 2 491 1
e 2 492 2
e 2 493 1
e 2 494 1
e 2 495 1
e 2 496 1
e 2 497 1
e 2 498 1
e 2 499 2
e 2 500 2
e 2 501 2
e 2 502 1
e 2 503 1
e 2 506 2
e 2 507 1
e 2 508 1
e 2 509 1
e 2 510 1
e 2 514 1
e 2 518 1
e 2 520 1
e 2 522 1
e 2 531 2
e 2 539 1
e 2 541 1
e 2 543 1
e 2 560 2
e 2 565 1
e 2 566 1
e 2 569 1
e 2 570 1
e 2 575 1
e 2 576 1
e 2 577 1
e 2 578 1
e 2 583 3
e 2 584 1
e 2 585 1
e 2 596 1
e 2 597 2
e 2 610 1
e 2 611 2
e 2 629 2
e 2 633 1
e 2 636 4
e 2 637 2
e 2 649 1
e 2 651 1
e 2 659 2
e 2 660 2
e 2 662 1
e 2 664 2
e 2 665 1
e 2 667 1
e 2 669 1
e 2 680 1
e 2 697 1
e 2 709 1
e 2 711 1
e 2 714 1
e 2 716 1
e 2 717 1
e 2 725 2
e 2 730 1
e 2 731 3
e 2 732 1
e 2 744 2
e 2 745 1
e 2 746 1
e 2 749 3
e 2 764 1
e 2 767 1
e 2 769 1
e 2 782 2
e 2 785 1
e 2 786 1
e 2 796 2
e 2 798 1
e 2 803 1
e 2 806 4
e 2 807 2
e 2 808 2
e 2 809 2
e 2 811 2
e 2 812 1
e 2 813 1
e 2 815 2
e 2 816 2
e 2 818 2
e 2 824 1
e 2 825 1
e 2 826 1
e 3 4 5
e 3 5 1
e 3 6 5
e 3 8 1
e 3 12 5
e 3 17 1
e 3 18 3
e 3 20 4
e 3 26 1
e 3 32 1
e 3 35 3
e 3 37 1
e 3 38 1
e 3 42 3
e 3 47 2
e 3 189 1
e 3 313 2
e 3 372 1
e 3 380 2
e 3 393 1
e 3 399 1
e 3 400 1
e 3 414 2
e 3 610 1
e 3 773 1
e 3 774 1
e 3 775 1
e 4 2 2
e 4 5 1
e 4 6 49
e 4 9 1
e 4 12 2
e 4 15 2
e 4 17 34
e 4 21 5
e 4 23 1
e 4 26 1
e 4 29 3
e 4 35 5
e 4 37 1
e 4 38 5
e 4 40 2
e 4 42 6
e 4 46 8
e 4 72 1
e 4 75 1
e 4 87 2
e 4 88 3
e 4 89 2
e 4 90 2
e 4 95 1
e 4 98 1
e 4 100 2
e 4 104 2
e 4 172 2
e 4 180 1
e 4 185 1
e 4 228 1
e 4 311 1
e 4 313 2
e 4 314 2
e 4 315 2
e 4 316 2
e 4 366 1
e 4 369 2
e 4 375 2
e 4 377 2
e 4 379 2
e 4 382 1
e 4 383 1
e 4 384 1
e 4 385 1
e 4 386 1
e 4 387 1
e 4 388 1
e 4 389 1
e 4 390 1
e 4 391 1
e 4 393 5
e 4 429 2
e 4 502 1
e 4 522 1
e 4 622 1
e 4 624 1
e 4 625 1
e 4 626 1
e 4 627 1
e 4 649 1
e 4 659 2
e 4 664 1
e 5 1 1
e 5 3 1
e 5 6 1
e 5 17 1
e 6 15 1
e 6 17 1
e 6 46 1
e 6 51 1
e 6 53 2
e 6 87 1
e 6 100 2
e 6 162 1
e 6 196 1
e 6 315 2
e 6 334 2
e 6 369 2
e 6 379 2
e 6 474 2
e 6 475 1
e 6 500 1
e 6 514 1
e 6 649 1
e 6 722 3
e 6 726 1
e 6 796 1
e 7 2 1
e 7 4 1
e 7 6 1
e 7 8 3
e 7 9 1
e 7 12 1
e 7 17 2
e 7 517 1
e 8 4 4
e 8 6 4
e 8 9 1
e 8 12 5
e 8 17 1
e 8 20 3
e 8 32 1
e 8 35 3
e 8 38 1
e 8 42 3
e 8 315 2
e 8 373 1
e 8 393 1
e 8 396 1
e 8 403 1
e 8 409 2
e 8 610 2
e 8 671 1
e 8 799 1
e 9 6 1
e 9 7 1
e 9 8 1
e 9 17 1
e 10 11 2
e 11 4 1
e 11 6 1
e 11 12 2
e 11 17 2
e 11 42 2
e 11 58 1
e 11 77 1
e 11 141 1
e 11 786 1
e 11 788 1
e 12 1 1
e 12 3 5
e 12 4 15
e 12 5 1
e 12 6 25
e 12 7 1
e 12 8 5
e 12 9 1
e 12 13 1
e 12 14 1
e 12 15 81
e 12 17 124
e 12 18 4
e 12 20 48
e 12 21 2
e 12 22 1
e 12 28 2
e 12 29 13
e 12 30 2
e 12 32 5
e 12 34 6
e 12 35 13
e 12 37 27
e 12 38 21
e 12 42 10
e 12 43 1
e 12 45 3
e 12 46 36
e 12 48 1
e 12 52 1
e 12 53 2
e 12 57 3
e 12 58 4
e 12 63 1
e 12 64 2
e 12 68 1
e 12 70 1
e 12 73 1
e 12 75 3
e 12 76 3
e 12 77 34
e 12 80 1
e 12 87 2
e 12 88 1
e 12 91 1
e 12 96 1
e 12 98 4
e 12 99 2
e 12 100 1
e 12 101 1
e 12 107 1
e 12 108 4
e 12 112 1
e 12 113 1
e 12 114 1
e 12 115 1
e 12 117 1
e 12 118 2
e 12 120 2
e 12 121 1
e 12 123 1
e 12 124 3
e 12 125 3
e 12 126 1
e 12 128 1
e 12 130 2
e 12 131 2
e 12 132 2
e 12 133 7
e 12 138 1
e 12 140 1
e 12 147 2
e 12 148 1
e 12 157 2
e 12 159 2
e 12 160 1
e 12 166 2
e 12 168 1
e 12 174 1
e 12 179 2
e 12 185 1
e 12 187 1
e 12 188 2
e 12 189 7
e 12 190 6
e 12 191 3
e 12 193 6
e 12 195 1
e 12 196 1
e 12 202 2
e 12 204 1
e 12 209 2
e 12 211 1
e 12 215 4
e 12 220 3
e 12 221 1
e 12 224 1
e 12 227 2
e 12 230 1
e 12 236 1
e 12 243 2
e 12 244 1
e 12 247 2
e 12 249 1
e 12 260 1
e 12 262 1
e 12 263 3
e 12 264 1
e 12 266 1
e 12 267 2
e 12 276 1
e 12 278 2
e 12 279 1
e 12 280 2
e 12 283 1
e 12 288 2
e 12 289 1
e 12 290 1
e 12 291 1
e 12 293 2
e 12 297 1
e 12 302 1
e 12 305 1
e 12 307 1
e 12 308 1
e 12 309 2
e 12 311 3
e 12 312 1
e 12 313 1
e 12 314 1
e 12 315 1
e 12 316 1
e 12 325 1
e 12 330 1
e 12 336 1
e 12 337 1
e 12 344 1
e 12 345 1
e 12 348 1
e 12 354 1
e 12 356 1
e 12 361 2
e 12 368 1
e 12 369 1
e 12 370 3
e 12 371 2
e 12 372 2
e 12 374 1
e 12 378 1
e 12 380 1
e 12 381 1
e 12 383 1
e 12 385 1
e 12 387 1
e 12 389 1
e 12 391 1
e 12 393 5
e 12 396 1
e 12 398 1
e 12 400 1
e 12 402 1
e 12 403 1
e 12 404 1
e 12 405 1
e 12 408 1
e 12 409 1
e 12 410 1
e 12 411 1
e 12 412 1
e 12 413 1
e 12 414 1
e 12 415 1
e 12 416 1
e 12 417 1
e 12 418 1
e 12 421 1
e 12 424 1
e 12 425 3
e 12 428 1
e 12 436 4
e 12 443 3
e 12 463 2
e 12 469 1
e 12 470 1
e 12 471 1
e 12 472 1
e 12 475 1
e 12 482 2
e 12 492 3
e 12 500 1
e 12 506 1
e 12 511 1
e 12 514 3
e 12 516 1
e 12 517 2
e 12 518 2
e 12 525 1
e 12 526 2
e 12 531 4
e 12 533 2
e 12 534 1
e 12 535 1
e 12 537 2
e 12 538 1
e 12 543 1
e 12 544 2
e 12 545 1
e 12 546 1
e 12 548 2
e 12 549 1
e 12 560 2
e 12 564 3
e 12 565 1
e 12 566 1
e 12 569 2
e 12 570 1
e 12 575 2
e 12 576 1
e 12 577 1
e 12 578 1
e 12 581 1
e 12 584 1
e 12 585 1
e 12 587 1
e 12 591 1
e 12 592 1
e 12 595 7
e 12 596 1
e 12 597 2
e 12 601 1
e 12 602 1
e 12 606 1
e 12 607 2
e 12 608 1
e 12 609 1
e 12 610 3
e 12 611 2
e 12 613 1
e 12 614 1
e 12 616 2
e 12 618 2
e 12 620 1
e 12 621 1
e 12 622 1
e 12 624 1
e 12 625 1
e 12 626 1
e 12 627 1
e 12 632 1
e 12 634 2
e 12 638 2
e 12 640 1
e 12 643 1
e 12 650 1
e 12 651 1
e 12 652 2
e 12 660 1
e 12 662 1
e 12 671 1
e 12 673 1
e 12 677 1
e 12 680 1
e 12 684 1
e 12 687 1
e 12 688 1
e 12 692 1
e 12 693 1
e 12 694 1
e 12 695 1
e 12 696 1
e 12 701 1
e 12 704 1
e 12 706 1
e 12 709 1
e 12 710 1
e 12 718 1
e 12 722 1
e 12 725 1
e 12 726 2
e 12 727 1
e 12 728 2
e 12 729 2
e 12 730 1
e 12 735 1
e 12 738 1
e 12 740 2
e 12 741 2
e 12 745 1
e 12 748 1
e 12 749 2
e 12 750 1
e 12 751 1
e 12 757 2
e 12 758 1
e 12 767 1
e 12 769 1
e 12 773 1
e 12 775 1
e 12 776 1
e 12 777 1
e 12 778 1
e 12 779 1
e 12 783 2
e 12 788 1
e 12 790 1
e 12 791 1
e 12 792 1
e 12 793 1
e 12 794 1
e 12 795 1
e 12 797 1
e 12 798 1
e 12 799 1
e 12 800 2
e 12 803 1
e 12 813 1
e 12 814 1
e 12 819 1
e 12 825 1
e 12 826 1
e 12 827 2
e 13 14 1
e 13 15 1
e 14 15 1
e 15 2 2
e 15 4 1
e 15 6 3
e 15 12 4
e 15 15 2
e 15 17 9
e 15 18 4
e 15 35 2
e 15 38 2
e 15 52 1
e 15 56 2
e 15 58 1
e 15 60 2
e 15 68 1
e 15 96 1
e 15 99 4
e 15 138 2
e 15 184 2
e 15 266 1
e 15 276 1
e 15 280 1
e 15 311 1
e 15 357 10
e 15 358 2
e 15 459 1
e 15 467 2
e 15 477 2
e 15 494 1
e 15 496 1
e 15 498 1
e 15 524 4
e 15 525 2
e 15 546 4
e 15 560 1
e 15 584 1
e 15 610 2
e 15 643 1
e 15 650 3
e 15 651 3
e 15 662 1
e 15 665 1
e 15 667 1
e 15 669 1
e 15 697 1
e 15 737 8
e 15 749 1
e 15 782 2
e 15 783 1
e 15 789 2
e 15 806 1
e 15 807 1
e 15 808 1
e 15 809 1
e 15 810 1
e 15 811 1
e 15 815 1
e 15 816 1
e 15 818 1
e 15 826 1
e 16 17 2
e 16 18 2
e 16 19 2
e 16 20 2
e 17 2 3
e 17 3 11
e 17 5 1
e 17 6 50
e 17 8 11
e 17 9 1
e 17 12 101
e 17 15 91
e 17 17 71
e 17 18 88
e 17 19 2
e 17 20 72
e 17 21 9
e 17 22 1
e 17 27 1
e 17 29 3
e 17 30 1
e 17 32 1
e 17 35 38
e 17 36 1
e 17 37 15
e 17 38 64
e 17 41 1
e 17 42 79
e 17 43 1
e 17 45 2
e 17 46 3
e 17 47 17
e 17 48 5
e 17 51 1
e 17 52 1
e 17 53 3
e 17 58 16
e 17 59 1
e 17 61 1
e 17 70 4
e 17 72 2
e 17 76 1
e 17 77 20
e 17 82 2
e 17 86 1
e 17 87 5
e 17 92 2
e 17 97 2
e 17 100 5
e 17 101 1
e 17 102 1
e 17 104 2
e 17 107 2
e 17 108 1
e 17 116 1
e 17 118 1
e 17 120 3
e 17 121 2
e 17 123 2
e 17 124 1
e 17 128 1
e 17 129 1
e 17 132 7
e 17 140 2
e 17 148 5
e 17 149 2
e 17 154 1
e 17 156 4
e 17 157 6
e 17 160 2
e 17 163 2
e 17 164 3
e 17 166 2
e 17 167 1
e 17 169 1
e 17 174 2
e 17 185 2
e 17 189 14
e 17 190 1
e 17 191 3
e 17 192 1
e 17 193 11
e 17 195 2
e 17 198 1
e 17 204 1
e 17 210 2
e 17 214 1
e 17 216 1
e 17 217 1
e 17 218 1
e 17 221 1
e 17 222 1
e 17 225 1
e 17 243 1
e 17 255 1
e 17 259 1
e 17 260 1
e 17 263 5
e 17 266 1
e 17 267 7
e 17 268 3
e 17 270 5
e 17 271 1
e 17 272 6
e 17 276 5
e 17 277 3
e 17 278 5
e 17 279 2
e 17 280 1
e 17 290 1
e 17 296 3
e 17 298 2
e 17 305 1
e 17 307 1
e 17 309 1
e 17 311 2
e 17 313 1
e 17 314 1
e 17 315 1
e 17 316 3
e 17 320 1
e 17 322 1
e 17 325 1
e 17 341 1
e 17 343 3
e 17 346 1
e 17 349 1
e 17 352 2
e 17 353 4
e 17 359 1
e 17 360 1
e 17 362 1
e 17 370 6
e 17 371 1
e 17 372 1
e 17 373 1
e 17 374 3
e 17 378 2
e 17 380 4
e 17 381 1
e 17 382 2
e 17 383 1
e 17 384 2
e 17 385 1
e 17 386 2
e 17 387 1
e 17 388 2
e 17 389 1
e 17 390 2
e 17 391 1
e 17 392 1
e 17 394 1
e 17 395 1
e 17 396 2
e 17 397 4
e 17 398 2
e 17 399 25
e 17 400 2
e 17 401 1
e 17 402 2
e 17 403 2
e 17 404 2
e 17 405 2
e 17 406 1
e 17 407 1
e 17 408 2
e 17 409 4
e 17 410 2
e 17 411 2
e 17 412 2
e 17 413 3
e 17 414 4
e 17 415 2
e 17 416 2
e 17 417 1
e 17 418 2
e 17 426 2
e 17 428 3
e 17 429 1
e 17 436 2
e 17 437 1
e 17 440 1
e 17 441 1
e 17 443 5
e 17 445 2
e 17 460 1
e 17 461 1
e 17 464 2
e 17 469 1
e 17 471 7
e 17 472 1
e 17 474 2
e 17 475 1
e 17 482 1
e 17 483 2
e 17 484 1
e 17 490 1
e 17 493 1
e 17 494 1
e 17 495 1
e 17 496 1
e 17 497 1
e 17 498 1
e 17 503 1
e 17 506 1
e 17 514 1
e 17 520 2
e 17 525 1
e 17 531 3
e 17 532 1
e 17 534 5
e 17 536 2
e 17 537 1
e 17 543 1
e 17 548 1
e 17 551 2
e 17 556 1
e 17 557 4
e 17 558 2
e 17 559 2
e 17 560 1
e 17 566 7
e 17 567 7
e 17 568 2
e 17 569 1
e 17 571 4
e 17 572 1
e 17 573 2
e 17 575 1
e 17 577 1
e 17 579 2
e 17 580 2
e 17 583 2
e 17 584 5
e 17 585 1
e 17 587 2
e 17 593 1
e 17 594 1
e 17 595 3
e 17 607 3
e 17 610 8
e 17 611 2
e 17 614 1
e 17 615 1
e 17 616 1
e 17 617 1
e 17 618 1
e 17 619 1
e 17 620 1
e 17 621 1
e 17 622 5
e 17 624 2
e 17 625 2
e 17 626 2
e 17 627 2
e 17 628 2
e 17 629 1
e 17 631 6
e 17 632 3
e 17 633 4
e 17 634 7
e 17 638 4
e 17 643 1
e 17 645 2
e 17 646 2
e 17 653 1
e 17 655 1
e 17 656 2
e 17 657 1
e 17 659 1
e 17 660 1
e 17 661 1
e 17 662 9
e 17 663 2
e 17 664 1
e 17 669 1
e 17 671 1
e 17 672 1
e 17 673 1
e 17 674 1
e 17 676 2
e 17 677 2
e 17 678 1
e 17 679 2
e 17 680 1
e 17 681 4
e 17 682 1
e 17 683 1
e 17 684 1
e 17 688 1
e 17 690 1
e 17 692 1
e 17 694 1
e 17 695 1
e 17 697 1
e 17 700 5
e 17 701 1
e 17 702 2
e 17 704 6
e 17 705 1
e 17 706 2
e 17 707 1
e 17 708 1
e 17 712 1
e 17 713 1
e 17 717 2
e 17 718 1
e 17 721 1
e 17 722 3
e 17 723 1
e 17 724 1
e 17 726 1
e 17 728 1
e 17 729 1
e 17 731 1
e 17 732 1
e 17 733 2
e 17 734 2
e 17 742 2
e 17 744 2
e 17 746 1
e 17 747 1
e 17 748 1
e 17 749 2
e 17 755 1
e 17 756 2
e 17 757 1
e 17 760 1
e 17 762 1
e 17 763 3
e 17 764 6
e 17 765 2
e 17 766 1
e 17 768 2
e 17 773 1
e 17 774 2
e 17 775 1
e 17 776 1
e 17 777 1
e 17 778 1
e 17 779 1
e 17 782 2
e 17 783 1
e 17 784 2
e 17 785 4
e 17 796 1
e 17 797 1
e 17 799 1
e 17 800 4
e 17 802 2
e 17 804 1
e 17 805 2
e 17 806 1
e 17 807 1
e 17 808 1
e 17 809 1
e 17 810 1
e 17 811 1
e 17 812 2
e 17 813 1
e 17 814 1
e 17 815 1
e 17 816 1
e 17 817 1
e 17 818 1
e 17 819 1
e 17 820 1
e 17 821 1
e 17 822 4
e 17 823 2
e 17 826 1
e 18 3 1
e 18 8 4
e 18 12 45
e 18 15 2
e 18 19 2
e 18 20 77
e 18 21 4
e 18 22 1
e 18 29 1
e 18 35 34
e 18 38 3
e 18 42 38
e 18 48 1
e 18 124 2
e 18 132 2
e 18 167 1
e 18 189 7
e 18 193 1
e 18 255 1
e 18 267 2
e 18 270 2
e 18 272 2
e 18 298 1
e 18 313 1
e 18 314 1
e 18 315 1
e 18 316 1
e 18 320 1
e 18 322 1
e 18 325 1
e 18 326 1
e 18 349 1
e 18 360 1
e 18 370 3
e 18 371 1
e 18 372 1
e 18 373 1
e 18 374 3
e 18 380 2
e 18 381 1
e 18 394 1
e 18 395 1
e 18 396 2
e 18 398 2
e 18 400 1
e 18 401 1
e 18 402 2
e 18 403 1
e 18 404 1
e 18 405 2
e 18 406 1
e 18 407 1
e 18 408 2
e 18 409 2
e 18 410 2
e 18 411 1
e 18 412 2
e 18 413 1
e 18 414 1
e 18 415 2
e 18 416 1
e 18 417 1
e 18 418 1
e 18 440 1
e 18 461 1
e 18 464 1
e 18 503 1
e 18 520 2
e 18 594 1
e 18 595 1
e 18 607 1
e 18 614 1
e 18 616 1
e 18 618 1
e 18 634 1
e 18 638 1
e 18 653 1
e 18 662 1
e 18 677 1
e 18 678 1
e 18 683 1
e 18 704 3
e 18 705 1
e 18 707 1
e 18 708 1
e 18 728 1
e 18 729 1
e 18 764 2
e 18 810 1
e 18 812 2
e 18 813 1
e 19 20 2
e 20 8 1
e 20 12 1
e 20 15 6
e 20 17 17
e 20 18 23
e 20 28 1
e 20 30 1
e 20 35 1
e 20 42 3
e 20 46 1
e 20 56 2
e 20 132 2
e 20 183 2
e 20 184 2
e 20 189 1
e 20 193 1
e 20 233 1
e 20 248 2
e 20 267 2
e 20 270 2
e 20 276 1
e 20 298 1
e 20 316 1
e 20 325 1
e 20 349 1
e 20 370 1
e 20 372 1
e 20 374 1
e 20 375 1
e 20 380 1
e 20 396 1
e 20 398 1
e 20 402 1
e 20 405 1
e 20 408 1
e 20 409 1
e 20 410 1
e 20 412 1
e 20 413 1
e 20 415 1
e 20 417 1
e 20 436 2
e 20 439 2
e 20 468 1
e 20 503 1
e 20 583 1
e 20 594 1
e 20 628 2
e 20 638 1
e 20 662 1
e 20 678 1
e 20 683 1
e 20 703 2
e 20 704 3
e 20 708 1
e 20 728 1
e 20 729 1
e 20 764 2
e 20 812 1
e 20 813 1
e 21 2 3
e 21 3 1
e 21 4 3
e 21 6 3
e 21 12 4
e 21 17 3
e 21 20 4
e 21 22 1
e 21 23 1
e 21 25 1
e 21 26 1
e 21 35 8
e 21 42 4
e 21 47 2
e 21 70 1
e 21 120 1
e 21 121 1
e 21 123 1
e 21 172 2
e 21 173 2
e 21 377 2
e 21 378 1
e 21 379 2
e 21 383 1
e 21 385 1
e 21 387 1
e 21 389 1
e 21 391 1
e 21 397 2
e 21 398 3
e 21 614 1
e 21 616 1
e 21 618 1
e 21 706 1
e 21 728 2
e 22 4 1
e 22 6 1
e 22 20 1
e 22 23 1
e 23 6 1
e 23 21 3
e 23 121 1
e 23 122 1
e 23 123 1
e 24 2 1
e 24 4 1
e 24 6 1
e 24 21 1
e 24 25 1
e 24 58 1
e 25 4 1
e 25 6 1
e 25 12 1
e 25 17 1
e 25 18 1
e 25 20 1
e 25 21 1
e 25 42 1
e 25 397 1
e 25 398 1
e 26 6 1
e 26 21 2
e 26 119 1
e 26 120 1
e 27 28 1
e 27 29 1
e 27 30 1
e 27 42 1
e 28 13 2
e 28 17 5
e 28 18 2
e 28 20 1
e 28 29 24
e 28 30 2
e 28 38 2
e 28 42 3
e 28 58 2
e 28 63 1
e 28 66 2
e 28 77 2
e 28 85 1
e 28 107 2
e 28 141 2
e 28 191 2
e 28 321 2
e 28 323 2
e 28 464 1
e 28 535 1
e 28 557 2
e 28 559 2
e 28 571 2
e 28 572 2
e 28 660 1
e 28 661 1
e 28 700 2
e 28 701 2
e 28 720 2
e 28 735 1
e 28 748 1
e 28 750 2
e 28 751 2
e 28 758 1
e 28 785 2
e 28 800 2
e 28 822 2
e 29 4 1
e 29 6 6
e 29 12 2
e 29 13 2
e 29 15 11
e 29 17 24
e 29 20 1
e 29 27 1
e 29 28 6
e 29 30 1
e 29 35 1
e 29 37 3
e 29 38 3
e 29 42 1
e 29 46 6
e 29 55 3
e 29 58 3
e 29 63 2
e 29 77 3
e 29 85 1
e 29 98 1
e 29 132 2
e 29 191 2
e 29 193 1
e 29 243 1
e 29 326 1
e 29 464 1
e 29 466 1
e 29 499 1
e 29 500 1
e 29 502 1
e 29 503 1
e 29 535 1
e 29 545 1
e 29 559 2
e 29 656 2
e 29 701 2
e 29 735 1
e 29 751 2
e 29 758 1
e 29 782 2
e 30 17 2
e 30 18 1
e 30 38 1
e 30 58 1
e 30 193 2
e 30 759 1
e 31 17 2
e 31 32 1
e 31 33 3
e 31 34 1
e 31 38 2
e 31 138 2
e 31 193 2
e 32 2 2
e 32 4 6
e 32 6 6
e 32 12 4
e 32 15 4
e 32 17 14
e 32 18 1
e 32 20 1
e 32 29 1
e 32 33 3
e 32 34 1
e 32 35 15
e 32 38 8
e 32 42 4
e 32 45 2
e 32 46 2
e 32 47 3
e 32 50 1
e 32 55 1
e 32 60 2
e 32 64 1
e 32 133 1
e 32 137 2
e 32 191 1
e 32 204 1
e 32 228 1
e 32 274 2
e 32 276 2
e 32 374 1
e 32 393 5
e 32 443 1
e 32 457 1
e 32 505 1
e 32 541 2
e 32 542 2
e 32 564 1
e 33 34 1
e 33 35 2
e 33 193 2
e 34 2 3
e 34 4 1
e 34 6 1
e 34 12 1
e 34 17 3
e 34 32 1
e 34 35 1
e 34 38 1
e 34 42 1
e 34 46 2
e 34 60 2
e 34 63 1
e 34 77 1
e 34 115 1
e 34 124 1
e 34 159 1
e 34 191 2
e 34 227 1
e 34 677 1
e 35 3 5
e 35 4 30
e 35 6 30
e 35 8 5
e 35 12 43
e 35 15 5
e 35 17 26
e 35 18 1
e 35 20 34
e 35 21 1
e 35 22 1
e 35 32 12
e 35 37 10
e 35 38 10
e 35 42 3
e 35 43 1
e 35 46 2
e 35 48 2
e 35 58 2
e 35 70 1
e 35 71 1
e 35 72 3
e 35 133 4
e 35 136 1
e 35 137 3
e 35 138 3
e 35 165 1
e 35 172 2
e 35 193 2
e 35 195 1
e 35 204 1
e 35 313 2
e 35 314 2
e 35 315 2
e 35 316 2
e 35 328 1
e 35 369 2
e 35 370 5
e 35 371 4
e 35 372 4
e 35 374 3
e 35 375 2
e 35 376 2
e 35 377 2
e 35 378 2
e 35 379 2
e 35 380 1
e 35 392 5
e 35 393 5
e 35 394 1
e 35 395 1
e 35 396 1
e 35 397 2
e 35 398 2
e 35 400 1
e 35 401 1
e 35 402 1
e 35 403 1
e 35 404 1
e 35 405 1
e 35 406 1
e 35 407 1
e 35 408 1
e 35 409 1
e 35 410 1
e 35 411 1
e 35 412 1
e 35 413 1
e 35 414 1
e 35 415 1
e 35 416 1
e 35 417 1
e 35 418 1
e 35 428 1
e 35 429 2
e 35 443 1
e 35 506 2
e 35 544 1
e 35 585 1
e 35 605 1
e 35 622 1
e 35 624 1
e 35 625 1
e 35 626 1
e 35 627 1
e 35 649 1
e 35 659 2
e 35 728 3
e 35 729 1
e 35 751 1
e 35 767 1
e 36 12 1
e 36 17 2
e 36 32 1
e 36 34 1
e 36 35 1
e 36 37 2
e 36 38 2
e 36 42 1
e 36 58 1
e 36 351 1
e 37 4 5
e 37 6 6
e 37 8 1
e 37 15 3
e 37 17 52
e 37 18 3
e 37 20 4
e 37 28 2
e 37 29 1
e 37 30 1
e 37 31 2
e 37 32 8
e 37 34 1
e 37 38 65
e 37 42 7
e 37 46 1
e 37 58 5
e 37 72 2
e 37 77 5
e 37 132 1
e 37 133 1
e 37 147 1
e 37 148 1
e 37 183 2
e 37 191 2
e 37 193 1
e 37 201 1
e 37 202 1
e 37 225 1
e 37 248 2
e 37 270 2
e 37 277 1
e 37 318 1
e 37 361 2
e 37 370 1
e 37 372 1
e 37 393 5
e 37 420 2
e 37 436 2
e 37 475 1
e 37 477 2
e 37 482 1
e 37 483 1
e 37 506 1
e 37 514 1
e 37 534 1
e 37 562 1
e 37 587 2
e 37 605 1
e 37 638 1
e 37 656 2
e 37 662 1
e 37 681 3
e 37 689 1
e 37 703 2
e 37 704 2
e 37 720 1
e 37 757 1
e 37 758 1
e 37 760 1
e 37 761 1
e 37 762 1
e 37 814 1
e 38 6 5
e 38 12 5
e 38 15 1
e 38 17 1
e 38 20 3
e 38 37 14
e 38 58 4
e 38 72 2
e 38 77 5
e 38 148 1
e 38 156 1
e 38 191 2
e 38 193 1
e 38 270 2
e 38 272 2
e 38 273 1
e 38 277 1
e 38 278 1
e 38 305 1
e 38 341 1
e 38 437 1
e 38 464 1
e 38 506 1
e 38 514 1
e 38 593 1
e 38 607 1
e 38 634 2
e 38 638 1
e 38 656 2
e 38 662 1
e 38 704 2
e 38 757 1
e 38 760 1
e 38 762 1
e 38 814 1
e 39 6 1
e 39 15 1
e 39 17 3
e 39 40 1
e 39 41 1
e 39 46 2
e 40 4 2
e 40 6 7
e 40 12 7
e 40 15 3
e 40 17 13
e 40 41 1
e 40 42 2
e 40 46 2
e 40 53 1
e 40 87 1
e 40 88 10
e 40 98 2
e 40 101 1
e 40 103 1
e 40 108 1
e 40 133 3
e 40 191 2
e 40 215 1
e 40 280 1
e 40 311 2
e 40 336 1
e 40 337 1
e 40 345 1
e 40 445 1
e 40 518 1
e 40 522 1
e 40 523 1
e 40 539 1
e 40 580 1
e 40 749 1
e 41 6 1
e 41 17 1
e 41 96 1
e 41 97 1
e 41 98 1
e 42 3 1
e 42 5 1
e 42 6 4
e 42 8 1
e 42 9 1
e 42 12 52
e 42 15 5
e 42 17 22
e 42 18 3
e 42 20 38
e 42 22 1
e 42 30 1
e 42 35 44
e 42 38 7
e 42 43 1
e 42 44 1
e 42 45 2
e 42 46 2
e 42 48 1
e 42 53 1
e 42 58 2
e 42 72 2
e 42 77 4
e 42 88 2
e 42 135 2
e 42 151 2
e 42 207 2
e 42 247 2
e 42 256 1
e 42 259 1
e 42 260 1
e 42 296 1
e 42 298 1
e 42 311 4
e 42 359 1
e 42 362 1
e 42 370 1
e 42 371 1
e 42 372 1
e 42 374 1
e 42 380 1
e 42 394 1
e 42 395 1
e 42 396 1
e 42 398 1
e 42 400 1
e 42 401 1
e 42 402 1
e 42 403 1
e 42 404 1
e 42 405 1
e 42 406 1
e 42 407 1
e 42 408 1
e 42 409 1
e 42 410 1
e 42 411 1
e 42 412 1
e 42 413 1
e 42 414 1
e 42 415 1
e 42 416 1
e 42 417 1
e 42 418 1
e 42 428 1
e 42 429 1
e 42 482 1
e 42 526 2
e 42 551 2
e 42 585 1
e 42 614 1
e 42 616 1
e 42 618 1
e 42 622 1
e 42 624 1
e 42 625 1
e 42 626 1
e 42 627 1
e 42 633 1
e 42 661 1
e 42 679 1
e 42 688 1
e 42 701 1
e 42 705 1
e 42 707 1
e 42 713 1
e 42 717 1
e 42 728 1
e 42 729 1
e 42 748 1
e 42 821 1
e 43 12 1
e 43 44 1
e 44 4 5
e 44 12 6
e 44 17 5
e 44 35 5
e 44 42 5
e 44 383 1
e 44 385 1
e 44 387 1
e 44 389 1
e 44 391 1
e 44 622 1
e 44 624 1
e 44 625 1
e 44 626 1
e 44 627 1
e 45 15 6
e 45 17 6
e 45 29 1
e 45 46 6
e 45 47 2
e 45 58 1
e 45 72 1
e 45 134 1
e 45 187 1
e 45 191 1
e 45 399 1
e 46 2 3
e 46 4 1
e 46 6 3
e 46 12 6
e 46 15 85
e 46 17 107
e 46 18 1
e 46 20 1
e 46 29 7
e 46 35 4
e 46 40 2
e 46 42 5
e 46 47 2
e 46 58 1
e 46 64 1
e 46 67 1
e 46 85 1
e 46 87 1
e 46 88 4
e 46 89 2
e 46 90 2
e 46 94 2
e 46 95 2
e 46 98 1
e 46 102 1
e 46 108 1
e 46 120 1
e 46 127 1
e 46 131 2
e 46 138 2
e 46 139 2
e 46 168 1
e 46 174 1
e 46 187 1
e 46 191 1
e 46 202 1
e 46 207 2
e 46 211 1
e 46 224 1
e 46 233 1
e 46 236 1
e 46 243 1
e 46 244 1
e 46 262 1
e 46 263 2
e 46 264 4
e 46 266 1
e 46 282 2
e 46 284 2
e 46 288 2
e 46 292 3
e 46 298 2
e 46 306 2
e 46 307 2
e 46 311 3
e 46 326 1
e 46 354 1
e 46 355 2
e 46 356 1
e 46 399 1
e 46 419 1
e 46 424 1
e 46 428 1
e 46 436 1
e 46 458 2
e 46 463 2
e 46 466 1
e 46 467 1
e 46 471 3
e 46 473 2
e 46 478 2
e 46 489 1
e 46 492 1
e 46 494 1
e 46 496 1
e 46 498 1
e 46 499 1
e 46 520 1
e 46 531 1
e 46 543 1
e 46 560 1
e 46 566 1
e 46 569 1
e 46 575 1
e 46 577 1
e 46 585 1
e 46 594 1
e 46 595 1
e 46 610 1
e 46 611 2
e 46 636 2
e 46 637 2
e 46 660 2
e 46 662 1
e 46 665 1
e 46 667 1
e 46 669 1
e 46 697 1
e 46 725 1
e 46 731 1
e 46 732 1
e 46 744 2
e 46 746 1
e 46 749 1
e 46 782 2
e 46 806 1
e 46 807 1
e 46 808 1
e 46 809 1
e 46 811 1
e 46 815 1
e 46 816 1
e 46 818 1
e 46 826 1
e 47 3 1
e 47 8 3
e 47 12 14
e 47 15 2
e 47 18 14
e 47 20 14
e 47 22 1
e 47 32 1
e 47 35 16
e 47 42 15
e 47 48 1
e 47 189 2
e 47 370 3
e 47 371 1
e 47 372 1
e 47 373 1
e 47 374 3
e 47 394 1
e 47 395 1
e 47 396 2
e 47 397 2
e 47 398 1
e 47 399 3
e 47 728 1
e 47 729 1
e 48 12 4
e 48 18 3
e 48 20 4
e 48 21 3
e 48 42 3
e 48 43 1
e 48 397 3
e 48 614 1
e 48 616 1
e 48 618 1
e 49 12 1
e 49 34 1
e 49 50 2
e 49 115 1
e 50 6 1
e 50 17 2
e 50 35 1
e 50 51 1
e 50 263 1
e 51 15 1
e 51 17 4
e 51 52 1
e 51 53 1
e 51 54 1
e 51 471 4
e 51 493 1
e 51 495 1
e 51 497 1
e 51 670 1
e 51 698 1
e 51 810 1
e 51 817 1
e 52 53 5
e 52 54 1
e 52 666 1
e 52 668 1
e 52 669 1
e 52 670 1
e 52 697 1
e 52 698 1
e 53 15 1
e 53 46 3
e 53 54 1
e 53 280 1
e 53 471 3
e 54 17 1
e 54 355 1
e 54 469 1
e 55 2 1
e 55 17 1
e 55 35 1
e 55 46 1
e 55 56 1
e 55 63 2
e 56 17 2
e 56 18 2
e 56 46 1
e 57 17 3
e 57 42 1
e 57 58 1
e 57 59 1
e 57 77 5
e 57 159 1
e 57 193 2
e 58 4 1
e 58 6 1
e 58 12 1
e 58 15 1
e 58 17 3
e 58 32 2
e 58 36 1
e 58 38 1
e 58 42 6
e 58 46 1
e 58 59 1
e 58 61 1
e 58 133 1
e 58 141 2
e 58 165 2
e 58 191 1
e 58 277 1
e 58 311 1
e 58 324 1
e 58 359 1
e 58 583 1
e 58 660 1
e 58 682 1
e 59 17 1
e 59 18 1
e 59 20 1
e 59 42 1
e 59 322 1
e 60 35 2
e 60 46 2
e 61 17 1
e 61 18 1
e 61 20 1
e 61 42 1
e 61 320 1
e 62 12 1
e 62 28 2
e 62 29 4
e 62 34 1
e 62 55 2
e 62 63 3
e 62 66 2
e 63 15 2
e 63 17 2
e 63 29 1
e 63 179 2
e 63 464 1
e 64 15 1
e 64 17 2
e 64 34 2
e 64 35 1
e 64 65 2
e 64 191 2
e 65 18 1
e 65 20 1
e 65 28 1
e 65 42 1
e 65 193 1
e 65 505 1
e 66 15 2
e 66 17 2
e 66 18 2
e 66 20 2
e 66 29 2
e 66 56 2
e 67 6 1
e 67 12 1
e 67 15 1
e 67 17 2
e 67 68 1
e 67 392 1
e 68 17 1
e 68 46 1
e 68 67 1
e 69 17 1
e 69 21 1
e 69 35 1
e 69 70 1
e 70 4 1
e 70 15 1
e 70 267 2
e 70 595 2
e 70 774 1
e 71 4 1
e 71 6 1
e 71 72 1
e 71 138 1
e 72 6 1
e 72 15 1
e 72 17 1
e 72 46 1
e 72 71 1
e 72 138 1
e 72 193 1
e 72 399 1
e 73 74 2
e 73 227 1
e 75 2 1
e 75 4 3
e 75 12 1
e 75 15 3
e 75 17 4
e 75 40 1
e 75 46 1
e 75 76 1
e 75 77 1
e 75 88 1
e 75 94 1
e 75 95 1
e 75 99 2
e 75 125 2
e 75 737 2
e 76 15 3
e 76 17 1
e 76 46 1
e 76 77 1
e 76 108 1
e 76 546 3
e 76 560 1
e 76 737 2
e 77 15 5
e 77 17 5
e 77 46 5
e 77 58 6
e 77 85 1
e 77 147 1
e 77 189 2
e 77 190 2
e 77 191 1
e 77 193 2
e 77 263 2
e 77 264 1
e 77 280 1
e 77 493 1
e 77 494 1
e 77 495 1
e 77 496 1
e 77 497 1
e 77 498 1
e 77 525 1
e 77 687 1
e 77 740 2
e 77 741 2
e 77 748 1
e 78 17 1
e 78 29 1
e 78 58 1
e 78 79 1
e 79 6 2
e 79 17 1
e 79 58 1
e 79 327 2
e 79 338 1
e 80 2 2
e 80 15 3
e 80 17 3
e 80 29 1
e 80 39 1
e 80 46 3
e 80 81 1
e 80 82 1
e 80 83 1
e 81 2 1
e 81 15 1
e 81 17 1
e 81 46 1
e 81 82 1
e 82 2 1
e 82 15 1
e 82 17 2
e 82 39 1
e 82 46 2
e 82 87 2
e 83 2 1
e 83 15 1
e 83 17 1
e 83 39 1
e 83 46 1
e 84 15 1
e 84 17 1
e 84 24 1
e 84 29 2
e 84 58 3
e 84 78 1
e 84 85 2
e 84 161 1
e 84 225 1
e 84 550 1
e 84 583 1
e 85 4 3
e 85 6 5
e 85 12 9
e 85 15 5
e 85 17 12
e 85 18 1
e 85 20 1
e 85 29 15
e 85 37 1
e 85 45 1
e 85 46 5
e 85 58 1
e 85 78 1
e 85 80 1
e 85 98 1
e 85 100 1
e 85 106 1
e 85 115 2
e 85 161 1
e 85 185 1
e 85 187 1
e 85 243 1
e 85 263 1
e 85 264 1
e 85 500 1
e 85 514 1
e 85 553 1
e 85 554 1
e 85 680 1
e 85 725 1
e 86 2 1
e 86 12 1
e 86 15 1
e 86 17 1
e 86 29 1
e 86 46 1
e 86 80 1
e 86 85 1
e 86 87 1
e 87 6 2
e 87 46 2
e 88 6 1
e 88 12 1
e 88 15 3
e 88 17 15
e 88 40 2
e 88 46 2
e 88 53 1
e 88 95 1
e 88 169 1
e 88 311 2
e 88 445 1
e 88 580 1
e 88 594 1
e 88 595 1
e 89 46 2
e 89 90 2
e 90 46 2
e 90 89 2
e 91 6 1
e 91 12 3
e 91 15 1
e 91 17 26
e 91 18 2
e 91 20 2
e 91 34 1
e 91 42 4
e 91 92 2
e 91 124 27
e 91 125 1
e 91 150 2
e 91 151 2
e 91 154 1
e 91 156 1
e 91 157 1
e 91 251 1
e 91 252 2
e 91 253 2
e 91 254 1
e 91 255 1
e 91 256 1
e 91 382 1
e 91 384 1
e 91 386 1
e 91 388 1
e 91 390 1
e 91 442 1
e 91 531 1
e 91 614 1
e 91 615 2
e 91 616 2
e 91 617 2
e 91 618 2
e 91 619 2
e 91 620 2
e 91 621 2
e 91 672 2
e 91 673 2
e 91 674 1
e 91 675 2
e 91 676 1
e 91 677 1
e 91 678 1
e 91 679 1
e 91 683 1
e 91 690 1
e 91 705 1
e 91 707 1
e 91 708 1
e 91 819 1
e 92 17 1
e 92 42 2
e 92 117 1
e 92 612 1
e 92 766 1
e 93 4 1
e 93 6 1
e 93 12 1
e 93 17 1
e 94 4 1
e 94 12 1
e 94 17 1
e 94 87 1
e 94 95 1
e 94 652 1
e 95 12 1
e 95 17 1
e 95 46 2
e 95 94 2
e 95 595 1
e 96 17 1
e 96 97 1
e 96 98 1
e 97 17 1
e 97 87 2
e 97 98 1
e 98 6 3
e 98 12 1
e 98 15 2
e 98 17 6
e 98 46 2
e 98 88 2
e 98 518 1
e 99 4 1
e 99 6 1
e 99 100 1
e 99 126 1
e 99 737 2
e 100 4 1
e 100 6 12
e 100 29 1
e 100 42 1
e 100 53 1
e 100 98 1
e 100 108 1
e 100 162 1
e 100 196 1
e 100 301 1
e 100 358 1
e 100 500 1
e 100 514 1
e 100 525 1
e 100 633 3
e 100 643 1
e 101 2 1
e 101 6 2
e 101 15 1
e 101 17 1
e 101 46 1
e 101 88 1
e 101 102 1
e 102 17 3
e 102 70 3
e 102 267 2
e 102 594 2
e 102 595 2
e 102 610 1
e 102 774 1
e 103 4 2
e 103 15 1
e 103 17 1
e 103 88 1
e 103 104 2
e 104 12 2
e 104 17 3
e 104 154 2
e 104 155 1
e 104 156 1
e 104 157 1
e 104 192 1
e 104 193 6
e 104 335 2
e 104 392 1
e 104 443 2
e 105 15 2
e 105 17 2
e 105 46 2
e 105 104 2
e 105 106 2
e 106 2 2
e 106 15 2
e 106 17 1
e 106 29 1
e 106 46 2
e 106 104 2
e 106 131 4
e 106 132 2
e 106 133 2
e 106 554 1
e 107 2 6
e 107 4 2
e 107 6 2
e 107 12 2
e 107 15 4
e 107 17 10
e 107 29 3
e 107 40 1
e 107 42 1
e 107 46 4
e 107 77 2
e 107 85 1
e 107 88 1
e 107 103 1
e 107 104 1
e 107 105 2
e 107 108 1
e 107 164 1
e 107 179 1
e 107 180 1
e 107 184 2
e 107 185 1
e 107 187 1
e 107 188 1
e 107 189 1
e 107 190 1
e 107 191 3
e 107 192 1
e 107 193 1
e 108 6 1
e 108 15 2
e 108 17 2
e 108 37 1
e 108 38 1
e 108 76 1
e 108 88 1
e 108 103 1
e 108 131 2
e 108 514 1
e 109 12 1
e 109 110 1
e 109 111 1
e 109 114 1
e 110 12 2
e 110 111 1
e 111 12 1
e 112 15 1
e 112 109 1
e 112 113 1
e 112 114 3
e 112 170 1
e 112 515 1
e 113 17 1
e 113 109 1
e 113 114 1
e 113 471 1
e 114 6 2
e 114 15 1
e 114 17 3
e 114 88 1
e 114 100 1
e 114 170 1
e 114 301 1
e 114 303 1
e 114 445 1
e 114 451 1
e 114 515 1
e 115 29 2
e 116 12 1
e 116 42 1
e 116 117 1
e 116 118 1
e 117 17 1
e 117 118 1
e 117 612 1
e 117 766 1
e 118 42 1
e 118 77 1
e 119 21 3
e 119 23 1
e 119 26 1
e 119 120 1
e 119 121 1
e 120 6 1
e 120 15 1
e 120 214 1
e 120 293 1
e 121 6 1
e 121 216 1
e 122 21 2
e 122 23 1
e 122 123 1
e 123 6 1
e 123 217 1
e 124 12 3
e 124 17 23
e 124 20 2
e 124 42 2
e 124 75 2
e 124 99 1
e 124 125 2
e 124 126 1
e 124 154 1
e 124 156 1
e 124 157 1
e 124 252 1
e 124 253 1
e 124 254 1
e 124 256 1
e 124 382 1
e 124 384 1
e 124 386 1
e 124 388 1
e 124 390 1
e 124 531 1
e 124 615 1
e 124 617 1
e 124 619 1
e 124 620 1
e 124 621 1
e 124 672 1
e 124 673 1
e 124 675 1
e 124 676 1
e 124 677 1
e 124 679 1
e 124 683 1
e 124 690 1
e 124 708 1
e 125 12 1
e 125 17 2
e 125 58 1
e 125 77 1
e 125 124 1
e 125 132 1
e 125 275 1
e 125 276 1
e 125 531 3
e 125 599 1
e 125 600 1
e 127 2 1
e 127 15 3
e 127 17 5
e 127 42 2
e 127 45 1
e 127 46 1
e 127 128 1
e 127 129 1
e 127 134 1
e 127 135 2
e 128 2 1
e 128 15 1
e 128 17 5
e 128 40 1
e 128 46 1
e 128 88 1
e 128 129 1
e 128 263 1
e 128 264 1
e 128 282 1
e 128 471 1
e 128 539 4
e 128 788 1
e 129 15 1
e 129 17 1
e 130 12 1
e 130 15 2
e 130 17 6
e 130 46 2
e 130 106 2
e 130 131 2
e 130 132 6
e 130 133 1
e 130 431 1
e 130 432 1
e 130 478 2
e 130 479 2
e 131 15 2
e 131 132 2
e 132 12 1
e 132 15 4
e 132 17 2
e 132 38 1
e 132 42 1
e 132 46 4
e 132 77 3
e 132 130 2
e 132 137 1
e 132 160 1
e 132 482 4
e 132 485 1
e 132 782 2
e 133 4 2
e 133 6 4
e 133 15 4
e 133 17 9
e 133 37 1
e 133 38 2
e 133 42 2
e 133 46 4
e 133 130 2
e 133 131 2
e 133 132 3
e 133 204 1
e 133 362 1
e 133 429 2
e 134 15 1
e 134 17 1
e 134 46 1
e 135 2 2
e 135 15 2
e 135 17 4
e 135 46 2
e 135 105 2
e 135 107 2
e 135 134 2
e 136 137 1
e 136 138 1
e 137 17 3
e 137 37 3
e 137 38 3
e 137 77 1
e 137 138 1
e 137 482 1
e 137 681 3
e 138 17 1
e 138 33 2
e 138 35 3
e 138 193 2
e 138 195 1
e 138 325 1
e 138 544 1
e 138 603 2
e 138 751 1
e 139 2 4
e 139 12 1
e 139 15 6
e 139 17 4
e 139 46 4
e 139 140 1
e 139 665 1
e 139 667 1
e 139 669 1
e 139 697 1
e 139 807 1
e 139 808 1
e 139 809 1
e 139 816 1
e 140 2 2
e 140 12 1
e 140 15 2
e 140 17 4
e 140 46 2
e 140 58 1
e 140 77 1
e 140 139 2
e 140 189 1
e 140 190 1
e 141 2 3
e 141 4 2
e 141 6 2
e 141 12 2
e 141 15 2
e 141 17 11
e 141 29 2
e 141 35 2
e 141 37 1
e 141 38 1
e 141 42 3
e 141 46 2
e 141 58 3
e 141 77 1
e 141 140 2
e 141 142 1
e 141 143 1
e 141 149 2
e 141 158 1
e 141 163 2
e 141 165 2
e 141 197 2
e 141 487 1
e 141 520 1
e 141 754 1
e 141 755 1
e 141 811 1
e 141 812 1
e 141 813 1
e 141 818 1
e 142 4 1
e 142 6 1
e 142 143 1
e 143 4 1
e 143 6 1
e 144 17 2
e 144 141 2
e 144 145 2
e 145 17 2
e 145 141 2
e 146 12 2
e 146 17 1
e 146 37 1
e 146 38 1
e 146 133 1
e 147 17 1
e 147 38 1
e 147 148 1
e 149 35 2
e 149 42 2
e 149 91 2
e 149 150 2
e 149 151 2
e 150 151 2
e 151 15 2
e 151 17 2
e 151 46 2
e 151 207 2
e 152 12 1
e 152 34 1
e 152 77 1
e 153 6 1
e 153 17 2
e 153 42 1
e 153 91 1
e 153 124 1
e 153 154 1
e 154 193 2
e 154 334 2
e 154 335 2
e 155 6 1
e 155 17 4
e 155 37 1
e 155 38 1
e 155 42 1
e 155 91 2
e 155 124 2
e 155 156 1
e 155 157 1
e 155 193 1
e 155 437 2
e 155 505 1
e 155 511 1
e 156 12 2
e 156 17 2
e 156 37 1
e 156 58 1
e 156 157 3
e 156 189 1
e 156 193 1
e 156 334 1
e 156 634 1
e 156 646 1
e 157 37 1
e 157 38 1
e 157 58 1
e 157 156 4
e 157 193 1
e 157 334 1
e 157 505 1
e 157 634 1
e 158 12 1
e 158 159 1
e 158 160 1
e 158 487 1
e 159 4 3
e 159 6 4
e 159 11 2
e 159 12 2
e 159 15 2
e 159 17 12
e 159 29 1
e 159 42 2
e 159 46 1
e 159 58 1
e 159 77 2
e 159 141 3
e 159 160 1
e 159 193 2
e 159 197 2
e 159 207 2
e 159 215 1
e 159 227 1
e 159 228 1
e 159 275 2
e 159 282 1
e 159 359 1
e 159 499 1
e 159 544 2
e 159 716 3
e 159 785 2
e 159 786 1
e 159 787 1
e 159 788 1
e 160 12 1
e 160 15 3
e 160 17 6
e 160 37 1
e 160 38 1
e 160 42 2
e 160 46 3
e 160 77 1
e 160 132 1
e 160 478 2
e 160 482 2
e 160 483 1
e 160 484 1
e 160 500 2
e 160 520 1
e 161 6 1
e 161 17 1
e 161 29 1
e 161 58 1
e 161 100 1
e 161 162 1
e 162 555 1
e 163 35 2
e 163 42 2
e 163 149 2
e 164 2 1
e 164 4 1
e 164 6 1
e 164 17 3
e 164 42 1
e 164 58 2
e 164 141 2
e 164 165 2
e 164 349 1
e 164 664 1
e 165 32 1
e 165 37 1
e 165 38 1
e 165 42 1
e 166 17 1
e 166 18 1
e 166 20 1
e 166 77 2
e 166 167 1
e 167 12 1
e 167 15 1
e 167 20 1
e 167 710 1
e 168 12 1
e 168 15 1
e 168 17 1
e 168 110 1
e 168 112 2
e 168 114 2
e 168 169 1
e 168 170 2
e 168 171 2
e 168 515 1
e 169 12 1
e 169 110 1
e 169 170 1
e 170 12 1
e 170 110 1
e 171 17 2
e 171 46 2
e 171 298 2
e 172 6 2
e 172 35 2
e 172 173 2
e 173 12 1
e 173 17 1
e 173 18 1
e 173 20 1
e 173 35 3
e 173 42 1
e 173 47 1
e 173 399 1
e 173 728 1
e 174 15 1
e 174 17 7
e 174 174 2
e 174 175 2
e 175 17 2
e 175 46 2
e 175 744 2
e 176 2 1
e 176 12 1
e 176 15 1
e 176 17 1
e 176 46 1
e 176 168 1
e 177 2 1
e 177 12 1
e 177 15 1
e 177 17 1
e 177 46 1
e 177 174 1
e 178 12 2
e 178 17 2
e 178 35 1
e 178 42 1
e 178 77 2
e 178 104 2
e 178 116 1
e 178 138 1
e 178 179 2
e 178 195 1
e 179 4 1
e 179 6 1
e 179 15 2
e 179 17 3
e 179 77 2
e 179 180 1
e 180 6 1
e 180 17 1
e 180 104 2
e 180 178 2
e 181 178 2
e 182 6 1
e 182 100 2
e 182 114 1
e 182 303 1
e 183 12 1
e 183 15 2
e 183 17 7
e 183 18 4
e 183 20 2
e 183 38 2
e 183 58 1
e 183 184 2
e 183 324 1
e 184 17 2
e 184 18 2
e 184 46 2
e 185 6 1
e 185 12 1
e 185 17 3
e 185 29 1
e 185 77 1
e 185 107 1
e 186 17 4
e 186 185 2
e 187 15 4
e 187 17 4
e 187 29 1
e 187 63 2
e 187 179 2
e 187 188 1
e 188 15 1
e 188 17 3
e 189 12 16
e 189 15 3
e 189 17 4
e 189 18 1
e 189 20 7
e 189 34 1
e 189 35 5
e 189 42 7
e 189 46 3
e 189 58 1
e 189 77 4
e 189 147 1
e 189 157 1
e 189 190 11
e 189 191 1
e 189 233 1
e 189 260 2
e 189 269 1
e 189 276 2
e 189 277 1
e 189 278 1
e 189 313 1
e 189 314 1
e 189 315 1
e 189 316 3
e 189 370 1
e 189 371 1
e 189 372 1
e 189 375 1
e 189 380 1
e 189 381 1
e 189 425 1
e 189 428 1
e 189 505 1
e 189 583 3
e 189 584 1
e 189 585 1
e 189 645 1
e 189 674 1
e 189 676 1
e 189 686 2
e 189 687 3
e 189 688 1
e 189 703 1
e 189 704 2
e 189 738 1
e 189 739 2
e 189 740 4
e 189 741 2
e 189 812 1
e 189 813 1
e 190 12 4
e 190 58 1
e 190 77 4
e 190 146 1
e 190 147 1
e 190 189 2
e 190 191 1
e 190 531 2
e 190 590 1
e 190 591 1
e 190 592 1
e 190 687 3
e 190 740 2
e 190 741 2
e 191 15 1
e 191 17 1
e 191 35 1
e 191 42 4
e 191 46 2
e 191 64 1
e 191 88 2
e 191 311 4
e 192 12 1
e 192 15 1
e 192 193 1
e 192 643 1
e 193 15 2
e 193 46 2
e 193 71 1
e 193 104 1
e 193 138 3
e 193 193 2
e 193 393 1
e 193 771 4
e 193 772 2
e 194 17 4
e 194 107 2
e 195 42 1
e 195 77 1
e 195 748 1
e 196 6 1
e 196 17 1
e 196 726 1
e 197 6 1
e 197 17 3
e 197 198 1
e 197 209 2
e 198 6 1
e 199 17 4
e 199 164 2
e 200 12 3
e 200 15 3
e 200 17 5
e 200 18 1
e 200 20 1
e 200 31 2
e 200 35 3
e 200 37 2
e 200 38 2
e 200 42 3
e 200 46 3
e 200 189 3
e 200 233 1
e 200 276 2
e 200 296 3
e 200 316 2
e 200 375 1
e 200 428 1
e 200 583 3
e 200 584 1
e 200 585 1
e 201 12 1
e 201 17 2
e 201 37 1
e 201 38 2
e 201 202 1
e 202 15 1
e 202 17 2
e 202 38 1
e 203 17 1
e 203 204 1
e 203 205 1
e 203 206 2
e 204 17 3
e 204 18 2
e 204 20 2
e 204 205 1
e 204 520 2
e 204 628 4
e 205 12 1
e 205 17 1
e 205 73 1
e 205 227 1
e 207 15 2
e 207 17 4
e 207 141 2
e 207 197 4
e 207 208 2
e 207 209 2
e 208 197 2
e 208 209 2
e 209 17 3
e 209 18 2
e 209 20 2
e 209 34 1
e 209 159 1
e 209 267 2
e 209 529 1
e 210 12 1
e 210 15 1
e 210 17 7
e 210 46 1
e 210 210 2
e 210 211 1
e 211 15 1
e 211 17 1
e 212 17 2
e 212 82 2
e 212 87 2
e 213 17 2
e 213 87 2
e 213 97 2
e 214 6 1
e 214 12 1
e 214 17 4
e 214 120 1
e 214 215 4
e 214 220 1
e 214 221 1
e 214 276 1
e 214 463 1
e 214 692 1
e 214 733 1
e 215 6 2
e 215 12 1
e 215 15 1
e 215 17 13
e 215 46 2
e 215 88 1
e 215 120 1
e 215 121 1
e 215 123 1
e 215 221 1
e 215 222 1
e 215 279 1
e 215 282 2
e 215 692 1
e 215 694 1
e 215 695 1
e 215 733 1
e 215 734 1
e 216 6 1
e 216 12 1
e 216 17 3
e 216 121 1
e 216 215 3
e 216 220 1
e 216 222 1
e 216 463 1
e 216 694 1
e 217 6 1
e 217 12 1
e 217 17 2
e 217 123 1
e 217 215 2
e 217 463 1
e 217 695 1
e 218 2 1
e 218 6 1
e 218 17 1
e 218 46 1
e 218 219 1
e 219 17 1
e 219 46 1
e 219 215 1
e 219 588 1
e 220 15 3
e 220 17 2
e 220 215 2
e 220 221 1
e 220 222 1
e 221 17 1
e 221 293 1
e 221 548 1
e 222 17 1
e 222 88 1
e 222 446 1
e 223 12 1
e 223 15 1
e 223 17 1
e 223 46 1
e 223 224 1
e 224 15 1
e 224 17 2
e 224 37 1
e 224 38 1
e 224 201 1
e 225 12 1
e 225 38 1
e 225 42 2
e 225 701 1
e 225 720 1
e 226 15 3
e 226 84 1
e 227 4 1
e 227 6 1
e 227 17 1
e 227 228 1
e 228 6 1
e 228 17 1
e 228 35 1
e 228 204 1
e 229 12 1
e 229 15 1
e 229 17 1
e 229 46 1
e 229 64 1
e 230 15 1
e 230 231 2
e 230 232 2
e 231 232 2
e 232 17 1
e 232 46 1
e 232 463 1
e 232 512 2
e 233 12 1
e 233 15 1
e 233 17 1
e 233 18 1
e 233 35 1
e 233 42 1
e 233 234 1
e 233 235 1
e 233 236 1
e 234 235 1
e 235 233 1
e 235 236 1
e 236 12 1
e 236 15 2
e 236 17 3
e 236 46 1
e 236 236 1
e 236 392 1
e 236 424 1
e 237 17 1
e 237 42 1
e 237 238 1
e 238 17 1
e 238 42 1
e 239 42 2
e 240 35 2
e 241 12 1
e 241 15 1
e 241 17 1
e 241 46 1
e 241 242 2
e 241 243 1
e 241 244 1
e 243 6 1
e 243 15 1
e 243 17 1
e 243 46 1
e 243 244 1
e 244 15 1
e 244 17 2
e 244 37 1
e 244 38 1
e 244 273 1
e 245 12 3
e 245 17 3
e 245 42 3
e 245 246 2
e 245 247 2
e 245 249 1
e 245 250 2
e 246 12 2
e 246 17 4
e 246 42 2
e 246 247 4
e 246 362 2
e 247 17 4
e 248 12 1
e 248 17 1
e 248 18 2
e 248 38 2
e 248 42 1
e 248 245 1
e 248 249 1
e 249 17 1
e 249 18 2
e 249 20 2
e 249 37 2
e 249 38 2
e 249 42 1
e 249 248 4
e 251 17 1
e 251 124 1
e 251 252 1
e 252 17 1
e 252 124 1
e 252 253 1
e 253 17 1
e 253 124 1
e 253 254 1
e 254 17 1
e 255 17 1
e 255 20 1
e 255 42 1
e 255 124 1
e 255 256 1
e 256 17 1
e 256 258 2
e 257 17 1
e 257 18 1
e 257 20 1
e 257 255 1
e 259 12 1
e 259 17 1
e 259 42 1
e 259 189 1
e 259 260 1
e 260 12 1
e 260 425 1
e 261 12 1
e 261 15 1
e 261 17 1
e 261 46 1
e 261 262 1
e 262 15 1
e 262 17 1
e 263 6 5
e 263 12 1
e 263 15 2
e 263 17 4
e 263 29 1
e 263 46 2
e 263 51 1
e 263 53 1
e 263 264 2
e 263 307 1
e 263 471 1
e 263 474 2
e 263 475 1
e 263 539 1
e 263 595 1
e 264 6 6
e 264 12 2
e 264 15 3
e 264 17 11
e 264 29 1
e 264 77 1
e 264 120 1
e 264 121 1
e 264 123 1
e 264 159 2
e 264 214 1
e 264 215 2
e 264 216 1
e 264 217 1
e 264 218 1
e 264 263 1
e 264 282 2
e 264 539 1
e 264 716 2
e 265 17 3
e 265 266 3
e 265 267 3
e 265 268 3
e 266 17 3
e 266 267 3
e 266 268 3
e 267 268 3
e 267 595 2
e 269 12 1
e 269 17 2
e 269 58 1
e 269 270 1
e 269 271 2
e 269 272 1
e 269 567 1
e 270 17 1
e 270 271 1
e 270 272 1
e 271 12 1
e 271 17 1
e 271 58 1
e 271 189 1
e 271 269 1
e 271 272 1
e 272 20 2
e 272 37 2
e 272 270 4
e 273 17 2
e 273 37 1
e 273 86 1
e 273 87 1
e 274 17 1
e 274 34 1
e 274 35 2
e 274 159 1
e 274 209 1
e 275 12 3
e 275 17 2
e 275 57 1
e 275 58 1
e 275 77 2
e 275 125 1
e 275 159 1
e 275 193 2
e 276 12 6
e 276 15 2
e 276 17 3
e 276 18 1
e 276 35 4
e 276 42 2
e 276 46 2
e 276 58 1
e 276 77 1
e 276 132 1
e 276 160 1
e 276 215 2
e 276 233 1
e 276 274 2
e 276 275 1
e 276 351 1
e 276 428 1
e 276 482 1
e 276 733 1
e 276 734 1
e 276 800 2
e 277 12 2
e 277 17 2
e 277 278 2
e 277 634 1
e 278 37 1
e 278 58 1
e 278 277 4
e 278 334 1
e 278 505 1
e 279 12 1
e 279 15 1
e 279 17 4
e 279 40 1
e 279 77 1
e 279 88 1
e 279 215 1
e 279 280 1
e 280 17 1
e 280 53 1
e 280 88 1
e 281 17 4
e 281 279 2
e 282 12 1
e 282 15 1
e 282 17 2
e 282 46 2
e 282 264 2
e 282 284 1
e 282 594 1
e 282 595 1
e 283 6 1
e 283 12 1
e 283 15 1
e 283 17 1
e 283 46 2
e 283 284 2
e 283 308 1
e 284 12 1
e 284 46 2
e 284 306 2
e 284 595 1
e 285 286 2
e 287 12 1
e 287 15 1
e 287 17 1
e 287 46 1
e 287 288 1
e 288 12 1
e 288 15 3
e 288 17 3
e 288 46 1
e 288 288 1
e 289 12 1
e 289 15 3
e 289 17 1
e 289 77 1
e 289 99 2
e 289 290 1
e 289 357 2
e 290 15 2
e 290 77 1
e 290 357 2
e 290 546 2
e 291 6 1
e 291 12 1
e 291 15 1
e 291 17 1
e 291 46 2
e 291 289 1
e 291 292 2
e 292 12 1
e 292 46 2
e 292 595 1
e 292 637 2
e 293 2 1
e 293 15 1
e 293 17 2
e 293 46 1
e 293 120 1
e 293 548 1
e 294 17 4
e 294 140 2
e 295 2 2
e 295 15 2
e 295 17 3
e 295 42 1
e 295 46 2
e 295 296 1
e 295 806 1
e 295 807 1
e 295 815 1
e 295 816 1
e 296 12 3
e 296 15 5
e 296 17 3
e 296 18 1
e 296 20 1
e 296 35 3
e 296 42 3
e 296 46 5
e 296 189 3
e 296 233 1
e 296 276 2
e 296 316 2
e 296 375 1
e 296 428 1
e 296 583 3
e 296 584 1
e 296 585 1
e 296 806 2
e 296 808 1
e 296 809 1
e 297 193 1
e 297 295 2
e 298 17 1
e 298 133 1
e 298 299 1
e 298 746 2
e 299 12 1
e 299 15 1
e 299 17 1
e 299 133 1
e 299 743 1
e 300 6 2
e 300 12 1
e 300 15 1
e 300 17 1
e 300 114 1
e 300 305 1
e 300 722 1
e 301 6 1
e 301 12 1
e 301 15 1
e 301 302 1
e 302 15 1
e 302 112 2
e 303 6 1
e 303 12 1
e 303 15 1
e 303 112 1
e 304 6 5
e 304 300 1
e 304 305 4
e 304 329 1
e 304 347 1
e 304 722 1
e 305 6 8
e 305 37 1
e 305 300 1
e 305 304 1
e 305 329 1
e 305 341 2
e 305 342 1
e 305 347 1
e 305 722 3
e 306 6 1
e 306 12 2
e 306 17 2
e 306 77 1
e 306 283 1
e 306 307 1
e 307 6 1
e 307 12 2
e 307 17 1
e 307 77 1
e 307 356 1
e 307 595 1
e 308 12 1
e 308 15 1
e 308 17 1
e 308 77 1
e 308 309 1
e 309 15 3
e 309 17 1
e 309 46 1
e 309 77 1
e 309 356 1
e 309 357 2
e 309 358 2
e 310 12 3
e 310 15 1
e 310 17 2
e 310 37 2
e 310 38 2
e 310 311 1
e 310 312 1
e 310 351 2
e 310 361 2
e 310 421 4
e 310 746 2
e 311 2 1
e 311 6 1
e 311 15 4
e 311 51 1
e 311 58 1
e 311 226 2
e 311 312 1
e 311 732 2
e 311 810 1
e 312 15 2
e 312 339 1
e 313 3 1
e 313 6 2
e 313 12 1
e 313 17 1
e 313 20 1
e 313 35 4
e 313 314 1
e 313 449 1
e 313 450 1
e 313 582 1
e 314 6 2
e 314 20 1
e 315 8 1
e 315 12 1
e 315 17 1
e 315 20 1
e 315 35 1
e 315 316 1
e 316 6 2
e 316 12 2
e 316 15 2
e 316 35 2
e 316 42 2
e 316 46 2
e 316 276 1
e 316 428 1
e 316 583 2
e 316 584 1
e 316 585 1
e 317 17 1
e 317 37 1
e 317 38 1
e 317 318 1
e 318 17 1
e 318 38 1
e 319 12 1
e 319 15 1
e 319 46 2
e 319 95 2
e 319 652 1
e 320 12 1
e 320 20 1
e 320 321 1
e 321 12 3
e 321 17 1
e 321 29 2
e 321 32 1
e 321 35 1
e 321 132 1
e 321 348 1
e 321 482 1
e 321 564 1
e 322 12 1
e 322 20 1
e 322 323 1
e 323 12 1
e 323 29 2
e 324 12 1
e 324 17 2
e 324 18 1
e 324 20 1
e 324 325 1
e 325 35 1
e 325 751 1
e 326 15 1
e 326 17 3
e 326 18 2
e 326 20 3
e 326 132 2
e 326 354 1
e 327 6 2
e 327 15 1
e 327 17 1
e 327 29 1
e 327 46 1
e 327 326 1
e 328 6 2
e 328 12 2
e 328 17 4
e 328 18 1
e 328 20 1
e 328 37 1
e 328 38 1
e 328 42 2
e 328 153 1
e 328 155 1
e 328 329 2
e 328 607 2
e 329 6 3
e 329 17 2
e 329 42 2
e 329 153 1
e 329 155 1
e 330 15 1
e 330 17 1
e 330 129 2
e 330 331 1
e 330 332 1
e 331 2 1
e 331 4 1
e 331 17 2
e 331 129 1
e 331 433 1
e 332 2 1
e 332 4 1
e 332 17 1
e 332 129 1
e 332 338 1
e 333 12 2
e 333 17 2
e 333 154 2
e 333 156 1
e 333 157 1
e 333 188 2
e 333 277 1
e 333 278 1
e 333 334 4
e 333 335 2
e 334 100 2
e 334 277 1
e 335 154 2
e 335 193 2
e 335 334 2
e 336 6 1
e 336 12 1
e 336 17 2
e 336 77 1
e 336 133 1
e 336 166 1
e 337 6 1
e 337 12 1
e 337 17 2
e 337 77 1
e 337 133 1
e 337 166 1
e 338 4 1
e 338 6 1
e 338 17 1
e 338 327 1
e 339 12 2
e 339 15 1
e 339 340 2
e 340 12 2
e 340 17 2
e 340 18 2
e 340 20 2
e 340 764 2
e 341 6 1
e 341 12 1
e 341 37 1
e 341 305 1
e 341 342 1
e 342 6 2
e 342 304 1
e 342 305 1
e 343 12 3
e 343 37 2
e 343 38 2
e 343 305 1
e 343 341 1
e 344 6 1
e 344 12 1
e 344 15 1
e 344 17 1
e 344 330 1
e 345 6 1
e 345 12 1
e 345 17 2
e 345 133 1
e 345 344 1
e 346 6 1
e 346 17 1
e 346 35 1
e 346 46 1
e 347 6 2
e 347 305 1
e 347 722 1
e 348 17 1
e 348 18 1
e 348 20 1
e 348 132 1
e 348 349 1
e 349 4 1
e 349 6 1
e 349 17 1
e 349 664 1
e 350 36 1
e 350 351 1
e 351 12 1
e 351 15 2
e 351 17 3
e 351 37 2
e 351 38 2
e 351 42 1
e 351 58 1
e 351 310 2
e 351 359 1
e 351 421 2
e 351 477 2
e 351 770 4
e 351 800 1
e 351 801 1
e 352 17 2
e 352 353 2
e 353 58 1
e 353 77 1
e 354 6 1
e 354 12 1
e 354 15 1
e 354 17 2
e 354 46 2
e 354 355 2
e 354 651 1
e 355 17 3
e 355 46 2
e 355 441 1
e 355 458 2
e 355 469 1
e 355 747 1
e 356 6 1
e 356 12 1
e 356 15 1
e 356 17 2
e 356 46 2
e 356 309 1
e 356 326 1
e 356 354 1
e 356 482 1
e 356 636 2
e 357 99 2
e 357 358 2
e 357 524 2
e 357 546 2
e 357 789 2
e 358 6 1
e 358 12 2
e 358 53 1
e 358 827 2
e 359 4 1
e 359 6 1
e 359 11 1
e 359 12 1
e 359 17 2
e 359 18 1
e 359 20 1
e 359 42 1
e 359 141 1
e 359 360 1
e 359 785 1
e 359 786 1
e 360 6 1
e 360 17 1
e 360 20 1
e 360 218 1
e 360 264 1
e 361 17 4
e 361 37 2
e 361 38 4
e 361 656 2
e 362 17 2
e 362 247 2
e 362 530 2
e 363 12 2
e 363 311 2
e 363 510 2
e 364 4 1
e 364 17 1
e 364 365 1
e 364 366 1
e 365 4 1
e 365 17 1
e 365 366 1
e 366 17 1
e 367 368 2
e 368 17 1
e 368 463 1
e 369 17 1
e 369 35 1
e 369 370 1
e 370 3 1
e 370 4 3
e 370 6 3
e 370 12 2
e 370 17 1
e 370 20 2
e 370 32 1
e 370 35 2
e 370 38 1
e 370 42 2
e 370 369 2
e 370 371 1
e 370 393 1
e 371 4 3
e 371 6 3
e 371 17 1
e 371 20 1
e 371 32 1
e 371 37 1
e 371 38 1
e 371 314 2
e 371 393 1
e 372 4 3
e 372 6 3
e 372 17 1
e 372 32 1
e 372 38 1
e 372 316 2
e 372 393 1
e 373 2 2
e 373 4 2
e 373 6 2
e 373 12 2
e 373 17 1
e 373 18 1
e 373 20 2
e 373 35 4
e 373 42 2
e 373 172 2
e 373 399 1
e 373 404 1
e 374 4 2
e 374 6 2
e 374 12 2
e 374 20 2
e 374 22 1
e 374 35 2
e 374 42 2
e 374 375 2
e 374 394 1
e 375 6 2
e 375 12 1
e 375 15 1
e 375 17 1
e 375 18 1
e 375 35 1
e 375 42 1
e 375 46 1
e 375 233 1
e 375 276 1
e 375 583 1
e 376 4 2
e 376 6 2
e 376 377 2
e 377 6 2
e 377 35 2
e 377 398 2
e 378 4 2
e 378 6 2
e 378 42 1
e 378 379 2
e 378 705 1
e 379 35 2
e 379 728 2
e 380 12 3
e 380 20 1
e 380 381 1
e 380 610 1
e 380 773 1
e 380 774 1
e 380 775 1
e 381 20 1
e 382 21 1
e 382 383 1
e 383 4 1
e 383 17 1
e 383 35 1
e 383 42 1
e 383 622 1
e 384 21 1
e 384 385 1
e 385 4 1
e 385 17 1
e 385 35 1
e 385 42 1
e 385 624 1
e 386 21 1
e 386 387 1
e 387 4 1
e 387 17 1
e 387 35 1
e 387 42 1
e 387 625 1
e 388 21 1
e 388 389 1
e 389 4 1
e 389 17 1
e 389 35 1
e 389 42 1
e 389 626 1
e 390 21 1
e 390 391 1
e 391 4 1
e 391 17 1
e 391 35 1
e 391 42 1
e 391 627 1
e 392 3 1
e 392 4 5
e 392 6 6
e 392 8 1
e 392 12 5
e 392 17 7
e 392 32 5
e 392 37 5
e 392 38 5
e 392 104 1
e 392 193 2
e 392 370 1
e 392 371 1
e 392 372 1
e 392 393 7
e 392 424 1
e 392 465 1
e 392 662 1
e 393 6 5
e 393 17 7
e 393 38 5
e 393 104 2
e 393 193 1
e 393 236 1
e 393 392 2
e 393 424 1
e 394 12 2
e 394 17 1
e 394 18 1
e 394 20 2
e 394 35 1
e 394 42 1
e 394 47 1
e 394 395 1
e 395 12 2
e 395 17 1
e 395 18 1
e 395 20 2
e 395 35 1
e 395 42 1
e 395 47 1
e 395 370 1
e 396 12 1
e 396 20 1
e 396 35 1
e 396 42 1
e 396 48 1
e 397 12 4
e 397 18 4
e 397 20 4
e 397 21 4
e 397 42 4
e 397 398 1
e 397 614 1
e 397 616 1
e 397 618 1
e 398 12 1
e 398 20 1
e 398 35 1
e 398 42 1
e 398 729 1
e 399 8 1
e 399 12 23
e 399 15 1
e 399 18 23
e 399 20 23
e 399 22 1
e 399 35 23
e 399 42 24
e 399 72 1
e 399 374 1
e 399 380 1
e 399 398 1
e 399 400 1
e 399 401 1
e 399 402 2
e 399 403 1
e 399 404 1
e 399 405 2
e 399 406 1
e 399 407 1
e 399 408 2
e 399 409 2
e 399 410 2
e 399 411 1
e 399 412 2
e 399 413 1
e 399 414 1
e 399 415 2
e 399 416 1
e 399 417 1
e 399 418 1
e 399 728 1
e 399 729 1
e 400 12 1
e 400 18 1
e 400 20 2
e 400 35 1
e 400 42 1
e 400 399 1
e 400 401 1
e 401 12 2
e 401 17 1
e 401 18 1
e 401 20 2
e 401 35 1
e 401 42 1
e 401 399 1
e 401 402 1
e 402 12 1
e 402 20 1
e 402 35 1
e 402 42 1
e 402 405 1
e 403 12 1
e 403 18 1
e 403 20 2
e 403 35 1
e 403 42 1
e 403 399 1
e 403 406 1
e 404 12 1
e 404 18 1
e 404 20 2
e 404 35 1
e 404 42 1
e 404 399 1
e 404 407 1
e 405 12 1
e 405 20 1
e 405 35 1
e 405 42 1
e 405 408 1
e 406 12 2
e 406 17 1
e 406 18 1
e 406 20 2
e 406 35 1
e 406 42 1
e 406 399 1
e 406 409 1
e 407 12 2
e 407 17 1
e 407 18 1
e 407 20 2
e 407 35 1
e 407 42 1
e 407 399 1
e 407 410 1
e 408 12 1
e 408 20 1
e 408 35 1
e 408 42 1
e 408 411 1
e 409 12 3
e 409 20 1
e 409 35 1
e 409 42 1
e 409 412 1
e 409 610 2
e 409 671 1
e 409 799 1
e 410 12 1
e 410 20 1
e 410 35 1
e 410 42 1
e 410 413 1
e 411 12 1
e 411 18 1
e 411 20 2
e 411 35 1
e 411 42 1
e 411 399 1
e 411 414 1
e 412 12 1
e 412 20 1
e 412 35 1
e 412 42 1
e 412 415 1
e 413 12 2
e 413 684 1
e 413 718 1
e 414 12 3
e 414 18 1
e 414 20 2
e 414 35 1
e 414 42 1
e 414 380 2
e 414 399 1
e 414 417 1
e 414 610 1
e 414 773 1
e 414 774 1
e 414 775 1
e 415 12 1
e 415 20 1
e 415 35 1
e 415 42 1
e 415 416 1
e 416 12 1
e 416 18 1
e 416 20 2
e 416 35 1
e 416 42 1
e 416 399 1
e 416 418 1
e 418 12 1
e 418 18 1
e 418 20 2
e 418 35 1
e 418 42 1
e 418 380 1
e 418 399 1
e 419 12 1
e 419 15 1
e 419 17 1
e 419 351 2
e 419 420 2
e 419 421 1
e 420 12 1
e 420 15 1
e 420 17 2
e 420 38 2
e 420 192 1
e 420 351 4
e 420 423 2
e 420 643 1
e 421 15 1
e 421 17 1
e 421 29 2
e 421 46 1
e 421 85 2
e 421 115 2
e 421 351 2
e 421 419 1
e 422 420 2
e 422 423 2
e 424 15 1
e 424 17 5
e 424 425 1
e 424 426 1
e 424 428 2
e 424 760 1
e 424 762 1
e 424 763 2
e 425 15 2
e 425 17 4
e 425 46 2
e 425 426 2
e 425 428 1
e 425 611 2
e 427 17 2
e 427 424 2
e 427 425 1
e 427 426 1
e 427 428 4
e 427 760 1
e 427 763 1
e 428 15 1
e 428 426 1
e 428 763 1
e 429 6 2
e 429 12 1
e 429 17 1
e 429 35 1
e 429 133 1
e 430 12 1
e 430 15 1
e 430 17 1
e 430 46 1
e 430 424 1
e 431 17 1
e 431 132 1
e 431 432 1
e 432 17 1
e 432 132 1
e 433 4 1
e 433 6 1
e 433 17 1
e 433 79 1
e 433 327 1
e 434 18 1
e 434 20 1
e 434 326 1
e 435 2 1
e 435 12 2
e 435 15 1
e 435 17 2
e 435 46 1
e 435 436 3
e 436 15 1
e 436 17 2
e 436 18 2
e 436 38 2
e 436 130 2
e 437 37 1
e 437 104 1
e 437 155 1
e 437 193 1
e 437 505 1
e 438 17 2
e 438 18 2
e 438 20 2
e 438 439 2
e 439 17 2
e 439 18 2
e 440 17 1
e 440 20 1
e 440 88 1
e 440 441 1
e 440 442 1
e 441 17 1
e 441 88 1
e 441 442 1
e 442 17 2
e 442 88 1
e 442 124 1
e 442 690 1
e 443 17 2
e 443 37 3
e 443 38 3
e 443 42 1
e 443 58 1
e 443 191 2
e 444 17 4
e 444 104 2
e 445 6 1
e 445 12 1
e 445 15 1
e 445 17 8
e 445 88 9
e 445 169 1
e 445 222 1
e 445 446 1
e 445 447 1
e 445 448 1
e 445 450 1
e 445 451 1
e 445 454 1
e 445 455 1
e 445 456 1
e 445 486 1
e 445 515 1
e 446 17 2
e 446 35 1
e 446 88 2
e 446 313 1
e 446 445 1
e 446 449 1
e 446 454 1
e 447 17 2
e 447 88 2
e 447 445 1
e 447 448 1
e 448 17 1
e 448 88 1
e 449 17 1
e 449 35 1
e 449 88 1
e 449 445 1
e 449 450 1
e 450 17 2
e 450 35 2
e 450 88 1
e 450 114 1
e 450 313 1
e 450 451 1
e 450 452 1
e 450 582 1
e 451 17 2
e 451 88 1
e 451 114 2
e 451 452 1
e 451 453 1
e 452 17 2
e 452 114 2
e 452 451 1
e 452 453 1
e 453 17 1
e 453 114 1
e 454 17 2
e 454 35 1
e 454 88 2
e 454 313 1
e 454 445 1
e 454 450 1
e 454 455 1
e 455 17 2
e 455 88 2
e 455 445 1
e 455 456 1
e 456 17 2
e 456 88 2
e 456 445 1
e 456 447 1
e 457 17 1
e 457 35 1
e 457 50 1
e 457 115 2
e 458 6 2
e 458 12 1
e 458 17 2
e 458 354 1
e 458 459 1
e 458 460 1
e 459 6 3
e 459 17 3
e 459 263 1
e 459 460 1
e 459 467 2
e 459 475 1
e 459 490 1
e 460 6 1
e 460 12 1
e 460 780 1
e 461 20 1
e 461 462 1
e 461 503 1
e 462 12 1
e 462 17 1
e 462 537 1
e 463 15 1
e 463 17 8
e 463 21 2
e 463 23 1
e 463 26 1
e 463 37 2
e 463 38 2
e 463 119 1
e 463 122 1
e 463 215 3
e 463 420 2
e 463 692 1
e 463 694 1
e 463 695 1
e 464 12 1
e 464 15 2
e 464 17 1
e 464 20 1
e 464 37 1
e 464 465 1
e 465 12 2
e 465 17 5
e 465 18 1
e 465 20 1
e 465 29 1
e 465 37 2
e 465 38 2
e 465 393 1
e 465 662 2
e 466 15 2
e 466 17 2
e 466 18 1
e 466 20 1
e 466 37 1
e 466 38 1
e 466 464 2
e 467 12 2
e 467 17 3
e 467 18 1
e 467 20 1
e 467 421 2
e 467 468 1
e 467 471 1
e 467 475 1
e 467 548 1
e 467 797 1
e 468 12 1
e 468 17 2
e 468 18 1
e 468 516 1
e 469 17 1
e 469 113 1
e 469 470 1
e 469 471 1
e 470 17 1
e 470 113 1
e 470 471 1
e 471 12 1
e 471 46 2
e 471 263 2
e 471 595 1
e 471 636 1
e 471 817 1
e 472 17 3
e 472 46 2
e 472 473 2
e 472 492 1
e 473 6 2
e 473 17 4
e 473 263 2
e 473 474 2
e 474 470 1
e 475 17 2
e 475 38 1
e 475 471 1
e 475 474 2
e 475 797 1
e 475 814 1
e 476 17 2
e 476 472 1
e 477 17 2
e 477 38 2
e 477 46 2
e 478 15 2
e 478 17 4
e 478 132 2
e 478 479 2
e 479 12 1
e 479 15 1
e 479 17 3
e 479 29 1
e 479 46 1
e 479 85 1
e 479 132 2
e 479 725 1
e 480 129 2
e 481 77 1
e 481 132 1
e 481 137 1
e 481 482 1
e 482 18 2
e 482 20 2
e 482 37 3
e 482 38 4
e 482 77 3
e 482 132 1
e 482 326 1
e 482 348 1
e 482 354 1
e 482 436 4
e 482 593 1
e 483 38 1
e 483 42 1
e 483 484 1
e 484 42 1
e 484 77 1
e 484 132 1
e 484 482 1
e 484 485 1
e 485 17 1
e 485 37 1
e 485 38 1
e 485 77 1
e 485 482 1
e 485 483 1
e 486 12 1
e 486 17 1
e 486 18 1
e 486 20 1
e 486 440 1
e 487 141 1
e 487 488 1
e 488 2 2
e 488 12 2
e 488 15 2
e 488 17 2
e 488 29 2
e 488 46 2
e 488 141 1
e 489 15 1
e 489 17 1
e 489 459 1
e 490 6 1
e 490 17 1
e 490 46 1
e 490 489 1
e 491 12 1
e 491 15 1
e 491 17 1
e 491 46 1
e 491 492 1
e 492 12 2
e 492 15 3
e 492 17 2
e 492 46 1
e 492 467 3
e 493 15 1
e 493 17 2
e 493 46 1
e 493 471 1
e 493 494 1
e 493 722 1
e 493 723 1
e 495 15 1
e 495 17 2
e 495 46 1
e 495 471 1
e 495 496 1
e 495 722 1
e 495 724 1
e 497 15 1
e 497 17 2
e 497 46 1
e 497 471 1
e 497 498 1
e 497 721 1
e 497 722 1
e 499 15 2
e 499 17 2
e 499 46 1
e 499 160 1
e 499 520 1
e 500 15 2
e 500 17 2
e 500 46 2
e 500 478 2
e 501 15 2
e 501 17 2
e 501 29 2
e 501 46 2
e 501 806 1
e 501 811 1
e 501 815 1
e 501 818 1
e 502 6 1
e 502 17 1
e 502 18 1
e 502 20 1
e 502 461 1
e 502 503 1
e 503 4 1
e 503 6 1
e 503 502 1
e 504 17 4
e 504 29 2
e 505 12 2
e 505 17 2
e 505 35 1
e 505 37 1
e 505 38 1
e 505 156 1
e 505 190 1
e 505 193 1
e 505 277 1
e 505 443 1
e 505 506 1
e 506 4 2
e 506 6 2
e 506 659 2
e 507 12 1
e 507 15 1
e 507 17 1
e 507 46 1
e 507 202 1
e 508 12 1
e 508 15 1
e 508 17 1
e 508 46 1
e 508 463 1
e 509 17 1
e 509 46 1
e 509 510 1
e 510 2 2
e 510 17 2
e 510 37 1
e 510 38 1
e 510 46 3
e 510 477 2
e 510 689 1
e 511 15 1
e 511 156 1
e 511 157 1
e 511 189 1
e 511 190 1
e 511 277 1
e 511 278 1
e 511 437 1
e 511 505 4
e 513 17 4
e 513 160 2
e 514 4 1
e 514 6 1
e 514 15 1
e 514 17 1
e 514 29 1
e 514 98 1
e 514 650 1
e 515 17 1
e 515 88 1
e 515 169 1
e 516 17 1
e 516 18 1
e 516 20 1
e 516 42 1
e 516 298 1
e 517 3 1
e 517 8 1
e 517 12 1
e 517 17 3
e 517 368 1
e 517 463 1
e 518 15 3
e 518 17 1
e 518 46 1
e 518 87 1
e 518 98 1
e 518 524 2
e 518 737 2
e 519 17 2
e 519 18 2
e 519 20 2
e 519 204 2
e 519 520 4
e 519 628 2
e 520 15 1
e 520 17 1
e 520 20 2
e 520 158 1
e 520 487 1
e 520 628 2
e 521 520 1
e 522 17 1
e 523 6 1
e 523 12 1
e 523 17 1
e 523 98 1
e 524 6 1
e 524 12 1
e 524 17 1
e 524 77 1
e 524 98 1
e 524 100 1
e 524 525 1
e 524 737 2
e 525 6 1
e 525 514 1
e 527 526 2
e 528 12 2
e 531 6 1
e 531 12 2
e 531 15 2
e 531 91 1
e 531 132 1
e 531 591 1
e 531 592 1
e 531 595 2
e 532 3 1
e 532 17 1
e 533 15 1
e 533 17 1
e 533 37 1
e 533 38 1
e 533 534 1
e 534 38 1
e 535 15 1
e 535 533 1
e 536 17 2
e 536 534 2
e 537 77 1
e 537 538 1
e 538 12 1
e 538 77 1
e 538 819 1
e 539 2 1
e 539 17 4
e 539 46 2
e 539 88 1
e 539 282 1
e 539 471 1
e 539 711 1
e 540 36 1
e 540 58 1
e 541 17 5
e 541 18 2
e 541 20 2
e 541 35 3
e 541 37 2
e 541 38 2
e 541 46 1
e 541 138 1
e 541 183 4
e 541 542 2
e 541 543 1
e 541 544 1
e 542 35 2
e 543 15 1
e 543 584 1
e 544 17 4
e 544 57 2
e 544 77 2
e 544 193 4
e 544 275 2
e 545 28 1
e 545 535 1
e 546 6 1
e 546 100 1
e 546 108 1
e 546 560 1
e 546 737 2
e 547 15 1
e 547 548 1
e 547 549 1
e 548 15 2
e 548 220 1
e 548 549 1
e 549 15 1
e 549 34 1
e 549 227 1
e 550 30 1
e 550 58 2
e 550 660 1
e 550 661 1
e 550 759 2
e 551 552 2
e 553 17 1
e 553 29 1
e 553 106 1
e 553 554 1
e 554 12 1
e 554 17 1
e 554 29 1
e 554 545 1
e 555 12 1
e 555 17 1
e 555 42 1
e 555 556 1
e 556 12 2
e 556 42 1
e 556 276 1
e 556 351 2
e 556 800 1
e 556 801 1
e 557 29 2
e 557 323 2
e 558 17 2
e 558 557 2
e 559 42 2
e 559 551 2
e 560 17 1
e 560 46 1
e 560 731 1
e 561 12 2
e 561 17 1
e 561 37 1
e 561 38 1
e 561 562 1
e 561 563 2
e 562 17 2
e 562 38 1
e 562 42 1
e 562 572 1
e 563 12 4
e 563 564 2
e 564 17 1
e 564 35 1
e 565 15 1
e 565 17 1
e 565 46 1
e 565 566 1
e 566 15 1
e 566 17 2
e 566 566 4
e 566 630 2
e 566 631 4
e 567 12 1
e 567 17 3
e 567 34 1
e 567 37 2
e 567 38 2
e 567 42 1
e 567 58 5
e 567 156 1
e 567 157 1
e 567 189 1
e 567 271 1
e 567 277 1
e 567 278 1
e 567 567 1
e 568 17 2
e 568 567 2
e 569 15 1
e 569 472 1
e 569 492 1
e 570 15 1
e 570 17 1
e 570 46 1
e 570 569 1
e 571 29 2
e 571 572 2
e 572 29 2
e 572 42 1
e 573 17 2
e 573 571 2
e 574 296 2
e 575 15 1
e 575 492 1
e 576 15 1
e 576 17 1
e 576 46 1
e 576 577 1
e 577 15 1
e 577 608 1
e 578 15 1
e 578 17 1
e 578 46 1
e 578 575 1
e 579 17 2
e 579 443 2
e 580 6 1
e 580 15 1
e 580 445 2
e 580 581 2
e 581 15 1
e 581 421 2
e 581 606 1
e 582 35 1
e 583 12 3
e 583 15 3
e 583 17 1
e 583 18 1
e 583 35 3
e 583 42 3
e 583 46 3
e 583 233 1
e 583 276 2
e 583 428 1
e 583 584 1
e 583 585 1
e 584 12 1
e 584 15 1
e 584 35 1
e 584 42 1
e 584 46 1
e 584 57 2
e 584 77 2
e 584 585 1
e 585 15 1
e 586 17 2
e 586 37 2
e 586 38 2
e 586 587 2
e 587 17 1
e 587 38 2
e 587 133 1
e 587 204 1
e 588 12 1
e 588 17 1
e 588 215 1
e 588 343 1
e 589 590 2
e 590 12 1
e 590 146 1
e 591 12 1
e 591 531 1
e 591 594 1
e 591 595 1
e 592 12 1
e 592 531 1
e 592 594 1
e 592 595 1
e 593 17 1
e 593 37 1
e 593 125 1
e 593 132 1
e 593 531 1
e 594 12 7
e 594 17 2
e 594 70 2
e 594 95 1
e 594 263 1
e 594 267 2
e 594 284 1
e 594 292 1
e 594 307 1
e 594 471 1
e 594 531 2
e 594 595 9
e 594 636 1
e 595 20 1
e 595 594 1
e 596 15 1
e 596 17 1
e 596 46 1
e 596 531 1
e 597 15 2
e 597 17 2
e 597 46 2
e 597 425 2
e 597 598 2
e 597 611 2
e 599 531 1
e 599 600 1
e 600 531 1
e 601 15 1
e 601 220 1
e 602 15 1
e 602 220 1
e 603 399 2
e 604 35 1
e 604 37 1
e 604 38 1
e 604 42 1
e 604 72 1
e 605 17 1
e 605 38 1
e 605 72 1
e 606 15 1
e 607 12 1
e 607 18 1
e 607 20 2
e 607 37 1
e 607 189 1
e 607 704 1
e 608 609 1
e 608 610 1
e 609 610 1
e 610 12 13
e 610 17 1
e 610 70 1
e 610 575 2
e 610 671 1
e 610 773 1
e 610 774 1
e 610 776 1
e 610 777 1
e 610 778 1
e 610 779 1
e 610 790 1
e 610 791 1
e 610 792 1
e 610 793 1
e 610 794 1
e 610 795 1
e 610 799 1
e 611 15 2
e 612 12 1
e 612 17 1
e 612 99 1
e 612 613 1
e 612 766 1
e 613 99 1
e 614 17 1
e 614 20 1
e 614 124 1
e 614 615 1
e 615 17 1
e 615 124 1
e 615 382 1
e 616 17 2
e 616 20 1
e 616 124 2
e 616 617 1
e 616 620 1
e 617 17 1
e 617 124 1
e 617 384 1
e 618 17 2
e 618 20 1
e 618 124 2
e 618 619 1
e 618 621 1
e 619 17 1
e 619 124 1
e 619 386 1
e 620 17 1
e 620 124 1
e 620 388 1
e 621 17 1
e 621 124 1
e 621 390 1
e 622 12 4
e 622 610 4
e 622 623 1
e 622 776 1
e 622 777 1
e 622 778 1
e 622 779 1
e 624 12 1
e 624 610 1
e 624 622 1
e 624 623 1
e 624 776 1
e 625 12 1
e 625 610 1
e 625 622 1
e 625 623 1
e 625 779 1
e 626 12 1
e 626 610 1
e 626 622 1
e 626 623 1
e 626 777 1
e 627 12 1
e 627 610 1
e 627 622 1
e 627 623 1
e 627 778 1
e 628 18 2
e 629 4 1
e 629 6 2
e 629 12 1
e 629 17 1
e 629 29 1
e 629 37 1
e 629 85 1
e 630 566 2
e 630 631 2
e 631 17 2
e 631 631 2
e 632 6 2
e 632 77 1
e 632 100 2
e 632 633 2
e 633 6 4
e 633 17 1
e 633 629 1
e 633 632 1
e 633 642 1
e 634 12 3
e 634 20 1
e 634 37 2
e 634 77 1
e 634 278 1
e 634 634 1
e 634 635 1
e 634 638 2
e 634 646 2
e 634 647 1
e 636 12 1
e 636 46 2
e 636 307 2
e 636 595 1
e 637 6 1
e 637 12 1
e 637 17 1
e 637 291 1
e 638 12 2
e 638 77 2
e 639 77 2
e 640 77 1
e 640 632 1
e 641 17 1
e 641 632 1
e 641 633 1
e 641 642 1
e 642 12 1
e 642 15 1
e 642 17 1
e 642 96 1
e 642 632 1
e 643 6 1
e 643 42 1
e 643 633 1
e 644 645 1
e 644 646 1
e 645 189 1
e 645 190 1
e 645 646 1
e 645 704 1
e 646 12 2
e 646 17 2
e 646 157 1
e 646 277 1
e 646 278 1
e 646 634 2
e 647 634 1
e 647 646 1
e 648 644 2
e 649 35 1
e 649 328 1
e 650 525 2
e 650 737 2
e 651 17 1
e 651 46 1
e 651 354 1
e 651 357 2
e 651 789 2
e 652 15 3
e 652 87 1
e 652 357 2
e 652 524 2
e 653 17 3
e 653 20 1
e 653 54 1
e 653 355 3
e 653 441 1
e 653 469 1
e 653 718 1
e 653 747 2
e 654 189 2
e 655 8 1
e 655 17 1
e 656 13 2
e 656 28 2
e 657 6 2
e 657 42 1
e 657 53 1
e 657 100 2
e 657 334 2
e 658 63 2
e 659 6 2
e 659 42 1
e 659 429 1
e 660 15 1
e 660 17 1
e 660 42 1
e 660 661 1
e 660 783 1
e 661 58 1
e 661 660 1
e 661 759 1
e 662 17 3
e 662 393 1
e 662 465 1
e 662 662 2
e 663 17 2
e 663 148 2
e 664 6 1
e 664 17 1
e 664 46 1
e 664 714 1
e 665 52 1
e 665 53 1
e 665 666 1
e 666 17 1
e 666 51 1
e 666 53 1
e 666 471 1
e 666 493 1
e 667 52 1
e 667 53 1
e 667 668 1
e 668 17 1
e 668 51 1
e 668 53 1
e 668 471 1
e 668 495 1
e 669 53 1
e 669 670 1
e 670 17 1
e 670 53 1
e 670 471 1
e 670 497 1
e 672 17 1
e 672 124 1
e 672 673 1
e 673 17 1
e 673 34 1
e 673 124 1
e 673 677 1
e 674 17 1
e 674 124 1
e 674 672 1
e 675 17 3
e 675 37 1
e 675 38 1
e 675 124 1
e 675 676 1
e 675 760 1
e 676 674 1
e 677 20 1
e 677 678 1
e 678 17 1
e 678 42 1
e 678 124 1
e 678 679 1
e 679 680 1
e 680 6 1
e 680 17 1
e 680 29 1
e 680 46 1
e 680 243 1
e 681 38 3
e 681 42 1
e 681 58 1
e 681 682 1
e 682 32 2
e 682 35 2
e 682 42 1
e 682 137 2
e 683 12 1
e 683 413 1
e 683 684 1
e 684 685 1
e 686 190 2
e 686 687 2
e 688 77 1
e 688 147 1
e 688 190 1
e 689 17 1
e 689 28 1
e 689 29 1
e 689 38 1
e 689 735 1
e 691 12 1
e 691 15 1
e 691 511 1
e 692 15 1
e 692 693 1
e 693 15 1
e 694 15 1
e 694 230 1
e 695 15 1
e 695 696 1
e 696 15 1
e 697 53 1
e 697 698 1
e 698 17 1
e 698 53 1
e 698 471 1
e 698 817 1
e 699 376 2
e 700 29 2
e 700 42 1
e 700 688 1
e 700 701 2
e 702 17 2
e 702 700 2
e 703 17 5
e 703 18 2
e 703 38 2
e 703 645 1
e 703 704 5
e 705 20 1
e 705 124 1
e 705 683 1
e 706 42 1
e 706 707 1
e 707 20 1
e 707 124 1
e 707 708 1
e 708 12 1
e 708 413 1
e 708 718 1
e 709 15 1
e 709 17 1
e 709 46 1
e 710 12 1
e 710 15 2
e 710 68 1
e 710 299 1
e 710 743 1
e 711 6 1
e 711 17 1
e 711 46 1
e 711 786 1
e 711 796 1
e 712 42 1
e 712 713 1
e 714 2 1
e 714 4 1
e 714 6 2
e 714 15 1
e 714 17 4
e 714 46 1
e 714 159 3
e 714 215 1
e 714 264 2
e 714 282 1
e 714 716 3
e 715 71 2
e 716 4 1
e 716 6 2
e 716 15 1
e 716 17 4
e 716 42 1
e 716 215 1
e 716 282 1
e 716 717 1
e 717 6 1
e 717 346 1
e 718 17 1
e 718 355 1
e 718 719 1
e 718 747 1
e 720 29 2
e 720 38 1
e 720 42 1
e 721 722 1
e 722 15 1
e 722 17 1
e 722 52 1
e 723 722 1
e 724 722 1
e 725 15 2
e 725 17 2
e 725 29 1
e 725 46 1
e 725 127 1
e 726 727 1
e 727 553 1
e 728 17 1
e 728 21 1
e 728 378 1
e 729 17 1
e 729 21 1
e 729 706 1
e 730 15 1
e 730 17 1
e 730 46 1
e 730 662 1
e 731 4 2
e 731 12 2
e 731 17 2
e 731 100 2
e 731 298 2
e 731 351 2
e 731 358 2
e 731 746 2
e 731 770 2
e 731 827 2
e 732 15 2
e 732 226 2
e 733 5 1
e 733 42 1
e 734 9 1
e 734 42 1
e 735 15 1
e 735 276 1
e 736 17 1
e 736 215 1
e 736 276 1
e 736 734 1
e 737 525 2
e 738 77 1
e 738 190 1
e 738 687 1
e 739 190 2
e 739 740 2
e 740 190 2
e 740 741 2
e 742 17 2
e 742 58 2
e 743 12 1
e 743 15 1
e 743 68 1
e 743 710 1
e 745 15 1
e 745 17 1
e 745 46 1
e 745 560 1
e 746 351 4
e 746 421 2
e 746 770 2
e 747 17 1
e 747 355 1
e 747 441 1
e 748 29 1
e 748 758 1
e 749 6 2
e 749 15 1
e 749 88 1
e 749 101 2
e 750 29 2
e 750 193 1
e 750 297 1
e 750 751 2
e 752 17 1
e 752 141 1
e 752 753 1
e 752 754 1
e 752 755 1
e 753 17 1
e 753 141 1
e 753 754 1
e 753 755 1
e 754 17 1
e 754 755 1
e 756 17 2
e 756 276 2
e 757 29 1
e 757 193 1
e 758 17 1
e 758 38 1
e 758 757 1
e 759 12 1
e 759 58 2
e 759 660 1
e 759 767 1
e 760 17 2
e 760 428 1
e 760 763 2
e 761 17 1
e 761 38 1
e 761 762 1
e 762 17 1
e 762 763 1
e 764 17 1
e 764 46 1
e 764 732 1
e 765 17 2
e 765 764 2
e 767 4 1
e 767 6 1
e 767 649 1
e 768 17 2
e 768 193 2
e 769 15 1
e 769 17 1
e 769 46 1
e 769 749 1
e 770 310 2
e 770 421 2
e 771 12 1
e 771 191 1
e 772 193 2
e 772 771 2
e 774 12 1
e 774 775 1
e 776 12 3
e 776 610 3
e 776 777 1
e 776 778 1
e 776 779 1
e 776 790 1
e 776 791 1
e 776 792 1
e 777 12 3
e 777 610 3
e 777 778 1
e 777 779 1
e 777 790 1
e 777 793 1
e 777 794 1
e 778 12 3
e 778 610 3
e 778 779 1
e 778 791 1
e 778 793 1
e 778 795 1
e 779 12 3
e 779 610 3
e 779 792 1
e 779 794 1
e 779 795 1
e 780 12 1
e 780 781 1
e 781 17 1
e 781 18 1
e 781 20 1
e 781 653 1
e 783 17 1
e 783 128 1
e 783 788 1
e 784 17 2
e 784 584 2
e 785 4 1
e 785 6 1
e 785 11 2
e 785 12 2
e 785 17 2
e 785 29 2
e 785 42 2
e 785 58 1
e 785 77 1
e 785 141 1
e 785 720 2
e 785 786 1
e 785 788 1
e 786 4 1
e 786 6 2
e 786 12 1
e 786 17 2
e 786 42 1
e 786 141 1
e 786 796 1
e 787 11 1
e 787 12 1
e 787 17 1
e 787 42 1
e 787 58 1
e 787 77 1
e 787 785 1
e 787 788 1
e 788 12 1
e 788 17 2
e 788 42 1
e 788 58 1
e 788 77 1
e 796 46 2
e 796 660 2
e 797 15 1
e 797 471 1
e 797 610 1
e 798 15 1
e 798 17 1
e 798 46 1
e 798 610 1
e 800 29 2
e 800 559 2
e 801 12 1
e 801 276 1
e 801 800 1
e 802 17 2
e 802 800 2
e 803 15 1
e 803 17 1
e 803 46 1
e 803 266 1
e 804 17 1
e 804 370 1
e 805 17 2
e 805 785 2
e 806 15 3
e 806 17 3
e 806 46 3
e 806 807 1
e 806 808 1
e 806 809 1
e 807 15 1
e 807 17 1
e 807 46 1
e 807 669 1
e 808 15 1
e 808 46 1
e 808 665 1
e 809 15 1
e 809 46 1
e 809 667 1
e 810 20 1
e 810 812 1
e 811 15 1
e 811 17 1
e 811 46 1
e 811 806 1
e 812 12 1
e 812 15 1
e 812 17 1
e 812 20 1
e 812 46 1
e 812 811 1
e 812 813 1
e 813 15 1
e 813 17 1
e 813 46 1
e 813 818 1
e 815 15 1
e 815 17 1
e 815 46 1
e 815 816 1
e 816 15 1
e 816 17 1
e 816 46 1
e 816 697 1
e 818 15 1
e 818 17 1
e 818 46 1
e 818 815 1
e 819 17 1
e 819 42 1
e 819 124 1
e 819 259 1
e 819 675 1
e 820 42 1
e 820 821 1
e 822 29 2
e 822 321 2
e 823 17 2
e 823 822 2
e 824 17 1
e 824 46 1
e 824 746 1
e 825 15 1
e 825 17 1
e 825 46 1
e 825 826 1
