p edges 1061 6549
e 1 2 2
e 1 3 2
e 1 4 2
e 1 9 2
e 2 3 6
e 2 4 3
e 2 10 2
e 2 159 1
e 2 160 1
e 2 161 1
e 2 162 1
e 2 522 4
e 2 694 2
e 2 713 1
e 2 714 1
e 3 4 2
e 3 162 4
e 3 638 1
e 3 714 1
e 4 3 1
e 4 159 1
e 4 160 1
e 4 161 1
e 4 162 1
e 5 6 12
e 5 7 2
e 5 8 2
e 5 20 1
e 5 30 1
e 5 59 2
e 5 99 10
e 5 100 2
e 5 102 4
e 5 198 2
e 5 232 1
e 5 237 1
e 5 238 1
e 5 239 1
e 5 242 1
e 5 244 1
e 5 245 1
e 5 248 1
e 5 249 1
e 5 253 1
e 5 327 1
e 5 412 1
e 5 494 1
e 5 630 1
e 6 7 22
e 6 8 2
e 6 20 3
e 6 30 1
e 6 42 2
e 6 43 1
e 6 84 2
e 6 86 1
e 6 87 1
e 6 88 1
e 6 98 2
e 6 99 14
e 6 100 3
e 6 101 11
e 6 102 9
e 6 133 2
e 6 134 3
e 6 177 4
e 6 197 1
e 6 232 1
e 6 237 1
e 6 238 1
e 6 239 1
e 6 242 1
e 6 244 1
e 6 245 1
e 6 249 1
e 6 320 3
e 6 321 1
e 6 327 2
e 6 329 2
e 6 412 2
e 6 498 3
e 6 499 2
e 6 503 1
e 6 574 2
e 6 584 1
e 6 592 1
e 6 611 1
e 6 644 1
e 6 645 1
e 6 667 1
e 6 715 1
e 6 719 2
e 6 850 2
e 6 976 2
e 6 978 2
e 6 980 1
e 6 988 1
e 6 993 1
e 7 5 24
e 7 6 18
e 7 8 2
e 7 11 8
e 7 16 2
e 7 17 2
e 7 20 1
e 7 30 9
e 7 43 4
e 7 59 4
e 7 83 1
e 7 84 2
e 7 85 1
e 7 88 3
e 7 99 17
e 7 100 22
e 7 101 4
e 7 102 24
e 7 133 2
e 7 139 2
e 7 153 2
e 7 156 3
e 7 176 1
e 7 177 4
e 7 187 1
e 7 198 2
e 7 200 7
e 7 219 10
e 7 221 10
e 7 232 2
e 7 236 5
e 7 237 4
e 7 238 1
e 7 239 1
e 7 242 1
e 7 244 3
e 7 245 1
e 7 248 1
e 7 249 1
e 7 253 1
e 7 293 2
e 7 320 2
e 7 337 2
e 7 350 1
e 7 395 1
e 7 413 2
e 7 415 4
e 7 416 2
e 7 417 2
e 7 458 2
e 7 461 2
e 7 474 2
e 7 492 2
e 7 493 1
e 7 494 3
e 7 496 1
e 7 498 1
e 7 499 1
e 7 502 3
e 7 592 2
e 7 593 1
e 7 604 1
e 7 611 1
e 7 622 2
e 7 624 3
e 7 630 1
e 7 644 2
e 7 657 2
e 7 671 1
e 7 673 1
e 7 675 1
e 7 676 1
e 7 715 1
e 7 804 2
e 7 832 2
e 7 842 4
e 7 843 2
e 7 845 2
e 7 891 2
e 7 969 2
e 7 970 2
e 7 971 2
e 7 974 2
e 7 976 2
e 7 1043 1
e 7 1050 1
e 7 1051 1
e 7 1052 1
e 7 1053 1
e 9 5 2
e 9 10 21
e 9 11 8
e 9 12 2
e 9 24 15
e 9 36 1
e 9 48 2
e 9 51 3
e 9 53 14
e 9 54 3
e 9 60 2
e 9 77 4
e 9 97 1
e 9 114 2
e 9 126 1
e 9 156 1
e 9 174 5
e 9 193 2
e 9 229 1
e 9 230 1
e 9 233 1
e 9 234 1
e 9 235 1
e 9 240 1
e 9 241 1
e 9 243 1
e 9 246 1
e 9 247 1
e 9 250 1
e 9 251 1
e 9 252 1
e 9 254 1
e 9 495 1
e 9 516 1
e 9 594 1
e 9 605 2
e 9 606 2
e 9 613 1
e 9 628 2
e 9 632 2
e 9 663 1
e 9 672 1
e 9 680 2
e 9 802 1
e 9 814 1
e 9 977 2
e 9 1016 1
e 9 1031 1
e 10 6 2
e 10 9 3
e 10 11 77
e 10 12 3
e 10 13 1
e 10 14 2
e 10 16 1
e 10 24 2
e 10 31 1
e 10 34 4
e 10 36 9
e 10 44 5
e 10 45 8
e 10 46 1
e 10 48 8
e 10 50 1
e 10 51 7
e 10 53 41
e 10 54 46
e 10 55 3
e 10 60 3
e 10 61 2
e 10 64 2
e 10 65 5
e 10 67 1
e 10 68 1
e 10 69 1
e 10 74 2
e 10 75 10
e 10 77 8
e 10 80 3
e 10 82 1
e 10 89 1
e 10 90 1
e 10 95 3
e 10 96 1
e 10 97 3
e 10 103 1
e 10 104 1
e 10 109 2
e 10 114 2
e 10 115 3
e 10 117 3
e 10 123 1
e 10 139 1
e 10 141 1
e 10 153 1
e 10 154 1
e 10 155 1
e 10 156 1
e 10 170 1
e 10 171 3
e 10 173 1
e 10 174 39
e 10 202 2
e 10 203 2
e 10 206 1
e 10 210 1
e 10 211 8
e 10 212 1
e 10 222 16
e 10 229 1
e 10 230 1
e 10 233 1
e 10 234 1
e 10 235 3
e 10 240 1
e 10 241 1
e 10 243 3
e 10 246 1
e 10 247 3
e 10 251 2
e 10 263 2
e 10 264 1
e 10 265 2
e 10 266 1
e 10 269 2
e 10 270 1
e 10 275 2
e 10 276 1
e 10 283 2
e 10 284 2
e 10 285 2
e 10 286 2
e 10 287 2
e 10 288 2
e 10 289 2
e 10 291 7
e 10 318 1
e 10 324 1
e 10 325 3
e 10 328 2
e 10 330 3
e 10 334 1
e 10 335 5
e 10 343 1
e 10 344 2
e 10 362 1
e 10 363 11
e 10 364 1
e 10 365 2
e 10 366 1
e 10 368 3
e 10 369 1
e 10 370 1
e 10 372 3
e 10 374 2
e 10 379 1
e 10 381 1
e 10 391 1
e 10 392 2
e 10 403 1
e 10 407 1
e 10 440 1
e 10 444 1
e 10 447 4
e 10 448 2
e 10 449 1
e 10 450 1
e 10 452 1
e 10 453 2
e 10 455 1
e 10 457 1
e 10 461 1
e 10 464 2
e 10 467 2
e 10 470 2
e 10 471 3
e 10 486 2
e 10 500 3
e 10 501 2
e 10 504 1
e 10 506 1
e 10 507 3
e 10 509 3
e 10 512 3
e 10 516 1
e 10 517 1
e 10 528 1
e 10 531 2
e 10 533 1
e 10 534 1
e 10 535 1
e 10 537 1
e 10 538 2
e 10 539 1
e 10 540 1
e 10 541 1
e 10 542 1
e 10 543 2
e 10 544 3
e 10 545 1
e 10 546 1
e 10 548 1
e 10 549 1
e 10 550 1
e 10 552 1
e 10 553 6
e 10 554 2
e 10 562 2
e 10 563 1
e 10 572 2
e 10 573 1
e 10 578 6
e 10 582 1
e 10 585 2
e 10 602 1
e 10 615 1
e 10 641 1
e 10 642 1
e 10 650 2
e 10 652 1
e 10 662 1
e 10 664 1
e 10 669 2
e 10 672 1
e 10 674 2
e 10 679 1
e 10 683 1
e 10 692 2
e 10 696 2
e 10 702 2
e 10 703 3
e 10 706 1
e 10 707 2
e 10 709 1
e 10 739 1
e 10 746 1
e 10 748 1
e 10 752 1
e 10 754 2
e 10 755 1
e 10 756 1
e 10 793 2
e 10 811 1
e 10 820 1
e 10 822 2
e 10 823 1
e 10 824 1
e 10 829 1
e 10 835 1
e 10 839 4
e 10 840 2
e 10 853 1
e 10 872 1
e 10 977 1
e 10 987 3
e 10 992 1
e 10 1008 1
e 10 1016 1
e 10 1018 2
e 10 1027 1
e 10 1028 2
e 10 1030 1
e 10 1032 1
e 10 1034 1
e 10 1035 1
e 10 1036 2
e 10 1037 1
e 10 1038 1
e 11 3 10
e 11 6 2
e 11 7 40
e 11 9 38
e 11 10 60
e 11 12 2
e 11 14 3
e 11 16 6
e 11 21 3
e 11 24 15
e 11 25 2
e 11 26 1
e 11 32 2
e 11 34 2
e 11 36 33
e 11 42 2
e 11 43 2
e 11 45 1
e 11 46 5
e 11 51 69
e 11 52 1
e 11 53 57
e 11 54 51
e 11 59 2
e 11 60 11
e 11 61 1
e 11 62 2
e 11 64 3
e 11 67 2
e 11 68 1
e 11 69 6
e 11 74 1
e 11 75 9
e 11 77 34
e 11 78 1
e 11 80 1
e 11 88 2
e 11 89 3
e 11 95 2
e 11 97 1
e 11 111 12
e 11 114 2
e 11 115 6
e 11 119 1
e 11 122 1
e 11 123 2
e 11 125 1
e 11 126 2
e 11 127 3
e 11 138 2
e 11 139 5
e 11 140 2
e 11 145 2
e 11 153 3
e 11 156 2
e 11 158 2
e 11 161 2
e 11 162 2
e 11 163 2
e 11 171 2
e 11 174 21
e 11 177 3
e 11 178 1
e 11 179 2
e 11 203 3
e 11 204 3
e 11 205 3
e 11 206 5
e 11 208 1
e 11 209 1
e 11 210 1
e 11 211 2
e 11 215 6
e 11 218 2
e 11 223 16
e 11 229 2
e 11 230 2
e 11 233 2
e 11 234 1
e 11 235 4
e 11 240 4
e 11 241 2
e 11 243 4
e 11 246 3
e 11 247 4
e 11 250 1
e 11 251 1
e 11 252 1
e 11 254 1
e 11 263 2
e 11 264 1
e 11 265 2
e 11 266 2
e 11 269 2
e 11 270 1
e 11 275 2
e 11 276 1
e 11 291 18
e 11 294 2
e 11 318 2
e 11 319 2
e 11 324 2
e 11 325 1
e 11 326 1
e 11 328 3
e 11 335 1
e 11 355 1
e 11 356 1
e 11 358 1
e 11 361 2
e 11 364 1
e 11 366 1
e 11 368 1
e 11 369 6
e 11 370 1
e 11 372 1
e 11 374 1
e 11 378 2
e 11 381 3
e 11 394 1
e 11 406 2
e 11 407 1
e 11 411 2
e 11 413 2
e 11 423 1
e 11 425 1
e 11 433 3
e 11 440 2
e 11 441 2
e 11 442 2
e 11 447 2
e 11 448 2
e 11 449 4
e 11 453 1
e 11 461 5
e 11 482 2
e 11 484 2
e 11 487 2
e 11 495 3
e 11 497 1
e 11 500 1
e 11 501 1
e 11 502 2
e 11 507 1
e 11 509 1
e 11 512 2
e 11 516 3
e 11 517 1
e 11 531 2
e 11 533 2
e 11 534 1
e 11 535 1
e 11 537 3
e 11 538 2
e 11 548 1
e 11 553 3
e 11 554 1
e 11 559 1
e 11 561 1
e 11 562 1
e 11 568 1
e 11 585 2
e 11 587 3
e 11 588 1
e 11 589 5
e 11 591 1
e 11 594 2
e 11 595 1
e 11 598 3
e 11 599 1
e 11 600 1
e 11 612 2
e 11 625 2
e 11 626 2
e 11 634 1
e 11 635 2
e 11 636 1
e 11 639 1
e 11 640 1
e 11 641 1
e 11 642 1
e 11 643 1
e 11 646 2
e 11 647 1
e 11 649 1
e 11 650 3
e 11 654 1
e 11 658 1
e 11 662 1
e 11 663 1
e 11 665 1
e 11 669 1
e 11 672 1
e 11 690 1
e 11 697 1
e 11 698 1
e 11 699 1
e 11 700 2
e 11 705 1
e 11 706 1
e 11 707 1
e 11 710 1
e 11 712 2
e 11 720 1
e 11 740 1
e 11 745 1
e 11 747 1
e 11 748 1
e 11 752 1
e 11 754 1
e 11 755 1
e 11 756 2
e 11 757 1
e 11 760 1
e 11 762 1
e 11 764 1
e 11 766 1
e 11 768 1
e 11 770 1
e 11 777 1
e 11 778 1
e 11 779 1
e 11 780 1
e 11 785 1
e 11 786 1
e 11 789 1
e 11 794 1
e 11 800 1
e 11 801 1
e 11 805 4
e 11 807 1
e 11 809 1
e 11 810 1
e 11 811 1
e 11 812 1
e 11 813 1
e 11 814 2
e 11 819 2
e 11 820 1
e 11 821 1
e 11 822 1
e 11 823 1
e 11 831 1
e 11 832 2
e 11 835 4
e 11 839 2
e 11 840 6
e 11 841 2
e 11 845 2
e 11 858 1
e 11 860 1
e 11 864 4
e 11 869 6
e 11 872 4
e 11 874 2
e 11 891 4
e 11 901 2
e 11 903 1
e 11 911 2
e 11 913 2
e 11 915 2
e 11 919 2
e 11 969 2
e 11 970 2
e 11 971 2
e 11 977 2
e 11 990 2
e 11 994 2
e 11 995 2
e 11 997 2
e 11 1006 1
e 11 1009 1
e 11 1010 1
e 11 1015 1
e 11 1016 1
e 11 1024 1
e 11 1028 1
e 11 1029 2
e 11 1036 1
e 11 1044 1
e 11 1061 1
e 12 11 6
e 12 45 1
e 12 46 1
e 12 48 6
e 12 54 6
e 12 60 1
e 12 141 1
e 12 171 2
e 12 223 2
e 12 505 2
e 13 9 1
e 13 10 1
e 13 11 11
e 13 14 1
e 13 15 9
e 13 16 1
e 13 36 1
e 13 54 1
e 13 122 1
e 13 291 1
e 13 461 1
e 13 465 1
e 13 479 1
e 13 480 1
e 13 605 2
e 13 610 2
e 13 634 2
e 13 635 1
e 13 646 1
e 13 647 2
e 13 662 1
e 13 665 1
e 13 727 2
e 13 730 2
e 13 794 2
e 13 795 1
e 13 807 1
e 14 10 1
e 14 11 1
e 14 15 1
e 14 16 3
e 14 60 1
e 14 111 2
e 14 174 1
e 14 206 1
e 14 318 1
e 14 418 1
e 14 472 1
e 14 473 1
e 14 482 2
e 15 10 2
e 15 11 9
e 15 14 1
e 15 16 1
e 15 480 1
e 15 486 1
e 15 634 1
e 15 635 1
e 15 647 1
e 15 665 1
e 15 728 2
e 15 732 2
e 15 795 1
e 15 807 1
e 16 13 1
e 16 34 1
e 16 36 2
e 16 54 1
e 16 318 1
e 16 476 1
e 16 477 1
e 17 5 1
e 17 6 5
e 17 7 4
e 17 18 2
e 17 19 1
e 17 20 8
e 17 28 1
e 17 30 1
e 17 41 1
e 17 42 1
e 17 43 1
e 17 102 1
e 17 137 1
e 17 197 1
e 17 231 2
e 17 293 1
e 17 715 1
e 17 988 1
e 18 19 2
e 18 20 1
e 18 22 2
e 19 17 1
e 19 18 1
e 19 20 2
e 19 22 1
e 20 5 1
e 20 6 3
e 20 7 8
e 20 17 5
e 20 18 1
e 20 28 1
e 20 30 1
e 20 59 1
e 20 101 1
e 20 102 1
e 20 106 2
e 20 177 4
e 20 178 4
e 20 187 3
e 20 189 2
e 20 190 2
e 20 198 1
e 20 199 1
e 20 221 2
e 20 293 2
e 20 592 1
e 20 611 1
e 20 715 1
e 20 804 2
e 21 9 2
e 21 10 6
e 21 11 10
e 21 12 2
e 21 22 1
e 21 23 1
e 21 24 15
e 21 32 2
e 21 34 1
e 21 36 1
e 21 48 2
e 21 51 2
e 21 53 2
e 21 54 2
e 21 123 1
e 21 125 1
e 21 206 1
e 21 207 1
e 21 223 4
e 21 229 1
e 21 230 1
e 21 292 2
e 21 294 1
e 21 376 2
e 21 384 2
e 21 406 2
e 21 478 2
e 21 568 1
e 21 569 1
e 21 987 1
e 21 1008 1
e 21 1017 1
e 22 23 2
e 22 24 1
e 22 382 2
e 23 18 1
e 23 19 2
e 23 22 1
e 23 24 1
e 23 382 1
e 24 10 17
e 24 11 17
e 24 21 4
e 24 34 15
e 24 36 15
e 24 51 2
e 24 53 16
e 24 224 2
e 24 229 1
e 24 230 1
e 24 233 1
e 24 234 1
e 24 235 3
e 24 240 3
e 24 241 3
e 24 243 3
e 24 246 3
e 24 247 3
e 24 250 1
e 24 251 1
e 24 252 1
e 24 254 1
e 24 263 2
e 24 264 2
e 24 265 2
e 24 266 2
e 24 269 2
e 24 270 2
e 24 275 2
e 24 276 2
e 24 294 2
e 24 393 1
e 24 581 1
e 24 650 1
e 24 798 2
e 24 805 4
e 25 7 2
e 25 26 1
e 25 27 1
e 25 28 1
e 25 29 1
e 25 30 1
e 25 42 2
e 25 43 2
e 26 6 1
e 26 7 11
e 26 11 1
e 26 17 1
e 26 20 6
e 26 27 1
e 26 28 17
e 26 29 1
e 26 30 20
e 26 32 1
e 26 42 1
e 26 99 1
e 26 101 3
e 26 106 2
e 26 164 1
e 26 165 1
e 26 175 1
e 26 177 7
e 26 178 14
e 26 180 1
e 26 181 1
e 26 187 2
e 26 189 2
e 26 190 2
e 26 320 1
e 26 329 2
e 26 332 1
e 26 336 2
e 26 337 2
e 26 341 1
e 26 350 1
e 26 385 1
e 26 386 1
e 26 412 1
e 26 458 1
e 26 459 1
e 26 460 1
e 26 474 1
e 26 475 1
e 26 494 1
e 26 496 2
e 26 502 1
e 26 592 1
e 26 593 2
e 26 742 1
e 26 743 2
e 26 832 1
e 26 833 1
e 26 834 1
e 26 845 1
e 26 846 1
e 26 847 1
e 26 969 1
e 26 970 1
e 26 971 1
e 26 974 1
e 26 998 1
e 26 999 1
e 26 1002 1
e 26 1003 1
e 26 1019 1
e 26 1020 1
e 26 1039 1
e 26 1040 1
e 26 1045 1
e 26 1046 1
e 26 1047 1
e 26 1056 1
e 26 1057 1
e 26 1058 1
e 27 28 1
e 27 29 1
e 27 30 1
e 28 7 2
e 28 26 2
e 28 29 1
e 28 30 16
e 28 101 1
e 28 165 1
e 28 178 6
e 28 181 1
e 28 341 1
e 28 386 1
e 28 460 1
e 28 564 2
e 28 565 2
e 28 566 2
e 28 567 2
e 28 834 1
e 28 847 1
e 28 999 1
e 28 1003 1
e 28 1020 1
e 28 1040 1
e 28 1047 1
e 28 1058 1
e 29 30 1
e 30 7 1
e 30 177 1
e 30 834 1
e 30 999 1
e 30 1003 1
e 30 1040 1
e 31 3 2
e 31 7 2
e 31 9 1
e 31 10 1
e 31 11 13
e 31 25 2
e 31 32 7
e 31 33 1
e 31 34 4
e 31 35 1
e 31 36 4
e 31 38 2
e 31 39 2
e 31 45 5
e 31 46 2
e 31 47 1
e 31 48 3
e 31 49 1
e 31 50 1
e 31 54 3
e 31 142 2
e 31 169 2
e 31 174 1
e 31 323 1
e 31 333 1
e 31 350 1
e 31 351 1
e 31 440 1
e 31 553 1
e 31 599 1
e 31 681 2
e 31 700 2
e 31 701 1
e 32 7 1
e 32 9 4
e 32 10 10
e 32 11 83
e 32 12 6
e 32 13 1
e 32 16 2
e 32 21 1
e 32 24 16
e 32 33 1
e 32 34 48
e 32 35 1
e 32 36 51
e 32 45 12
e 32 46 2
e 32 47 1
e 32 48 119
e 32 49 7
e 32 50 1
e 32 51 1
e 32 53 2
e 32 54 31
e 32 56 1
e 32 57 1
e 32 60 2
e 32 65 2
e 32 66 1
e 32 69 4
e 32 75 4
e 32 77 1
e 32 79 1
e 32 80 1
e 32 97 1
e 32 111 2
e 32 116 2
e 32 117 3
e 32 127 1
e 32 128 1
e 32 129 1
e 32 141 1
e 32 142 2
e 32 146 1
e 32 167 1
e 32 168 1
e 32 169 2
e 32 171 2
e 32 174 3
e 32 182 1
e 32 183 1
e 32 204 1
e 32 205 1
e 32 206 1
e 32 208 1
e 32 209 1
e 32 211 1
e 32 212 2
e 32 213 1
e 32 214 1
e 32 215 1
e 32 223 2
e 32 235 2
e 32 240 2
e 32 241 2
e 32 243 2
e 32 246 2
e 32 247 2
e 32 255 2
e 32 263 2
e 32 264 2
e 32 265 2
e 32 266 2
e 32 269 2
e 32 270 2
e 32 275 2
e 32 276 2
e 32 318 4
e 32 319 2
e 32 322 1
e 32 328 1
e 32 330 3
e 32 333 2
e 32 335 2
e 32 347 1
e 32 348 1
e 32 356 1
e 32 357 1
e 32 359 1
e 32 360 1
e 32 363 1
e 32 368 1
e 32 369 4
e 32 374 1
e 32 387 1
e 32 388 1
e 32 389 1
e 32 390 1
e 32 394 1
e 32 397 1
e 32 401 1
e 32 402 1
e 32 406 1
e 32 407 1
e 32 408 4
e 32 409 1
e 32 410 1
e 32 421 2
e 32 422 1
e 32 423 1
e 32 424 1
e 32 425 1
e 32 426 1
e 32 440 4
e 32 444 4
e 32 446 4
e 32 448 3
e 32 449 3
e 32 452 1
e 32 461 1
e 32 462 1
e 32 463 1
e 32 476 1
e 32 477 1
e 32 495 1
e 32 497 2
e 32 505 2
e 32 509 1
e 32 512 3
e 32 513 4
e 32 516 3
e 32 517 2
e 32 518 2
e 32 519 2
e 32 520 3
e 32 525 4
e 32 528 4
e 32 530 4
e 32 531 1
e 32 538 1
e 32 541 1
e 32 544 4
e 32 545 2
e 32 546 2
e 32 547 3
e 32 548 1
e 32 549 2
e 32 551 2
e 32 553 1
e 32 554 1
e 32 555 2
e 32 556 2
e 32 557 4
e 32 558 2
e 32 562 1
e 32 577 2
e 32 594 1
e 32 595 2
e 32 596 1
e 32 598 2
e 32 600 1
e 32 605 2
e 32 606 2
e 32 612 1
e 32 620 1
e 32 621 1
e 32 636 2
e 32 639 2
e 32 640 2
e 32 641 1
e 32 643 1
e 32 648 1
e 32 650 1
e 32 651 1
e 32 655 1
e 32 660 1
e 32 661 1
e 32 678 1
e 32 679 2
e 32 681 2
e 32 682 1
e 32 683 2
e 32 684 2
e 32 689 1
e 32 699 1
e 32 702 1
e 32 703 1
e 32 704 1
e 32 705 1
e 32 706 1
e 32 707 1
e 32 740 1
e 32 744 2
e 32 747 1
e 32 752 1
e 32 754 1
e 32 755 1
e 32 756 1
e 32 796 1
e 32 797 1
e 32 798 1
e 32 802 1
e 32 818 1
e 32 819 1
e 32 820 2
e 32 821 4
e 32 822 1
e 32 825 1
e 32 829 1
e 32 830 1
e 32 835 1
e 32 836 1
e 32 837 1
e 32 840 1
e 32 841 2
e 32 848 1
e 32 849 1
e 32 864 1
e 32 869 1
e 32 872 1
e 32 891 1
e 32 911 1
e 32 919 1
e 32 1000 1
e 32 1001 1
e 32 1004 1
e 32 1005 1
e 32 1009 1
e 32 1010 1
e 32 1021 1
e 32 1022 1
e 32 1041 1
e 32 1042 1
e 32 1048 1
e 32 1049 1
e 32 1059 1
e 32 1060 1
e 32 1061 1
e 33 34 1
e 33 35 1
e 33 36 1
e 34 10 3
e 34 11 13
e 34 32 2
e 34 35 1
e 34 36 44
e 34 45 2
e 34 48 6
e 34 50 1
e 34 53 1
e 34 54 2
e 34 75 2
e 34 129 1
e 34 168 1
e 34 169 2
e 34 170 2
e 34 174 1
e 34 183 1
e 34 214 1
e 34 240 2
e 34 241 2
e 34 246 2
e 34 255 1
e 34 264 2
e 34 266 2
e 34 270 2
e 34 276 2
e 34 333 2
e 34 388 1
e 34 390 1
e 34 402 1
e 34 410 1
e 34 440 2
e 34 448 1
e 34 449 2
e 34 463 1
e 34 477 1
e 34 486 1
e 34 543 1
e 34 544 1
e 34 553 1
e 34 555 2
e 34 556 2
e 34 598 1
e 34 821 1
e 34 837 1
e 34 849 1
e 34 1001 1
e 34 1005 1
e 34 1022 1
e 34 1042 1
e 34 1049 1
e 34 1060 1
e 35 36 1
e 36 11 1
e 36 54 1
e 36 67 2
e 36 129 1
e 36 241 2
e 36 246 2
e 36 276 2
e 36 361 2
e 36 378 2
e 36 402 1
e 36 449 2
e 36 452 1
e 36 453 1
e 36 509 1
e 36 516 1
e 36 683 1
e 36 691 2
e 36 789 1
e 36 820 1
e 36 837 1
e 36 1001 1
e 36 1005 1
e 36 1013 1
e 36 1042 1
e 37 38 2
e 37 39 5
e 37 40 2
e 37 148 1
e 37 149 1
e 37 193 1
e 37 194 1
e 37 994 2
e 37 997 2
e 38 39 2
e 38 40 2
e 38 45 2
e 39 38 2
e 39 40 2
e 39 45 2
e 40 110 1
e 40 111 1
e 40 196 1
e 41 5 4
e 41 6 1
e 41 7 3
e 41 20 1
e 41 25 2
e 41 42 11
e 41 43 2
e 41 44 2
e 41 58 2
e 41 59 2
e 41 100 1
e 41 102 1
e 41 134 1
e 41 150 1
e 41 198 2
e 41 200 2
e 41 715 1
e 41 842 2
e 41 970 2
e 41 975 2
e 41 983 2
e 41 990 2
e 41 1043 2
e 41 1045 2
e 41 1056 2
e 42 7 5
e 42 20 1
e 42 28 1
e 42 30 1
e 42 41 1
e 42 43 2
e 42 59 2
e 42 100 1
e 42 102 1
e 42 136 1
e 42 137 2
e 42 138 1
e 42 385 1
e 42 386 1
e 42 973 1
e 43 7 1
e 43 20 1
e 43 197 1
e 44 3 2
e 44 9 1
e 44 11 10
e 44 31 2
e 44 45 18
e 44 46 2
e 44 49 1
e 44 51 3
e 44 55 2
e 44 60 2
e 44 75 1
e 44 77 4
e 44 139 1
e 44 140 1
e 44 151 1
e 44 152 1
e 44 174 3
e 44 379 1
e 44 403 1
e 44 457 1
e 44 585 2
e 44 601 2
e 44 709 2
e 44 712 2
e 44 840 2
e 44 842 2
e 44 864 2
e 44 869 3
e 44 891 2
e 44 907 2
e 44 911 2
e 44 919 2
e 44 960 2
e 44 982 2
e 44 989 2
e 44 1016 2
e 44 1044 2
e 45 3 2
e 45 7 2
e 45 9 1
e 45 10 5
e 45 11 23
e 45 34 1
e 45 36 4
e 45 42 3
e 45 44 10
e 45 46 2
e 45 48 6
e 45 49 1
e 45 51 4
e 45 53 4
e 45 54 8
e 45 60 3
e 45 75 2
e 45 77 1
e 45 140 1
e 45 146 1
e 45 161 2
e 45 174 6
e 45 318 2
e 45 319 2
e 45 348 1
e 45 379 1
e 45 381 1
e 45 387 1
e 45 388 1
e 45 403 1
e 45 455 1
e 45 457 1
e 45 544 1
e 45 577 1
e 45 683 1
e 45 708 2
e 45 709 2
e 45 839 2
e 45 852 2
e 45 869 1
e 45 972 1
e 45 973 1
e 45 1016 2
e 46 7 2
e 46 9 1
e 46 11 1
e 46 24 1
e 46 40 2
e 46 43 2
e 46 48 1
e 46 54 1
e 46 97 1
e 46 103 1
e 46 104 1
e 46 585 2
e 47 11 1
e 47 48 1
e 47 51 1
e 47 52 1
e 47 53 1
e 47 54 1
e 48 7 1
e 48 9 2
e 48 10 1
e 48 11 73
e 48 24 1
e 48 26 1
e 48 32 3
e 48 34 1
e 48 45 3
e 48 46 1
e 48 49 1
e 48 53 1
e 48 54 33
e 48 60 1
e 48 66 1
e 48 69 2
e 48 80 1
e 48 97 2
e 48 116 2
e 48 117 1
e 48 141 1
e 48 146 1
e 48 178 1
e 48 204 2
e 48 205 2
e 48 208 1
e 48 209 1
e 48 211 1
e 48 223 2
e 48 255 1
e 48 319 2
e 48 322 1
e 48 328 1
e 48 333 3
e 48 348 1
e 48 356 1
e 48 357 1
e 48 360 1
e 48 369 2
e 48 394 1
e 48 407 1
e 48 423 1
e 48 425 1
e 48 426 1
e 48 440 4
e 48 444 4
e 48 446 2
e 48 448 1
e 48 505 2
e 48 512 1
e 48 513 2
e 48 516 1
e 48 517 2
e 48 518 2
e 48 519 2
e 48 520 2
e 48 525 2
e 48 528 2
e 48 530 3
e 48 544 1
e 48 547 1
e 48 553 1
e 48 555 2
e 48 556 2
e 48 557 2
e 48 558 2
e 48 577 1
e 48 606 2
e 48 612 1
e 48 639 1
e 48 640 1
e 48 641 1
e 48 643 1
e 48 648 1
e 48 651 1
e 48 661 1
e 48 679 1
e 48 682 1
e 48 684 2
e 48 698 1
e 48 699 1
e 48 705 1
e 48 706 1
e 48 707 1
e 48 744 1
e 48 752 1
e 48 755 1
e 48 802 1
e 48 821 2
e 48 825 1
e 48 829 1
e 48 1010 1
e 49 3 2
e 49 10 7
e 49 11 13
e 49 12 1
e 49 34 3
e 49 36 4
e 49 45 12
e 49 48 3
e 49 50 1
e 49 54 4
e 49 60 1
e 49 75 1
e 49 77 1
e 49 141 1
e 49 158 2
e 49 174 1
e 49 353 1
e 49 369 1
e 49 376 1
e 49 389 1
e 49 390 1
e 49 391 1
e 49 444 1
e 49 449 1
e 49 451 1
e 49 454 1
e 49 456 1
e 49 509 1
e 49 544 1
e 49 679 1
e 49 683 1
e 50 7 2
e 50 10 1
e 50 11 5
e 50 31 1
e 50 32 1
e 50 34 1
e 50 36 2
e 50 45 1
e 50 174 1
e 50 179 2
e 50 182 1
e 50 183 1
e 51 9 14
e 51 10 33
e 51 24 14
e 51 34 1
e 51 36 2
e 51 52 1
e 51 53 56
e 51 54 2
e 51 74 1
e 51 80 1
e 51 115 1
e 51 119 1
e 51 127 1
e 51 140 1
e 51 145 1
e 51 174 2
e 51 203 2
e 51 209 1
e 51 211 1
e 51 229 2
e 51 230 2
e 51 233 2
e 51 234 1
e 51 235 2
e 51 240 3
e 51 241 2
e 51 243 1
e 51 246 3
e 51 247 2
e 51 250 1
e 51 251 1
e 51 252 1
e 51 254 1
e 51 264 1
e 51 266 2
e 51 270 1
e 51 276 1
e 51 291 17
e 51 318 1
e 51 326 1
e 51 335 1
e 51 368 1
e 51 406 1
e 51 600 1
e 51 613 1
e 51 654 1
e 51 745 1
e 51 754 1
e 51 756 2
e 51 777 1
e 51 778 1
e 51 779 1
e 51 780 1
e 51 785 1
e 51 786 1
e 51 789 1
e 51 794 1
e 51 801 1
e 51 807 1
e 51 809 1
e 51 810 1
e 51 811 1
e 51 812 1
e 51 813 1
e 51 814 1
e 51 839 2
e 51 841 1
e 51 858 1
e 51 860 1
e 51 1009 1
e 51 1028 1
e 52 11 2
e 52 51 1
e 52 53 2
e 52 54 1
e 52 75 1
e 52 77 1
e 52 406 2
e 53 9 3
e 53 11 13
e 53 36 2
e 53 44 3
e 53 51 16
e 53 54 3
e 53 74 1
e 53 75 1
e 53 95 1
e 53 115 1
e 53 121 1
e 53 127 1
e 53 174 2
e 53 203 2
e 53 209 1
e 53 229 1
e 53 230 1
e 53 233 1
e 53 235 1
e 53 240 1
e 53 241 1
e 53 246 1
e 53 247 1
e 53 264 1
e 53 266 1
e 53 276 1
e 53 318 1
e 53 328 2
e 53 379 1
e 53 507 1
e 53 600 1
e 53 613 1
e 53 614 1
e 53 754 1
e 53 756 1
e 53 789 1
e 53 794 1
e 53 805 2
e 53 811 1
e 53 839 2
e 53 860 1
e 53 989 1
e 53 1009 1
e 53 1015 1
e 54 3 2
e 54 7 2
e 54 11 2
e 54 36 1
e 54 64 1
e 54 77 2
e 54 92 1
e 54 106 1
e 54 111 2
e 54 162 2
e 54 177 4
e 54 206 1
e 54 319 2
e 54 324 1
e 54 421 2
e 54 508 2
e 54 531 3
e 54 532 10
e 54 533 4
e 54 534 3
e 54 536 10
e 54 537 4
e 54 540 4
e 54 543 4
e 54 548 3
e 54 587 2
e 54 589 2
e 54 677 2
e 54 703 1
e 54 754 1
e 54 756 1
e 54 822 1
e 54 835 1
e 54 973 2
e 54 995 2
e 55 11 3
e 55 32 1
e 55 34 1
e 55 36 1
e 55 45 2
e 55 56 1
e 55 57 1
e 55 60 4
e 55 80 1
e 55 114 2
e 55 174 1
e 55 391 1
e 55 408 2
e 55 575 1
e 55 576 1
e 56 34 1
e 56 36 1
e 56 57 1
e 57 34 1
e 57 36 1
e 58 42 2
e 58 59 2
e 59 5 3
e 59 17 1
e 59 102 1
e 59 106 1
e 59 1050 1
e 59 1052 1
e 60 7 2
e 60 9 1
e 60 11 1
e 60 46 1
e 60 48 1
e 60 54 1
e 60 59 2
e 60 111 2
e 60 484 2
e 60 710 1
e 61 62 1
e 61 63 1
e 62 63 1
e 64 62 2
e 64 65 1
e 64 589 2
e 65 11 3
e 65 48 2
e 65 51 1
e 65 53 1
e 65 63 2
e 65 66 1
e 65 74 1
e 65 426 1
e 66 11 3
e 66 51 1
e 66 53 1
e 66 67 1
e 66 68 1
e 66 69 1
e 66 117 2
e 66 426 2
e 66 614 1
e 66 616 2
e 66 652 1
e 67 11 4
e 67 68 1
e 67 69 4
e 67 90 1
e 67 91 1
e 67 92 2
e 67 93 1
e 67 361 4
e 68 54 1
e 68 64 1
e 68 69 1
e 69 10 1
e 69 48 2
e 69 211 1
e 69 369 2
e 69 513 1
e 70 10 2
e 70 71 1
e 70 72 1
e 70 73 2
e 70 185 1
e 70 186 1
e 70 750 3
e 70 751 1
e 70 826 1
e 70 827 2
e 70 828 1
e 70 829 1
e 71 11 1
e 71 72 1
e 71 73 1
e 71 364 1
e 72 11 1
e 72 73 1
e 72 79 1
e 72 829 1
e 73 65 1
e 74 11 1
e 74 77 1
e 74 79 1
e 75 9 4
e 75 11 29
e 75 36 3
e 75 44 3
e 75 46 2
e 75 48 1
e 75 53 1
e 75 54 4
e 75 74 1
e 75 76 1
e 75 77 29
e 75 78 1
e 75 79 1
e 75 117 2
e 75 121 1
e 75 156 1
e 75 174 1
e 75 328 1
e 75 404 1
e 75 421 2
e 75 461 1
e 75 469 2
e 75 500 1
e 75 504 1
e 75 509 1
e 75 573 1
e 75 710 2
e 75 811 1
e 75 814 1
e 75 815 1
e 75 839 2
e 75 840 2
e 75 860 1
e 75 985 1
e 75 989 1
e 75 1015 1
e 75 1036 1
e 75 1037 1
e 75 1038 1
e 75 1061 1
e 76 11 1
e 76 77 1
e 76 78 1
e 77 34 1
e 77 36 1
e 77 45 1
e 77 46 2
e 77 54 1
e 77 75 7
e 77 78 1
e 77 140 1
e 77 145 1
e 77 153 1
e 77 156 1
e 77 174 1
e 77 394 1
e 77 406 1
e 77 509 1
e 77 814 1
e 77 841 1
e 77 1036 1
e 77 1061 1
e 79 11 3
e 79 48 1
e 79 77 1
e 79 117 1
e 80 10 2
e 80 11 6
e 80 53 1
e 80 54 1
e 80 75 2
e 80 77 2
e 80 81 1
e 80 82 1
e 80 89 1
e 80 469 2
e 80 575 1
e 80 576 1
e 80 578 2
e 80 579 2
e 81 82 1
e 82 11 1
e 82 80 1
e 82 89 1
e 83 6 1
e 83 7 1
e 83 11 2
e 83 59 2
e 83 84 1
e 83 85 3
e 83 88 1
e 83 153 1
e 83 156 1
e 84 59 1
e 84 85 1
e 84 102 2
e 85 6 1
e 85 7 1
e 85 11 2
e 85 59 2
e 85 83 1
e 85 153 1
e 85 236 1
e 86 7 1
e 86 87 1
e 86 88 1
e 87 7 1
e 87 88 1
e 88 59 1
e 88 85 1
e 89 7 2
e 89 88 2
e 90 10 1
e 90 11 1
e 90 69 1
e 90 91 1
e 91 10 1
e 91 11 1
e 91 54 1
e 91 69 1
e 91 92 1
e 92 11 2
e 92 36 2
e 92 66 2
e 92 67 2
e 92 361 2
e 92 369 2
e 93 10 1
e 93 11 1
e 93 65 1
e 93 69 1
e 94 10 1
e 94 11 2
e 94 69 1
e 94 95 1
e 94 96 1
e 95 9 2
e 95 10 3
e 95 11 9
e 95 14 1
e 95 16 1
e 95 21 2
e 95 24 2
e 95 32 1
e 95 34 1
e 95 36 1
e 95 51 1
e 95 60 2
e 95 96 1
e 95 174 2
e 95 212 1
e 95 418 1
e 95 718 2
e 95 719 2
e 96 11 1
e 97 32 1
e 97 54 2
e 97 60 1
e 97 992 1
e 97 1010 1
e 97 1012 1
e 98 5 2
e 98 7 2
e 98 43 2
e 98 54 2
e 98 59 2
e 98 99 1
e 98 100 1
e 98 101 3
e 98 102 3
e 98 115 2
e 98 197 2
e 98 585 2
e 99 5 2
e 99 7 6
e 99 41 1
e 99 42 1
e 99 59 1
e 99 100 8
e 99 101 1
e 99 132 1
e 99 177 2
e 99 232 1
e 99 237 1
e 99 238 1
e 99 239 1
e 99 242 1
e 99 249 1
e 99 320 2
e 99 337 1
e 99 604 1
e 99 676 1
e 99 719 1
e 99 976 1
e 100 5 10
e 100 6 10
e 100 59 1
e 100 99 16
e 100 176 1
e 100 177 1
e 100 219 10
e 100 232 2
e 100 236 4
e 100 237 4
e 100 238 1
e 100 239 1
e 100 242 1
e 100 244 1
e 100 245 1
e 100 248 1
e 100 249 1
e 100 253 1
e 100 337 1
e 100 604 1
e 100 675 1
e 100 676 1
e 100 1051 1
e 100 1053 1
e 101 5 4
e 101 7 24
e 101 17 1
e 101 30 2
e 101 41 1
e 101 42 1
e 101 43 2
e 101 59 2
e 101 84 2
e 101 99 1
e 101 102 26
e 101 130 1
e 101 131 1
e 101 132 1
e 101 134 3
e 101 156 1
e 101 177 1
e 101 178 1
e 101 200 3
e 101 327 1
e 101 337 1
e 101 399 2
e 101 412 1
e 101 415 2
e 101 498 1
e 101 503 1
e 101 584 1
e 101 719 1
e 101 842 2
e 101 976 1
e 102 43 2
e 102 59 1
e 102 101 2
e 102 153 1
e 102 156 1
e 102 395 1
e 102 412 1
e 102 842 2
e 103 11 1
e 103 24 1
e 103 104 1
e 104 11 1
e 104 24 1
e 104 105 2
e 105 59 1
e 105 106 1
e 106 98 2
e 106 115 2
e 106 156 2
e 106 177 2
e 106 178 2
e 106 187 2
e 106 188 4
e 106 351 2
e 107 40 1
e 107 108 1
e 107 109 2
e 107 110 3
e 107 111 13
e 107 112 1
e 107 192 5
e 107 196 1
e 107 217 1
e 107 226 1
e 107 228 11
e 107 257 1
e 107 258 1
e 107 262 1
e 107 272 1
e 107 278 1
e 107 280 1
e 107 282 1
e 107 308 11
e 107 309 1
e 107 382 1
e 107 383 1
e 108 109 1
e 108 110 1
e 108 111 1
e 108 112 1
e 109 40 1
e 109 107 11
e 109 110 2
e 109 111 21
e 109 112 1
e 109 192 5
e 109 194 5
e 109 196 1
e 109 216 12
e 109 217 1
e 109 218 1
e 109 228 11
e 109 240 1
e 109 241 1
e 109 246 1
e 109 257 1
e 109 262 1
e 109 264 1
e 109 266 1
e 109 268 3
e 109 270 1
e 109 272 1
e 109 274 3
e 109 276 1
e 109 278 1
e 109 305 2
e 109 307 12
e 109 308 11
e 109 309 2
e 109 310 4
e 109 311 3
e 109 312 2
e 109 313 2
e 109 314 2
e 109 317 2
e 109 482 1
e 109 483 1
e 109 484 1
e 109 995 7
e 109 996 7
e 110 107 19
e 110 109 11
e 110 111 13
e 110 112 1
e 110 192 5
e 110 194 5
e 110 216 11
e 110 217 19
e 110 226 1
e 110 228 11
e 110 256 2
e 110 257 4
e 110 258 19
e 110 259 2
e 110 260 2
e 110 261 2
e 110 262 4
e 110 267 2
e 110 268 4
e 110 271 2
e 110 272 3
e 110 273 2
e 110 274 4
e 110 277 2
e 110 278 3
e 110 279 2
e 110 280 3
e 110 281 2
e 110 282 3
e 110 307 11
e 110 308 11
e 110 309 1
e 110 310 3
e 110 311 2
e 111 11 2
e 111 34 1
e 111 40 2
e 111 48 1
e 111 112 1
e 111 192 5
e 111 216 10
e 111 218 3
e 111 228 27
e 111 255 2
e 111 268 1
e 111 272 1
e 111 274 1
e 111 278 1
e 111 296 2
e 111 298 2
e 111 300 2
e 111 302 2
e 111 304 2
e 111 308 11
e 111 309 2
e 111 310 1
e 111 311 1
e 111 482 2
e 111 484 2
e 111 994 2
e 111 995 9
e 112 40 4
e 112 46 2
e 112 111 2
e 112 216 2
e 112 228 2
e 112 585 2
e 113 9 1
e 113 44 1
e 113 51 1
e 113 53 1
e 113 114 1
e 113 115 1
e 114 60 2
e 114 108 2
e 114 115 1
e 114 174 2
e 114 408 2
e 115 54 1
e 115 106 2
e 115 170 1
e 116 10 1
e 116 11 2
e 116 54 1
e 116 117 1
e 116 322 2
e 116 419 2
e 117 11 5
e 117 45 1
e 117 48 2
e 117 49 1
e 117 54 2
e 117 77 2
e 117 116 1
e 117 174 1
e 117 357 1
e 117 376 1
e 117 419 2
e 118 11 1
e 118 51 1
e 118 53 1
e 118 119 1
e 119 53 1
e 120 11 2
e 120 51 1
e 120 53 1
e 120 75 1
e 120 77 1
e 120 121 2
e 121 11 2
e 121 51 1
e 121 77 1
e 122 9 1
e 122 11 2
e 122 123 2
e 122 124 2
e 122 125 1
e 122 126 1
e 123 11 2
e 123 24 1
e 123 124 1
e 123 125 1
e 123 154 1
e 123 155 1
e 123 156 1
e 123 1008 1
e 124 11 2
e 124 123 1
e 124 125 1
e 125 11 1
e 125 24 1
e 125 1017 1
e 126 11 1
e 126 123 1
e 126 124 1
e 127 34 1
e 127 36 1
e 127 128 1
e 127 129 1
e 127 130 2
e 128 34 1
e 128 36 1
e 128 129 1
e 130 7 1
e 130 102 1
e 130 131 1
e 131 6 3
e 131 7 4
e 131 42 1
e 131 101 1
e 131 102 2
e 132 6 3
e 132 7 5
e 132 100 1
e 132 101 1
e 132 102 2
e 132 133 2
e 132 134 1
e 133 6 2
e 133 7 2
e 133 101 2
e 133 102 2
e 133 134 2
e 134 7 3
e 134 42 1
e 134 102 3
e 134 150 1
e 135 10 2
e 135 11 3
e 135 51 1
e 135 53 1
e 135 127 1
e 136 41 1
e 136 42 1
e 136 137 1
e 136 138 1
e 137 7 1
e 137 20 1
e 137 26 1
e 137 138 1
e 137 175 1
e 137 178 1
e 138 7 2
e 138 139 2
e 139 9 1
e 139 11 1
e 139 45 1
e 139 54 1
e 139 126 1
e 139 140 1
e 139 142 1
e 139 171 1
e 140 10 2
e 140 11 2
e 140 53 1
e 140 54 2
e 140 75 1
e 140 135 2
e 141 11 2
e 141 45 1
e 141 54 2
e 141 139 1
e 141 142 1
e 141 160 2
e 142 11 3
e 142 34 2
e 142 36 2
e 142 54 1
e 142 169 2
e 143 7 2
e 143 99 1
e 143 100 1
e 143 101 1
e 143 102 1
e 143 132 2
e 144 11 2
e 144 51 1
e 144 53 1
e 144 75 1
e 144 77 1
e 144 145 2
e 145 53 1
e 145 75 1
e 145 143 2
e 146 11 2
e 146 51 1
e 146 53 1
e 146 54 2
e 146 75 1
e 146 77 1
e 146 140 2
e 147 6 3
e 147 7 3
e 147 42 1
e 147 99 1
e 147 100 1
e 147 131 2
e 148 39 1
e 148 149 1
e 149 39 1
e 150 42 1
e 151 45 1
e 151 134 2
e 151 148 2
e 151 152 1
e 152 45 1
e 152 149 2
e 152 150 2
e 153 9 1
e 153 75 1
e 153 101 1
e 153 106 2
e 153 123 1
e 153 154 1
e 153 155 1
e 153 156 10
e 153 188 2
e 153 350 2
e 153 691 2
e 154 155 1
e 154 156 1
e 155 156 1
e 155 583 2
e 156 11 1
e 156 85 1
e 156 153 1
e 157 2 1
e 157 3 2
e 157 4 1
e 157 158 1
e 157 159 6
e 157 160 1
e 157 161 1
e 157 162 1
e 157 510 2
e 157 511 2
e 157 514 2
e 157 515 2
e 157 637 1
e 157 638 1
e 158 2 1
e 158 3 3
e 158 4 1
e 158 159 1
e 158 160 1
e 158 161 1
e 158 162 1
e 159 2 1
e 159 3 2
e 159 160 1
e 159 161 1
e 159 162 1
e 159 511 2
e 159 515 2
e 159 521 1
e 159 522 1
e 159 529 1
e 159 638 1
e 160 3 2
e 160 161 1
e 160 162 2
e 160 694 1
e 161 3 3
e 161 162 1
e 163 7 2
e 163 26 1
e 163 28 1
e 163 30 1
e 163 164 1
e 163 165 1
e 164 28 1
e 164 30 1
e 164 165 1
e 165 30 1
e 166 7 2
e 166 10 1
e 166 11 4
e 166 32 1
e 166 34 1
e 166 36 1
e 166 139 1
e 166 163 2
e 166 167 1
e 166 168 1
e 166 170 2
e 166 171 1
e 167 34 1
e 167 36 1
e 167 168 1
e 168 36 1
e 169 11 2
e 169 36 2
e 169 166 2
e 169 170 2
e 170 10 2
e 170 11 3
e 170 106 1
e 170 115 1
e 170 350 1
e 170 585 2
e 171 11 2
e 171 48 2
e 171 54 2
e 171 505 2
e 172 10 1
e 172 173 1
e 172 174 1
e 173 174 1
e 174 11 3
e 174 34 1
e 174 36 1
e 174 48 2
e 174 49 1
e 174 54 2
e 174 60 4
e 174 75 1
e 174 115 2
e 174 291 2
e 174 369 1
e 174 412 2
e 174 444 1
e 174 483 2
e 174 531 1
e 174 533 1
e 174 578 2
e 174 702 2
e 174 703 2
e 174 706 1
e 174 1036 1
e 175 7 1
e 175 99 1
e 175 100 1
e 175 176 1
e 175 177 1
e 175 178 1
e 176 41 1
e 176 42 1
e 176 99 1
e 176 136 1
e 176 177 1
e 177 6 1
e 177 7 1
e 177 26 1
e 177 54 3
e 177 98 2
e 177 106 1
e 177 115 1
e 177 187 2
e 177 488 2
e 177 489 4
e 177 491 2
e 178 6 1
e 178 7 5
e 178 11 1
e 178 20 1
e 178 26 1
e 178 32 1
e 178 99 1
e 178 177 8
e 178 187 2
e 178 190 2
e 178 320 1
e 178 565 2
e 178 567 2
e 178 743 1
e 179 7 2
e 179 26 1
e 179 28 1
e 179 30 1
e 179 180 1
e 179 181 1
e 180 28 1
e 180 30 1
e 180 181 1
e 181 30 1
e 182 34 1
e 182 36 1
e 182 183 1
e 183 36 1
e 184 11 2
e 184 50 2
e 184 70 1
e 184 185 1
e 184 186 1
e 184 829 2
e 185 11 2
e 185 31 2
e 185 186 1
e 185 829 2
e 186 174 2
e 187 5 1
e 187 20 1
e 187 673 1
e 188 6 2
e 188 98 2
e 188 106 2
e 188 115 1
e 188 156 2
e 188 170 1
e 188 350 1
e 189 177 2
e 189 178 2
e 189 190 2
e 190 177 2
e 191 37 1
e 191 113 2
e 191 192 1
e 191 193 1
e 191 194 1
e 191 196 2
e 192 37 1
e 192 193 1
e 192 194 1
e 193 194 1
e 194 107 5
e 194 111 5
e 194 192 5
e 194 228 5
e 194 274 1
e 194 307 5
e 194 308 5
e 194 310 2
e 194 311 1
e 195 5 2
e 195 41 2
e 195 99 1
e 195 100 1
e 195 101 1
e 195 102 1
e 195 113 2
e 195 197 2
e 196 110 1
e 196 111 1
e 196 112 2
e 196 113 2
e 196 201 2
e 196 585 2
e 197 7 1
e 197 20 1
e 197 97 2
e 197 113 2
e 197 195 2
e 197 585 2
e 198 187 1
e 198 199 1
e 199 7 3
e 199 101 3
e 199 102 3
e 199 187 1
e 199 200 3
e 199 327 1
e 199 412 1
e 200 5 4
e 200 102 3
e 200 198 2
e 200 417 2
e 201 11 2
e 201 97 2
e 201 98 2
e 201 112 2
e 201 113 6
e 201 191 2
e 201 195 2
e 201 196 2
e 201 197 6
e 201 585 2
e 201 980 2
e 202 11 4
e 202 14 1
e 202 51 2
e 202 53 2
e 202 95 2
e 202 203 2
e 202 212 1
e 203 211 1
e 204 36 1
e 204 54 2
e 204 205 3
e 205 11 1
e 205 32 1
e 205 36 1
e 205 48 1
e 205 54 2
e 205 208 1
e 206 7 2
e 206 9 1
e 206 10 4
e 206 11 2
e 206 24 2
e 206 34 1
e 206 36 1
e 206 60 1
e 206 174 1
e 206 207 1
e 206 318 2
e 206 325 2
e 206 401 1
e 206 402 1
e 206 408 2
e 206 413 2
e 206 418 1
e 206 419 1
e 206 549 2
e 206 626 2
e 206 757 1
e 206 872 1
e 207 11 1
e 207 24 1
e 207 95 1
e 207 202 1
e 207 212 1
e 208 11 1
e 208 203 1
e 208 209 1
e 208 210 1
e 208 211 1
e 209 10 8
e 209 11 1
e 209 69 1
e 209 203 1
e 209 210 1
e 209 211 9
e 209 369 1
e 209 513 1
e 209 517 1
e 209 518 1
e 209 519 1
e 209 520 1
e 209 525 1
e 209 528 1
e 209 530 1
e 210 34 1
e 210 54 1
e 210 203 1
e 210 211 1
e 210 611 2
e 211 53 1
e 211 209 1
e 212 9 2
e 212 10 2
e 212 11 9
e 212 34 1
e 212 36 2
e 212 45 1
e 212 48 1
e 212 54 1
e 212 60 2
e 212 95 3
e 212 115 1
e 212 174 3
e 212 213 1
e 212 214 1
e 212 381 2
e 212 408 2
e 212 418 2
e 212 448 1
e 212 470 1
e 212 549 1
e 212 577 1
e 212 597 1
e 212 612 1
e 212 819 2
e 213 34 1
e 213 36 1
e 213 214 1
e 214 36 1
e 215 7 2
e 215 36 1
e 215 75 1
e 215 111 2
e 215 218 2
e 215 502 2
e 216 40 2
e 216 107 11
e 216 111 18
e 216 192 5
e 216 194 5
e 216 217 1
e 216 218 1
e 216 225 2
e 216 228 17
e 216 257 1
e 216 262 1
e 216 274 2
e 216 306 2
e 216 307 11
e 216 308 11
e 216 309 1
e 216 310 3
e 216 311 2
e 217 11 1
e 217 32 1
e 217 34 1
e 217 111 2
e 217 218 1
e 217 255 1
e 217 257 2
e 217 258 19
e 217 260 2
e 217 262 2
e 217 268 2
e 217 272 2
e 217 274 2
e 217 278 2
e 217 280 2
e 217 282 2
e 219 5 10
e 219 6 10
e 219 17 2
e 219 20 4
e 219 99 10
e 219 220 2
e 219 221 2
e 219 231 2
e 219 232 1
e 219 237 1
e 219 238 1
e 219 239 1
e 219 242 1
e 219 244 1
e 219 245 1
e 219 248 1
e 219 249 1
e 219 253 1
e 220 20 2
e 220 221 2
e 221 5 10
e 221 6 10
e 221 99 10
e 221 100 10
e 221 219 10
e 221 232 2
e 221 236 4
e 221 237 4
e 221 238 1
e 221 239 1
e 221 242 1
e 221 244 3
e 221 245 1
e 221 248 1
e 221 249 1
e 221 253 1
e 222 11 16
e 222 21 2
e 222 24 4
e 222 223 2
e 222 224 2
e 222 235 2
e 222 243 2
e 222 247 2
e 222 251 2
e 222 263 2
e 222 265 2
e 222 269 2
e 222 275 2
e 222 292 2
e 223 9 14
e 223 10 14
e 223 24 16
e 223 51 14
e 223 53 14
e 223 54 2
e 223 224 2
e 223 229 2
e 223 230 2
e 223 233 2
e 223 234 1
e 223 235 2
e 223 240 2
e 223 241 1
e 223 243 1
e 223 246 2
e 223 247 2
e 223 250 1
e 223 251 1
e 223 252 1
e 223 254 1
e 225 107 1
e 225 110 1
e 225 111 2
e 225 226 1
e 225 228 2
e 227 111 2
e 227 216 2
e 227 225 2
e 227 228 2
e 228 40 2
e 228 192 5
e 228 216 10
e 228 296 2
e 228 298 2
e 228 300 2
e 228 302 2
e 228 304 2
e 228 309 1
e 229 9 1
e 229 10 1
e 229 24 1
e 229 53 1
e 229 254 1
e 229 256 1
e 230 9 1
e 230 10 1
e 230 24 1
e 230 53 1
e 230 252 1
e 231 5 1
e 231 6 1
e 231 7 1
e 231 20 2
e 231 99 1
e 231 100 1
e 231 219 1
e 231 221 1
e 231 232 1
e 232 5 1
e 232 6 1
e 232 99 1
e 232 219 1
e 232 253 1
e 233 9 1
e 233 10 1
e 233 24 1
e 233 53 1
e 233 234 1
e 233 261 1
e 234 53 1
e 234 259 1
e 235 9 1
e 235 10 1
e 235 24 1
e 235 34 2
e 235 36 2
e 235 53 1
e 235 233 1
e 235 241 2
e 236 5 4
e 236 6 6
e 236 11 1
e 236 83 1
e 236 99 4
e 236 219 4
e 236 237 2
e 236 238 1
e 236 239 1
e 236 245 1
e 236 249 1
e 236 666 1
e 236 667 1
e 236 724 1
e 236 726 1
e 237 5 3
e 237 6 3
e 237 99 3
e 237 219 3
e 237 238 1
e 237 239 1
e 237 242 1
e 237 287 1
e 238 283 1
e 239 284 1
e 240 9 2
e 240 10 2
e 240 24 6
e 240 36 2
e 240 53 2
e 240 111 1
e 240 206 1
e 240 241 5
e 240 246 4
e 240 270 1
e 240 272 1
e 240 393 1
e 240 650 1
e 240 653 1
e 240 654 1
e 240 757 1
e 240 995 1
e 240 996 1
e 241 10 1
e 241 24 4
e 241 53 1
e 241 111 1
e 241 246 4
e 241 266 1
e 241 309 1
e 241 393 1
e 241 650 1
e 241 653 1
e 241 654 1
e 241 995 1
e 241 996 1
e 242 285 1
e 243 9 1
e 243 10 1
e 243 24 1
e 243 34 2
e 243 36 2
e 243 51 1
e 243 53 2
e 243 223 1
e 243 235 1
e 243 240 2
e 243 271 1
e 244 5 2
e 244 6 2
e 244 99 3
e 244 100 2
e 244 219 2
e 244 236 1
e 244 237 1
e 244 245 1
e 244 289 1
e 245 99 1
e 245 286 1
e 246 9 1
e 246 10 2
e 246 24 6
e 246 53 2
e 246 111 1
e 246 240 1
e 246 276 1
e 246 278 1
e 246 393 1
e 246 581 1
e 246 650 1
e 246 653 1
e 246 654 1
e 246 995 1
e 246 996 1
e 247 9 1
e 247 10 1
e 247 24 1
e 247 34 2
e 247 36 2
e 247 53 1
e 247 243 1
e 247 246 2
e 247 277 1
e 248 5 2
e 248 6 3
e 248 7 2
e 248 99 3
e 248 100 2
e 248 219 2
e 248 221 2
e 248 236 1
e 248 244 1
e 248 249 1
e 248 290 1
e 249 288 1
e 250 9 1
e 250 10 2
e 250 11 1
e 250 24 5
e 250 51 1
e 250 53 2
e 250 223 1
e 250 240 4
e 250 241 4
e 250 246 5
e 250 264 4
e 250 266 4
e 250 270 4
e 250 322 1
e 250 393 1
e 250 394 1
e 250 650 1
e 250 653 1
e 250 654 1
e 251 9 1
e 251 10 2
e 251 11 3
e 251 24 1
e 251 51 1
e 251 53 2
e 251 223 1
e 251 247 1
e 251 279 1
e 252 9 1
e 252 10 2
e 252 11 1
e 252 24 5
e 252 51 1
e 252 53 2
e 252 223 1
e 252 240 4
e 252 241 4
e 252 246 4
e 252 250 5
e 252 264 4
e 252 266 4
e 252 270 4
e 252 322 1
e 252 393 1
e 252 394 1
e 252 650 1
e 252 653 1
e 252 654 1
e 253 5 1
e 253 6 2
e 253 7 1
e 253 99 2
e 253 100 1
e 253 219 1
e 253 221 1
e 253 248 1
e 254 9 1
e 254 10 2
e 254 11 1
e 254 24 1
e 254 51 1
e 254 53 2
e 254 223 1
e 254 251 1
e 254 281 1
e 255 11 2
e 255 107 1
e 255 109 7
e 255 110 19
e 255 111 7
e 255 217 19
e 255 240 1
e 255 241 1
e 255 246 1
e 255 256 2
e 255 257 2
e 255 258 19
e 255 259 2
e 255 260 2
e 255 261 2
e 255 262 2
e 255 264 1
e 255 266 1
e 255 267 2
e 255 268 3
e 255 270 1
e 255 271 2
e 255 272 3
e 255 273 2
e 255 274 3
e 255 276 1
e 255 277 2
e 255 278 3
e 255 279 2
e 255 280 2
e 255 281 2
e 255 282 2
e 255 309 1
e 255 310 1
e 255 311 1
e 255 995 7
e 255 996 7
e 256 217 2
e 256 257 2
e 256 258 2
e 257 107 1
e 257 111 1
e 257 228 1
e 257 258 2
e 257 308 1
e 258 262 2
e 258 274 2
e 258 278 2
e 259 217 2
e 259 258 2
e 259 260 2
e 260 258 2
e 260 307 1
e 260 308 1
e 260 317 1
e 261 217 2
e 261 258 2
e 261 262 2
e 262 107 1
e 262 111 1
e 262 228 1
e 262 308 1
e 262 309 1
e 263 34 2
e 263 36 2
e 263 264 2
e 264 24 4
e 264 36 2
e 264 111 1
e 264 240 4
e 264 241 4
e 264 246 4
e 264 266 4
e 264 310 1
e 264 393 1
e 264 650 1
e 264 653 1
e 264 654 1
e 264 995 1
e 264 996 1
e 265 34 2
e 265 36 2
e 265 266 2
e 266 10 1
e 266 24 4
e 266 36 2
e 266 53 1
e 266 111 1
e 266 240 4
e 266 241 4
e 266 246 4
e 266 264 1
e 266 311 1
e 266 393 1
e 266 650 1
e 266 653 1
e 266 654 1
e 266 995 1
e 266 996 1
e 267 217 2
e 267 258 2
e 267 268 2
e 268 107 2
e 268 111 2
e 268 192 1
e 268 194 1
e 268 216 2
e 268 228 2
e 268 258 2
e 268 307 2
e 268 308 2
e 268 995 1
e 269 34 2
e 269 36 2
e 269 267 1
e 269 270 2
e 270 24 4
e 270 36 2
e 270 53 1
e 270 111 1
e 270 240 4
e 270 241 4
e 270 246 4
e 270 264 4
e 270 266 4
e 270 268 1
e 270 393 1
e 270 650 1
e 270 653 1
e 270 654 1
e 270 995 1
e 270 996 1
e 271 217 2
e 271 258 2
e 271 272 2
e 272 258 2
e 272 308 1
e 272 313 1
e 273 217 2
e 273 258 2
e 273 274 2
e 274 107 2
e 274 111 2
e 274 192 1
e 274 228 2
e 274 308 2
e 275 34 2
e 275 36 2
e 275 273 1
e 275 276 2
e 276 111 1
e 276 274 1
e 276 995 1
e 276 996 1
e 277 217 2
e 277 258 2
e 277 278 2
e 278 308 1
e 278 314 1
e 279 217 2
e 279 258 2
e 279 280 2
e 280 258 2
e 280 307 1
e 280 308 1
e 280 315 1
e 281 217 2
e 281 258 2
e 281 282 2
e 282 258 2
e 282 307 1
e 282 308 1
e 282 316 1
e 283 11 2
e 283 222 2
e 283 263 2
e 284 11 2
e 284 222 2
e 284 265 2
e 285 11 2
e 285 222 2
e 285 235 2
e 286 11 2
e 286 222 2
e 286 269 2
e 287 11 2
e 287 222 2
e 287 243 2
e 288 11 2
e 288 222 2
e 288 275 2
e 289 11 2
e 289 222 2
e 289 247 2
e 290 10 2
e 290 11 2
e 290 222 2
e 290 251 2
e 291 9 2
e 291 10 19
e 291 11 3
e 291 15 1
e 291 53 17
e 291 174 2
e 291 236 2
e 291 240 1
e 291 241 1
e 291 246 1
e 291 264 1
e 291 266 2
e 291 270 1
e 291 276 1
e 291 335 1
e 291 572 1
e 291 578 12
e 291 582 1
e 291 672 1
e 291 691 2
e 291 702 4
e 291 703 2
e 291 704 2
e 291 705 2
e 291 706 3
e 291 707 1
e 291 721 1
e 291 754 1
e 291 756 1
e 291 777 1
e 291 778 1
e 291 779 1
e 291 780 1
e 291 785 1
e 291 786 1
e 291 790 2
e 291 794 1
e 291 801 1
e 291 807 2
e 291 809 1
e 291 811 1
e 291 813 1
e 291 872 1
e 291 1007 1
e 291 1008 1
e 291 1018 2
e 291 1023 1
e 291 1025 1
e 291 1028 1
e 291 1031 1
e 292 24 2
e 293 6 2
e 293 17 2
e 293 20 1
e 294 10 2
e 294 21 2
e 294 24 1
e 295 107 1
e 295 110 1
e 295 111 2
e 295 216 2
e 295 228 2
e 295 272 1
e 295 296 2
e 296 109 2
e 296 216 2
e 296 312 2
e 297 107 1
e 297 110 1
e 297 111 2
e 297 216 2
e 297 228 2
e 297 278 1
e 297 298 2
e 298 109 2
e 298 216 2
e 298 313 2
e 299 107 1
e 299 110 1
e 299 111 2
e 299 216 2
e 299 228 2
e 299 280 1
e 299 300 2
e 300 109 2
e 300 216 2
e 300 314 2
e 301 107 1
e 301 110 1
e 301 111 2
e 301 216 2
e 301 228 2
e 301 282 1
e 301 302 2
e 302 109 2
e 302 216 2
e 302 315 2
e 303 107 1
e 303 110 1
e 303 111 2
e 303 216 2
e 303 228 2
e 303 257 1
e 303 304 2
e 304 109 2
e 304 216 2
e 304 316 2
e 305 111 2
e 305 216 2
e 305 228 2
e 305 306 2
e 306 107 1
e 306 110 1
e 306 111 2
e 306 228 2
e 306 262 1
e 307 107 11
e 307 111 11
e 307 192 5
e 307 228 11
e 307 257 1
e 307 262 1
e 307 272 1
e 307 274 2
e 307 278 1
e 307 308 17
e 307 309 2
e 307 310 3
e 307 311 2
e 307 312 1
e 307 313 1
e 307 314 1
e 307 315 1
e 307 316 1
e 307 317 1
e 308 109 1
e 308 192 5
e 308 228 11
e 308 307 1
e 308 309 1
e 308 312 1
e 308 313 1
e 308 314 1
e 308 317 1
e 309 308 1
e 309 312 1
e 310 107 3
e 310 111 3
e 310 192 2
e 310 228 3
e 310 308 3
e 310 995 1
e 311 107 2
e 311 111 2
e 311 192 1
e 311 228 2
e 311 308 2
e 311 995 1
e 315 109 2
e 315 308 1
e 316 109 2
e 316 308 1
e 317 305 2
e 318 10 2
e 318 11 2
e 318 48 4
e 318 54 4
e 318 319 2
e 318 325 2
e 318 330 2
e 318 337 2
e 318 408 2
e 320 7 1
e 320 100 2
e 320 177 1
e 320 321 1
e 320 329 2
e 321 7 1
e 321 26 1
e 321 177 1
e 321 178 1
e 321 320 1
e 322 10 1
e 322 11 3
e 322 24 1
e 322 54 1
e 322 75 1
e 322 77 1
e 322 240 1
e 322 241 1
e 322 246 1
e 322 264 1
e 322 266 1
e 322 270 1
e 322 323 1
e 322 324 1
e 322 394 1
e 322 400 2
e 322 419 4
e 322 428 2
e 322 653 1
e 323 10 1
e 323 11 1
e 323 54 1
e 323 324 1
e 324 9 1
e 324 36 1
e 324 493 2
e 324 495 1
e 325 11 3
e 325 51 3
e 325 53 3
e 325 75 1
e 325 77 1
e 325 318 1
e 325 326 1
e 325 327 2
e 325 328 3
e 325 348 1
e 325 547 1
e 325 602 1
e 326 14 1
e 326 16 1
e 326 53 1
e 326 318 1
e 326 981 2
e 327 7 2
e 327 99 2
e 327 100 2
e 327 102 1
e 327 320 2
e 327 412 3
e 328 51 2
e 328 54 1
e 328 77 1
e 328 330 2
e 329 7 1
e 329 177 2
e 329 178 2
e 329 337 1
e 329 341 1
e 329 342 1
e 330 11 1
e 330 48 3
e 330 54 3
e 330 318 3
e 330 456 2
e 330 678 1
e 330 684 1
e 330 692 2
e 331 6 1
e 331 7 2
e 331 26 1
e 331 28 1
e 331 332 1
e 331 339 1
e 331 340 1
e 331 346 1
e 332 7 1
e 332 28 1
e 332 30 1
e 332 339 1
e 332 340 1
e 333 10 4
e 333 11 9
e 333 36 2
e 333 48 2
e 333 54 4
e 333 209 1
e 333 211 1
e 333 334 1
e 333 335 2
e 333 355 1
e 333 358 1
e 333 440 7
e 333 516 1
e 333 519 1
e 333 531 1
e 333 549 1
e 333 553 1
e 333 697 1
e 333 698 1
e 333 701 1
e 333 746 1
e 333 796 1
e 333 798 1
e 334 10 2
e 334 11 2
e 334 36 1
e 334 54 1
e 334 335 1
e 334 343 1
e 334 344 1
e 335 9 2
e 335 10 1
e 335 11 6
e 335 36 1
e 335 48 2
e 335 53 1
e 335 54 2
e 335 75 1
e 335 77 1
e 335 80 2
e 335 153 1
e 335 156 1
e 335 318 2
e 335 330 2
e 336 177 2
e 336 178 2
e 336 329 2
e 336 335 1
e 336 337 2
e 337 5 1
e 337 6 2
e 337 102 1
e 337 177 2
e 337 178 2
e 337 199 1
e 337 327 5
e 337 329 2
e 337 411 2
e 337 412 3
e 337 414 1
e 338 10 1
e 338 32 2
e 338 48 2
e 338 54 2
e 338 328 1
e 338 330 1
e 339 6 1
e 339 30 1
e 339 340 2
e 340 6 1
e 340 30 1
e 341 7 1
e 341 30 1
e 341 337 1
e 341 342 1
e 342 7 1
e 342 337 1
e 343 10 1
e 343 11 1
e 343 36 1
e 343 54 1
e 343 344 1
e 344 11 1
e 344 54 2
e 344 345 2
e 345 7 1
e 345 331 1
e 345 346 1
e 346 7 1
e 347 45 1
e 347 48 1
e 347 54 1
e 347 340 2
e 347 348 1
e 348 11 1
e 348 51 1
e 348 53 1
e 348 54 1
e 348 318 1
e 348 349 2
e 348 547 1
e 349 7 1
e 349 99 1
e 349 100 1
e 349 337 1
e 350 30 1
e 350 106 3
e 350 115 1
e 350 156 2
e 350 188 2
e 350 323 1
e 350 351 4
e 350 395 1
e 350 396 1
e 350 744 1
e 351 106 1
e 351 115 1
e 351 153 2
e 351 156 2
e 351 170 1
e 351 188 3
e 351 323 1
e 351 350 4
e 352 11 1
e 352 45 2
e 352 49 2
e 352 54 1
e 352 60 2
e 352 353 1
e 352 391 1
e 352 736 1
e 352 1015 1
e 353 11 1
e 353 45 1
e 353 60 1
e 353 354 1
e 354 11 1
e 354 60 1
e 354 339 2
e 355 36 1
e 355 356 2
e 355 358 1
e 356 117 2
e 357 10 1
e 357 11 1
e 357 54 1
e 357 117 1
e 358 11 6
e 358 36 1
e 358 439 1
e 358 440 7
e 358 759 1
e 358 760 1
e 358 761 1
e 358 762 1
e 358 763 1
e 358 764 1
e 358 765 1
e 358 766 1
e 358 767 1
e 358 768 1
e 358 769 1
e 358 770 1
e 359 11 1
e 359 48 1
e 359 116 1
e 359 322 2
e 359 400 2
e 360 11 3
e 360 36 2
e 360 67 2
e 360 92 2
e 360 361 4
e 360 369 2
e 362 363 1
e 362 364 1
e 363 11 2
e 363 48 1
e 363 65 2
e 363 74 2
e 363 360 1
e 363 364 1
e 363 368 2
e 363 372 2
e 363 374 2
e 365 74 2
e 365 363 2
e 366 65 1
e 367 10 2
e 367 363 2
e 367 368 2
e 368 11 1
e 368 48 1
e 368 53 1
e 368 54 1
e 368 394 1
e 368 928 2
e 369 10 1
e 369 11 3
e 369 36 6
e 369 45 1
e 369 48 2
e 369 54 2
e 369 67 2
e 369 69 1
e 369 211 1
e 369 361 2
e 369 378 2
e 369 444 2
e 369 517 1
e 369 796 1
e 370 65 1
e 370 363 1
e 371 10 2
e 371 363 2
e 371 372 2
e 372 11 1
e 372 54 1
e 372 549 1
e 372 636 1
e 373 10 2
e 373 363 2
e 373 374 2
e 374 11 1
e 374 48 1
e 374 356 1
e 375 10 1
e 375 65 1
e 375 363 1
e 376 10 1
e 376 11 2
e 376 24 2
e 376 45 1
e 376 117 1
e 376 174 1
e 376 384 2
e 377 11 2
e 377 36 2
e 377 369 2
e 377 378 2
e 378 11 1
e 378 69 1
e 378 94 1
e 379 11 1
e 379 51 1
e 379 115 1
e 380 376 2
e 381 9 3
e 381 10 2
e 381 11 1
e 381 44 1
e 381 45 1
e 381 60 2
e 381 95 3
e 381 174 2
e 381 379 1
e 381 584 2
e 381 819 2
e 382 110 1
e 382 383 1
e 383 22 1
e 383 23 2
e 383 110 1
e 383 382 1
e 384 11 2
e 384 24 2
e 384 377 2
e 385 28 1
e 385 30 1
e 385 386 1
e 386 30 1
e 387 34 1
e 387 36 1
e 387 388 1
e 388 36 1
e 389 34 1
e 389 36 1
e 389 390 1
e 390 36 1
e 391 11 2
e 391 36 1
e 391 45 1
e 391 60 1
e 391 449 1
e 391 1013 1
e 392 11 4
e 392 24 1
e 392 54 1
e 392 240 1
e 392 241 1
e 392 246 1
e 392 250 1
e 392 252 1
e 392 264 1
e 392 266 1
e 392 270 1
e 392 393 1
e 392 549 3
e 392 635 1
e 392 642 1
e 392 646 2
e 392 649 2
e 392 658 1
e 392 759 1
e 392 761 1
e 392 763 1
e 392 765 1
e 392 767 1
e 392 769 1
e 392 771 1
e 392 772 1
e 392 773 1
e 392 774 1
e 392 775 1
e 392 776 1
e 394 10 1
e 394 11 1
e 394 24 1
e 394 54 1
e 394 75 1
e 394 240 1
e 394 241 1
e 394 246 1
e 394 264 1
e 394 266 1
e 394 270 1
e 394 368 1
e 394 395 1
e 394 654 1
e 395 7 2
e 395 101 1
e 395 351 1
e 395 396 1
e 395 623 2
e 395 644 2
e 396 7 1
e 396 101 1
e 396 102 1
e 396 322 1
e 396 351 1
e 396 395 1
e 397 11 1
e 397 48 1
e 397 322 1
e 398 7 2
e 398 101 2
e 398 102 2
e 398 399 2
e 399 6 2
e 399 7 4
e 399 99 1
e 399 100 1
e 399 101 1
e 399 102 3
e 399 719 2
e 400 11 1
e 400 51 1
e 400 53 1
e 400 368 1
e 401 34 1
e 401 36 1
e 401 402 1
e 403 54 1
e 403 206 1
e 404 11 1
e 404 44 1
e 404 45 1
e 404 77 1
e 404 403 1
e 405 11 1
e 405 32 2
e 405 48 2
e 405 75 1
e 405 77 1
e 405 404 1
e 405 421 2
e 406 11 1
e 406 24 2
e 406 48 1
e 406 53 1
e 406 75 1
e 406 407 1
e 406 478 2
e 407 54 1
e 407 835 1
e 408 7 2
e 408 9 2
e 408 10 4
e 408 11 9
e 408 34 1
e 408 36 1
e 408 48 3
e 408 54 3
e 408 60 4
e 408 80 1
e 408 95 2
e 408 174 2
e 408 325 2
e 408 381 2
e 408 409 1
e 408 410 1
e 408 411 2
e 408 448 1
e 408 612 1
e 408 683 2
e 408 684 2
e 408 819 2
e 408 835 1
e 409 34 1
e 409 36 1
e 409 410 1
e 410 36 1
e 411 5 6
e 411 6 2
e 411 7 7
e 411 20 1
e 411 101 1
e 411 102 1
e 411 187 1
e 411 200 2
e 411 327 3
e 411 337 1
e 411 412 1
e 411 415 2
e 411 416 2
e 411 417 2
e 411 673 1
e 412 7 1
e 412 28 1
e 412 30 1
e 412 101 1
e 413 6 2
e 413 7 2
e 413 327 2
e 413 337 2
e 413 411 2
e 413 623 2
e 413 624 2
e 414 7 2
e 414 101 2
e 414 102 2
e 414 327 1
e 414 412 1
e 414 415 2
e 415 5 2
e 415 102 2
e 415 416 2
e 416 5 2
e 416 327 1
e 416 337 1
e 416 412 1
e 416 414 1
e 417 5 2
e 417 199 1
e 417 327 1
e 417 337 1
e 417 412 1
e 418 10 3
e 418 11 2
e 418 14 1
e 418 60 1
e 418 115 1
e 418 174 2
e 418 212 1
e 418 471 1
e 418 481 2
e 419 10 1
e 419 11 2
e 419 54 2
e 419 75 2
e 419 77 2
e 419 117 2
e 419 421 2
e 419 422 4
e 419 428 2
e 419 872 1
e 420 10 2
e 420 97 2
e 420 405 2
e 421 11 4
e 421 48 2
e 421 77 2
e 421 429 2
e 422 11 1
e 422 48 1
e 422 117 2
e 422 423 1
e 422 428 2
e 423 322 2
e 423 428 2
e 424 11 1
e 424 48 1
e 424 425 1
e 426 11 1
e 426 427 2
e 428 10 1
e 428 54 1
e 428 97 1
e 428 117 4
e 428 419 2
e 428 612 2
e 428 979 2
e 428 992 1
e 429 11 2
e 430 431 2
e 430 432 4
e 430 433 4
e 430 434 2
e 430 435 1
e 430 436 2
e 430 437 1
e 431 432 1
e 431 433 1
e 431 434 1
e 432 11 2
e 432 431 1
e 432 433 7
e 432 434 1
e 432 436 1
e 432 437 1
e 432 440 2
e 432 559 1
e 432 560 1
e 432 561 1
e 433 431 1
e 433 434 1
e 433 436 1
e 433 437 1
e 433 559 1
e 433 561 1
e 433 631 1
e 433 632 1
e 433 633 1
e 434 432 1
e 434 433 1
e 434 436 1
e 435 431 1
e 435 432 1
e 435 433 1
e 436 432 1
e 436 433 1
e 436 437 1
e 438 11 3
e 438 358 1
e 438 439 1
e 438 440 1
e 438 441 2
e 438 442 2
e 439 440 1
e 439 441 1
e 439 442 1
e 439 443 1
e 440 10 2
e 440 11 13
e 440 48 2
e 440 54 4
e 440 209 1
e 440 211 1
e 440 333 3
e 440 433 2
e 440 516 1
e 440 526 2
e 440 528 1
e 440 544 1
e 440 697 1
e 440 760 1
e 440 762 1
e 440 764 1
e 440 766 1
e 440 768 1
e 440 770 1
e 441 442 3
e 441 443 1
e 442 443 1
e 442 617 2
e 442 619 3
e 442 790 1
e 442 791 1
e 442 792 1
e 442 793 1
e 442 817 1
e 444 10 1
e 444 11 9
e 444 36 5
e 444 45 1
e 444 54 2
e 444 209 1
e 444 211 1
e 444 212 1
e 444 438 1
e 444 445 1
e 444 446 2
e 444 518 1
e 444 549 1
e 444 597 1
e 444 625 2
e 444 648 1
e 444 649 1
e 444 650 2
e 444 658 1
e 444 796 1
e 444 798 1
e 445 11 1
e 445 438 1
e 445 446 1
e 446 10 1
e 446 11 2
e 446 48 2
e 446 209 1
e 446 211 1
e 446 438 1
e 446 444 2
e 446 523 2
e 446 525 1
e 447 9 2
e 447 114 2
e 447 171 2
e 447 174 2
e 448 9 1
e 448 10 3
e 448 11 2
e 448 34 2
e 448 60 1
e 448 95 1
e 448 174 1
e 448 381 1
e 448 419 2
e 448 422 2
e 448 449 2
e 448 533 2
e 448 612 2
e 448 613 2
e 448 674 2
e 448 819 1
e 449 9 1
e 449 34 1
e 449 36 10
e 449 45 1
e 449 324 1
e 449 452 1
e 449 492 2
e 449 495 2
e 449 508 1
e 449 509 1
e 449 516 1
e 449 533 1
e 449 544 1
e 449 553 1
e 449 683 1
e 449 1013 1
e 450 451 1
e 451 11 1
e 451 45 1
e 451 454 1
e 451 456 1
e 452 11 1
e 452 36 1
e 452 453 1
e 453 450 1
e 454 10 1
e 454 11 1
e 454 45 1
e 454 455 1
e 455 44 1
e 455 457 1
e 456 11 1
e 456 45 1
e 456 170 2
e 456 318 2
e 456 454 1
e 456 692 2
e 457 54 1
e 457 464 1
e 458 11 2
e 458 28 1
e 458 30 1
e 458 459 1
e 458 460 1
e 458 461 2
e 459 28 1
e 459 30 1
e 459 460 1
e 460 30 1
e 461 11 1
e 461 15 1
e 461 34 1
e 461 36 1
e 461 77 1
e 461 462 1
e 461 463 1
e 461 465 1
e 462 34 1
e 462 36 1
e 462 463 1
e 463 36 1
e 464 11 1
e 464 54 1
e 464 75 1
e 464 77 1
e 464 461 1
e 465 11 1
e 465 15 1
e 466 10 2
e 466 11 2
e 466 467 2
e 467 10 2
e 467 11 2
e 467 171 2
e 467 447 2
e 468 11 2
e 468 75 2
e 468 77 2
e 468 117 2
e 469 10 2
e 469 11 4
e 469 77 2
e 469 80 2
e 469 335 2
e 470 11 3
e 470 115 3
e 470 174 2
e 470 418 1
e 470 471 2
e 471 11 2
e 471 115 2
e 471 174 4
e 471 212 1
e 472 16 1
e 472 473 1
e 473 16 1
e 474 11 2
e 474 16 2
e 474 28 1
e 474 30 1
e 474 341 1
e 474 475 1
e 475 28 1
e 475 30 1
e 475 341 1
e 476 34 1
e 476 36 1
e 476 477 1
e 477 36 1
e 478 9 2
e 478 10 2
e 478 11 5
e 478 14 1
e 478 16 1
e 478 24 2
e 478 60 2
e 478 95 5
e 478 174 2
e 478 202 1
e 478 212 3
e 478 381 2
e 478 408 2
e 478 418 1
e 478 448 1
e 478 485 1
e 478 612 1
e 478 819 2
e 479 11 1
e 479 15 1
e 479 480 1
e 480 11 1
e 481 109 1
e 481 482 1
e 481 483 1
e 481 484 1
e 482 483 1
e 482 484 1
e 483 484 1
e 485 11 1
e 485 16 1
e 485 95 1
e 486 10 2
e 486 11 3
e 486 14 1
e 486 32 1
e 486 34 1
e 486 48 1
e 486 54 3
e 486 174 1
e 486 532 2
e 486 538 1
e 486 543 3
e 486 562 1
e 487 7 2
e 487 177 2
e 487 488 2
e 487 489 2
e 488 489 2
e 490 177 2
e 490 489 2
e 490 491 2
e 491 489 2
e 492 5 1
e 492 30 2
e 492 493 1
e 492 494 2
e 493 5 1
e 493 30 1
e 493 494 1
e 494 30 3
e 494 496 1
e 495 36 3
e 495 497 1
e 496 7 1
e 496 28 1
e 496 30 2
e 496 101 1
e 496 412 1
e 497 11 1
e 497 34 1
e 497 36 2
e 497 75 1
e 497 174 1
e 498 412 2
e 498 499 2
e 499 30 1
e 499 412 2
e 499 492 1
e 499 494 1
e 500 174 2
e 500 501 2
e 501 36 1
e 501 174 2
e 501 449 1
e 501 495 1
e 502 30 1
e 502 101 1
e 503 7 1
e 503 498 1
e 504 11 1
e 504 500 1
e 505 9 1
e 505 10 1
e 505 11 3
e 505 54 2
e 505 174 1
e 506 174 1
e 506 507 1
e 507 51 1
e 507 174 2
e 507 976 2
e 508 36 1
e 508 509 1
e 509 11 1
e 509 34 1
e 509 36 1
e 509 45 1
e 509 54 1
e 509 534 1
e 509 544 1
e 510 159 2
e 510 511 2
e 511 2 1
e 511 522 1
e 512 10 1
e 512 11 2
e 512 36 1
e 512 48 2
e 512 54 1
e 512 174 2
e 512 325 1
e 512 348 1
e 512 510 2
e 512 513 2
e 512 547 1
e 512 554 1
e 513 10 1
e 513 48 2
e 513 211 1
e 513 517 2
e 514 159 2
e 514 515 2
e 515 2 1
e 515 511 1
e 515 522 1
e 516 48 2
e 516 54 1
e 516 69 2
e 516 514 2
e 516 531 1
e 517 10 2
e 517 11 1
e 517 36 1
e 517 174 1
e 517 211 1
e 517 512 1
e 518 10 2
e 518 11 1
e 518 174 1
e 518 211 1
e 518 517 1
e 519 10 2
e 519 11 1
e 519 54 1
e 519 211 1
e 519 528 1
e 520 10 1
e 520 211 1
e 520 440 2
e 520 530 2
e 520 544 2
e 521 2 4
e 521 511 1
e 521 515 1
e 521 522 4
e 521 524 1
e 521 527 1
e 521 529 1
e 523 2 1
e 523 521 1
e 523 522 1
e 523 524 1
e 524 2 1
e 524 522 1
e 525 10 1
e 525 48 2
e 525 211 1
e 525 518 2
e 525 524 2
e 526 2 1
e 526 521 1
e 526 522 1
e 526 527 1
e 527 2 1
e 527 522 1
e 528 10 2
e 528 11 2
e 528 48 2
e 528 54 2
e 528 211 1
e 528 519 2
e 528 527 2
e 528 545 1
e 529 2 1
e 529 522 1
e 530 10 1
e 530 48 2
e 530 211 1
e 530 440 2
e 530 520 2
e 530 529 2
e 531 11 2
e 531 48 1
e 531 440 1
e 531 516 2
e 531 532 2
e 531 533 2
e 532 448 2
e 532 508 2
e 532 533 2
e 533 10 2
e 533 36 1
e 533 516 1
e 533 674 2
e 534 508 2
e 534 532 2
e 535 11 1
e 535 54 2
e 535 174 1
e 535 536 2
e 535 537 2
e 536 533 2
e 536 537 2
e 536 540 2
e 536 543 2
e 536 677 2
e 537 36 1
e 537 174 1
e 537 449 1
e 537 532 2
e 537 553 1
e 538 11 1
e 538 48 1
e 538 54 3
e 538 174 1
e 538 532 2
e 538 537 2
e 538 553 1
e 539 11 1
e 539 54 3
e 539 536 2
e 539 540 2
e 540 11 2
e 540 36 1
e 540 449 1
e 540 488 2
e 540 532 2
e 540 544 1
e 540 562 1
e 541 7 2
e 541 10 1
e 541 11 4
e 541 48 1
e 541 54 3
e 541 487 2
e 541 532 2
e 541 540 3
e 541 544 1
e 541 562 1
e 542 10 1
e 542 11 2
e 542 54 3
e 542 174 1
e 542 535 1
e 542 536 2
e 542 543 2
e 543 10 1
e 543 11 2
e 543 34 1
e 543 36 1
e 543 174 1
e 543 448 1
e 543 449 1
e 543 491 2
e 543 532 2
e 543 537 1
e 543 562 1
e 544 10 1
e 544 11 4
e 544 36 2
e 544 48 2
e 544 54 2
e 544 440 4
e 544 530 2
e 544 541 1
e 545 10 1
e 545 11 1
e 545 48 2
e 545 54 2
e 545 528 2
e 545 539 1
e 546 10 1
e 546 11 1
e 546 48 2
e 546 54 1
e 546 530 2
e 546 542 1
e 547 10 1
e 547 11 1
e 547 48 2
e 547 54 1
e 547 548 1
e 547 557 2
e 548 11 1
e 548 48 1
e 548 536 2
e 548 547 1
e 548 677 2
e 549 10 2
e 549 11 9
e 549 36 1
e 549 48 2
e 549 54 1
e 549 440 1
e 549 446 2
e 549 448 1
e 549 550 1
e 549 563 1
e 549 623 2
e 549 626 2
e 549 635 1
e 549 636 1
e 549 646 2
e 550 10 1
e 550 11 3
e 550 54 1
e 550 174 1
e 550 333 1
e 550 440 1
e 550 531 1
e 550 549 1
e 551 10 3
e 551 11 2
e 551 48 2
e 551 54 1
e 551 174 2
e 551 512 2
e 551 525 2
e 551 552 1
e 552 10 1
e 552 11 2
e 552 54 1
e 552 174 1
e 552 554 1
e 553 11 2
e 553 36 1
e 553 54 2
e 553 75 1
e 553 77 1
e 553 174 1
e 553 440 1
e 553 509 1
e 553 538 1
e 553 692 2
e 553 701 1
e 554 11 2
e 554 48 1
e 554 54 3
e 554 174 1
e 554 512 1
e 554 533 2
e 554 536 2
e 555 48 2
e 555 556 2
e 556 48 2
e 556 555 2
e 557 48 2
e 557 558 2
e 559 433 1
e 559 560 1
e 559 561 1
e 560 433 1
e 560 561 1
e 561 433 1
e 561 559 1
e 561 591 1
e 562 11 1
e 562 48 1
e 562 448 1
e 563 10 1
e 563 11 2
e 563 174 1
e 563 448 1
e 563 533 1
e 564 178 2
e 564 565 2
e 566 178 2
e 566 567 2
e 568 11 1
e 568 24 1
e 568 569 1
e 569 11 1
e 569 24 1
e 570 10 1
e 570 45 1
e 570 174 1
e 571 10 1
e 571 55 1
e 571 174 1
e 572 11 1
e 572 75 1
e 572 77 1
e 572 174 1
e 572 573 1
e 573 10 1
e 573 11 1
e 573 77 1
e 573 95 1
e 573 381 1
e 574 7 2
e 574 84 2
e 574 101 2
e 574 102 2
e 575 576 1
e 577 11 2
e 577 48 1
e 577 54 2
e 577 80 1
e 577 408 1
e 578 10 3
e 578 174 2
e 578 291 1
e 578 572 1
e 578 579 2
e 578 691 2
e 578 702 2
e 578 703 2
e 578 706 3
e 579 10 2
e 579 11 1
e 579 51 1
e 579 53 1
e 579 80 1
e 580 24 1
e 580 246 1
e 580 581 1
e 582 10 1
e 582 174 1
e 582 291 1
e 582 572 1
e 582 578 2
e 583 6 1
e 583 7 1
e 583 101 1
e 583 102 1
e 583 584 1
e 584 7 1
e 584 102 1
e 585 11 2
e 585 40 2
e 585 46 2
e 585 54 2
e 585 75 2
e 585 77 2
e 585 98 4
e 585 106 2
e 585 112 2
e 585 115 2
e 585 177 2
e 585 201 2
e 586 11 1
e 586 61 1
e 586 587 1
e 586 588 1
e 586 589 1
e 587 61 1
e 587 588 1
e 587 589 1
e 588 61 1
e 588 589 1
e 589 61 1
e 589 62 2
e 589 587 2
e 589 627 1
e 589 628 1
e 589 629 1
e 590 11 1
e 590 433 1
e 590 559 1
e 590 561 1
e 590 591 1
e 591 433 1
e 591 559 1
e 592 30 1
e 592 593 1
e 592 611 1
e 593 7 1
e 593 20 1
e 593 30 1
e 593 178 1
e 594 36 1
e 594 592 2
e 594 595 1
e 595 11 1
e 595 24 1
e 595 36 1
e 595 48 1
e 596 11 2
e 596 36 1
e 596 48 1
e 596 212 1
e 596 444 1
e 596 549 1
e 596 597 1
e 597 9 1
e 597 11 2
e 597 36 1
e 597 549 1
e 597 594 1
e 598 11 1
e 598 36 1
e 598 48 1
e 598 596 1
e 599 9 1
e 599 11 1
e 599 32 1
e 599 34 1
e 599 36 1
e 599 598 1
e 599 600 1
e 600 11 1
e 600 34 1
e 600 36 1
e 600 598 1
e 600 604 2
e 601 10 2
e 601 11 1
e 601 21 1
e 601 24 1
e 601 45 2
e 601 318 1
e 601 325 1
e 601 602 1
e 601 984 2
e 601 987 1
e 602 11 1
e 602 51 1
e 602 53 1
e 602 318 1
e 602 600 1
e 602 603 2
e 603 7 1
e 603 99 1
e 603 100 1
e 603 604 1
e 605 11 4
e 605 48 2
e 605 54 2
e 605 606 2
e 606 11 4
e 606 54 2
e 606 607 2
e 606 608 2
e 607 11 2
e 607 608 2
e 608 11 3
e 609 11 2
e 609 13 2
e 609 605 2
e 609 610 2
e 610 605 2
e 612 9 1
e 612 10 1
e 612 60 1
e 612 95 1
e 612 117 2
e 612 174 1
e 612 381 1
e 612 419 4
e 612 422 2
e 612 819 1
e 613 11 1
e 613 335 1
e 613 612 2
e 613 741 1
e 614 10 1
e 614 11 2
e 614 51 1
e 614 615 1
e 614 618 2
e 615 9 1
e 615 11 1
e 615 51 1
e 615 53 1
e 615 613 1
e 616 442 1
e 616 617 1
e 616 618 1
e 616 619 1
e 617 442 1
e 617 618 1
e 617 619 1
e 618 442 1
e 618 619 1
e 619 617 2
e 619 790 1
e 619 791 1
e 619 792 1
e 619 793 1
e 619 817 1
e 620 11 1
e 620 48 1
e 620 621 1
e 621 11 1
e 621 48 1
e 622 7 5
e 622 30 2
e 622 395 2
e 622 413 2
e 622 623 5
e 622 624 2
e 622 644 2
e 622 645 1
e 622 659 1
e 623 7 5
e 623 624 2
e 623 644 2
e 624 5 1
e 624 630 1
e 625 11 3
e 625 36 2
e 625 206 2
e 625 372 1
e 625 549 3
e 625 626 2
e 625 636 1
e 626 624 2
e 626 627 2
e 626 631 2
e 627 628 1
e 627 629 1
e 628 629 1
e 631 632 1
e 631 633 1
e 632 633 1
e 634 11 1
e 634 15 1
e 634 635 1
e 636 11 2
e 636 48 2
e 636 392 12
e 636 637 2
e 636 639 1
e 636 640 1
e 636 759 1
e 636 761 1
e 636 763 1
e 636 765 1
e 636 767 1
e 636 769 1
e 636 771 1
e 636 772 1
e 636 773 1
e 636 774 1
e 636 775 1
e 636 776 1
e 637 3 1
e 637 159 1
e 637 638 1
e 639 11 1
e 639 48 1
e 639 638 2
e 639 641 1
e 640 11 1
e 640 48 1
e 640 643 1
e 641 11 1
e 641 392 1
e 641 642 1
e 644 177 1
e 644 645 1
e 645 7 1
e 645 177 1
e 645 623 1
e 645 659 1
e 646 11 1
e 646 15 1
e 646 629 2
e 646 630 2
e 646 633 2
e 646 647 1
e 647 11 1
e 647 15 1
e 647 634 1
e 648 11 2
e 648 36 1
e 648 649 1
e 648 753 1
e 649 11 2
e 649 36 1
e 649 549 2
e 649 646 2
e 650 36 2
e 650 48 1
e 650 54 2
e 650 392 1
e 650 625 2
e 650 651 1
e 650 657 2
e 651 10 1
e 651 11 1
e 651 54 1
e 651 650 1
e 652 54 1
e 652 372 1
e 653 11 1
e 653 24 1
e 653 51 1
e 653 53 1
e 653 654 1
e 654 24 2
e 654 53 1
e 654 240 1
e 654 241 1
e 654 246 1
e 654 250 1
e 654 252 1
e 654 264 1
e 654 266 1
e 654 270 1
e 654 650 1
e 655 11 1
e 655 48 1
e 655 648 1
e 656 7 2
e 656 30 2
e 656 622 2
e 656 657 2
e 657 30 2
e 657 622 2
e 658 11 1
e 658 36 1
e 658 549 1
e 658 635 1
e 659 7 1
e 659 623 1
e 660 11 2
e 660 48 1
e 660 661 1
e 661 11 2
e 661 36 1
e 661 444 1
e 661 658 1
e 662 9 1
e 662 11 1
e 662 15 1
e 662 663 1
e 662 665 1
e 663 9 1
e 663 10 1
e 663 11 1
e 663 291 1
e 663 672 1
e 664 10 1
e 664 174 1
e 664 662 1
e 666 6 1
e 666 667 1
e 667 7 1
e 667 671 1
e 668 10 1
e 668 11 2
e 668 669 1
e 668 673 2
e 669 174 1
e 669 664 1
e 670 7 1
e 670 667 1
e 670 671 1
e 672 666 2
e 673 5 1
e 673 20 1
e 675 99 1
e 675 676 1
e 677 11 2
e 677 874 2
e 678 10 1
e 678 11 2
e 678 45 1
e 678 48 1
e 678 49 1
e 678 54 1
e 678 318 1
e 678 679 1
e 679 11 2
e 679 45 1
e 679 48 1
e 679 54 2
e 679 682 1
e 680 11 4
e 680 31 2
e 680 32 2
e 680 48 2
e 680 54 2
e 680 681 2
e 681 11 2
e 681 48 2
e 681 54 2
e 681 170 2
e 681 456 2
e 682 9 2
e 682 11 4
e 682 54 2
e 682 680 2
e 682 823 1
e 682 831 1
e 683 11 2
e 683 48 2
e 683 54 2
e 683 684 2
e 684 11 3
e 684 54 2
e 684 318 1
e 684 678 1
e 685 10 1
e 685 11 1
e 685 549 1
e 686 10 1
e 686 11 1
e 686 544 1
e 687 10 1
e 687 11 1
e 687 553 1
e 688 10 1
e 688 11 1
e 688 546 1
e 689 10 1
e 689 11 1
e 689 34 1
e 689 36 1
e 690 9 1
e 690 36 2
e 690 449 2
e 690 516 1
e 690 691 2
e 691 156 2
e 691 449 2
e 692 318 2
e 693 2 2
e 693 3 2
e 693 694 2
e 694 3 3
e 694 162 1
e 694 696 2
e 695 10 2
e 695 11 2
e 695 153 2
e 695 156 2
e 695 291 2
e 695 578 2
e 695 691 4
e 695 693 2
e 695 696 2
e 696 11 2
e 697 54 1
e 698 54 1
e 699 10 2
e 699 11 2
e 699 48 2
e 699 54 1
e 700 3 3
e 700 160 1
e 700 162 1
e 700 694 1
e 701 11 1
e 701 34 2
e 701 54 1
e 701 170 2
e 701 440 1
e 702 11 1
e 702 48 1
e 702 578 2
e 702 703 2
e 702 706 1
e 703 11 1
e 703 48 1
e 703 707 1
e 704 11 1
e 704 48 1
e 704 578 2
e 704 702 2
e 704 705 1
e 705 578 2
e 705 706 2
e 707 54 1
e 707 174 1
e 707 578 1
e 707 703 1
e 707 706 1
e 708 44 2
e 708 709 2
e 709 54 1
e 709 853 1
e 710 9 1
e 710 10 1
e 710 11 3
e 710 51 1
e 710 53 1
e 710 77 2
e 710 95 1
e 710 408 1
e 710 835 1
e 711 2 1
e 711 3 1
e 711 712 1
e 711 713 1
e 711 714 1
e 712 2 1
e 712 3 3
e 712 713 1
e 712 714 1
e 713 3 1
e 713 714 1
e 715 6 2
e 715 844 2
e 716 11 2
e 716 75 2
e 716 77 2
e 716 80 2
e 716 469 2
e 717 11 2
e 717 75 2
e 717 77 2
e 717 398 2
e 717 710 2
e 718 107 1
e 718 110 1
e 718 217 1
e 718 255 1
e 718 258 1
e 719 7 2
e 719 17 1
e 719 20 1
e 719 26 1
e 719 28 1
e 719 30 1
e 719 100 1
e 719 102 1
e 720 9 1
e 720 291 1
e 720 721 1
e 721 729 2
e 722 9 1
e 722 11 1
e 722 36 1
e 722 720 1
e 722 735 2
e 723 236 1
e 723 724 1
e 724 7 1
e 724 725 1
e 724 727 1
e 724 728 1
e 725 7 1
e 725 236 1
e 725 726 1
e 725 728 1
e 726 7 1
e 726 156 1
e 726 727 1
e 726 728 1
e 727 7 2
e 727 156 1
e 727 725 1
e 727 728 2
e 728 7 2
e 728 156 1
e 729 3 1
e 729 730 1
e 729 731 1
e 729 732 1
e 730 3 1
e 730 731 1
e 730 732 1
e 731 3 1
e 731 732 1
e 732 3 1
e 733 30 1
e 733 734 1
e 733 735 1
e 734 30 1
e 734 735 1
e 735 30 1
e 736 36 1
e 736 60 1
e 736 722 1
e 736 733 2
e 736 737 1
e 737 36 1
e 737 722 1
e 737 734 2
e 738 10 1
e 738 54 1
e 738 739 1
e 738 740 1
e 739 10 1
e 739 54 2
e 739 738 1
e 739 740 1
e 739 741 1
e 740 11 1
e 740 48 1
e 740 742 2
e 740 744 1
e 741 10 1
e 741 11 1
e 741 54 1
e 741 335 1
e 741 738 1
e 742 7 1
e 742 178 1
e 742 743 1
e 743 7 2
e 743 30 1
e 743 350 2
e 743 744 1
e 744 11 2
e 744 36 1
e 744 747 1
e 745 10 1
e 745 53 1
e 745 54 1
e 745 739 1
e 746 10 1
e 746 11 2
e 746 36 1
e 746 174 1
e 746 335 1
e 746 748 1
e 747 36 1
e 747 350 1
e 747 743 1
e 747 744 1
e 748 11 1
e 748 51 1
e 748 53 1
e 748 174 1
e 748 745 1
e 749 70 1
e 749 750 1
e 749 751 1
e 750 11 2
e 750 54 2
e 750 751 1
e 750 827 2
e 751 11 1
e 751 740 1
e 752 54 1
e 752 648 1
e 752 753 1
e 752 756 1
e 754 11 3
e 754 24 2
e 754 48 1
e 754 755 1
e 754 779 1
e 754 780 1
e 754 784 1
e 755 54 1
e 755 648 1
e 755 754 1
e 755 758 1
e 756 10 1
e 756 11 3
e 756 24 2
e 756 48 1
e 756 53 1
e 756 752 1
e 756 754 1
e 756 781 1
e 756 782 1
e 756 784 1
e 757 9 1
e 757 11 1
e 757 24 1
e 757 51 1
e 757 53 1
e 757 756 1
e 758 648 1
e 759 11 1
e 759 440 1
e 759 760 1
e 760 392 1
e 760 636 1
e 760 771 1
e 761 11 1
e 761 440 1
e 761 762 1
e 762 392 1
e 762 636 1
e 762 772 1
e 763 11 1
e 763 440 1
e 763 764 1
e 764 392 1
e 764 636 1
e 764 773 1
e 765 11 1
e 765 440 1
e 765 766 1
e 766 392 1
e 766 636 1
e 766 774 1
e 767 11 1
e 767 440 1
e 767 768 1
e 768 392 1
e 768 636 1
e 768 775 1
e 769 11 1
e 769 440 1
e 769 770 1
e 770 392 1
e 770 636 1
e 770 776 1
e 777 10 1
e 777 53 1
e 777 392 1
e 777 636 1
e 777 759 1
e 778 10 1
e 778 53 1
e 778 392 1
e 778 636 1
e 778 761 1
e 779 10 2
e 779 11 2
e 779 24 1
e 779 51 1
e 779 53 2
e 779 291 1
e 779 392 1
e 779 636 1
e 779 763 1
e 779 777 1
e 780 10 2
e 780 11 2
e 780 24 1
e 780 51 1
e 780 53 2
e 780 291 1
e 780 392 1
e 780 636 1
e 780 765 1
e 780 778 1
e 781 10 2
e 781 11 3
e 781 24 1
e 781 51 2
e 781 53 2
e 781 291 2
e 781 392 1
e 781 636 1
e 781 767 1
e 781 779 1
e 781 785 1
e 782 10 2
e 782 11 3
e 782 24 1
e 782 51 2
e 782 53 2
e 782 291 2
e 782 392 1
e 782 636 1
e 782 769 1
e 782 780 1
e 782 786 1
e 783 11 2
e 783 24 2
e 783 754 1
e 783 756 1
e 783 779 1
e 783 781 1
e 784 11 2
e 784 24 2
e 784 780 1
e 784 782 1
e 785 10 1
e 785 53 1
e 786 10 1
e 786 53 1
e 787 70 1
e 787 73 1
e 788 11 1
e 788 36 2
e 788 51 1
e 788 53 1
e 788 789 1
e 789 791 2
e 790 617 1
e 790 791 1
e 790 792 1
e 790 793 1
e 791 617 1
e 791 792 1
e 791 793 1
e 792 617 1
e 792 793 1
e 792 799 2
e 793 617 1
e 794 10 1
e 794 11 2
e 794 15 2
e 794 795 1
e 794 807 1
e 795 11 1
e 795 808 1
e 796 11 4
e 796 32 1
e 796 48 2
e 796 69 1
e 796 440 1
e 796 446 1
e 796 797 1
e 797 9 1
e 797 32 1
e 797 48 2
e 797 54 1
e 797 802 1
e 798 11 6
e 798 48 1
e 798 51 2
e 798 53 2
e 798 69 1
e 798 369 1
e 798 440 1
e 798 446 1
e 798 796 4
e 798 805 2
e 799 800 1
e 800 10 1
e 800 51 1
e 800 53 1
e 800 291 1
e 800 335 1
e 800 801 1
e 801 10 1
e 801 11 1
e 801 51 1
e 801 53 2
e 801 335 1
e 801 812 1
e 802 36 2
e 802 54 1
e 802 788 1
e 802 803 2
e 802 806 1
e 803 36 1
e 803 802 1
e 803 806 1
e 804 6 2
e 804 17 2
e 804 293 2
e 805 10 2
e 805 21 2
e 805 51 2
e 805 294 2
e 805 804 2
e 806 36 2
e 806 788 1
e 806 802 1
e 807 10 2
e 807 11 1
e 807 53 1
e 807 816 2
e 808 10 1
e 808 11 1
e 808 51 1
e 808 53 1
e 808 291 1
e 808 809 1
e 809 10 2
e 809 11 1
e 809 51 1
e 809 53 2
e 809 291 1
e 809 807 1
e 810 10 1
e 810 11 1
e 810 51 1
e 810 53 2
e 810 291 1
e 810 811 1
e 811 9 1
e 811 11 1
e 811 77 1
e 811 814 1
e 812 10 1
e 812 11 1
e 812 51 1
e 812 53 2
e 812 291 1
e 812 813 1
e 813 9 1
e 813 10 1
e 813 11 1
e 813 53 1
e 813 75 1
e 813 77 1
e 813 815 1
e 814 53 1
e 814 794 1
e 815 9 1
e 815 11 2
e 815 51 1
e 815 53 1
e 815 77 1
e 815 810 1
e 816 442 1
e 816 617 1
e 816 619 1
e 816 817 1
e 817 617 1
e 817 855 2
e 818 11 1
e 818 36 1
e 818 48 1
e 818 819 1
e 818 820 1
e 819 9 2
e 819 10 2
e 819 11 2
e 819 36 1
e 819 48 1
e 819 60 2
e 819 95 2
e 819 174 2
e 819 820 1
e 820 48 2
e 820 54 1
e 820 821 2
e 820 822 1
e 821 48 1
e 821 825 1
e 822 11 2
e 822 34 1
e 822 821 1
e 822 823 1
e 822 824 1
e 823 11 2
e 823 32 1
e 823 48 1
e 823 54 1
e 823 824 1
e 823 830 1
e 823 831 1
e 824 11 2
e 824 32 1
e 824 48 1
e 824 819 1
e 826 750 1
e 826 827 1
e 827 11 1
e 827 822 1
e 828 750 1
e 828 827 1
e 828 829 1
e 829 11 113
e 829 13 1
e 829 16 2
e 829 31 2
e 829 44 2
e 829 45 2
e 829 49 2
e 829 50 2
e 829 54 3
e 829 55 2
e 829 60 1
e 829 64 1
e 829 71 1
e 829 79 1
e 829 95 2
e 829 115 2
e 829 123 1
e 829 126 1
e 829 127 2
e 829 139 2
e 829 166 2
e 829 170 2
e 829 171 2
e 829 201 2
e 829 206 2
e 829 212 2
e 829 215 1
e 829 363 1
e 829 364 1
e 829 366 1
e 829 370 1
e 829 372 1
e 829 374 1
e 829 381 1
e 829 408 2
e 829 461 2
e 829 486 1
e 829 531 1
e 829 533 1
e 829 534 1
e 829 535 1
e 829 537 2
e 829 538 1
e 829 539 1
e 829 540 2
e 829 541 1
e 829 542 1
e 829 543 1
e 829 548 1
e 829 550 1
e 829 552 1
e 829 554 1
e 829 562 1
e 829 563 1
e 829 568 1
e 829 585 2
e 829 598 2
e 829 605 2
e 829 608 1
e 829 609 2
e 829 660 1
e 829 668 1
e 829 677 2
e 829 740 1
e 829 750 3
e 829 751 1
e 829 822 1
e 829 827 2
e 829 835 2
e 829 840 2
e 829 861 1
e 829 863 2
e 829 864 2
e 829 865 1
e 829 866 2
e 829 867 1
e 829 868 2
e 829 869 2
e 829 871 2
e 829 872 2
e 829 873 1
e 829 874 2
e 829 875 2
e 829 876 1
e 829 877 2
e 829 880 1
e 829 882 2
e 829 885 1
e 829 886 1
e 829 887 1
e 829 888 2
e 829 889 2
e 829 890 2
e 829 891 2
e 829 892 1
e 829 894 2
e 829 899 1
e 829 900 2
e 829 901 2
e 829 902 1
e 829 903 1
e 829 904 2
e 829 905 1
e 829 906 1
e 829 907 2
e 829 908 1
e 829 909 2
e 829 910 2
e 829 911 2
e 829 912 2
e 829 913 2
e 829 914 2
e 829 915 2
e 829 916 1
e 829 917 1
e 829 918 2
e 829 919 2
e 829 920 2
e 829 921 2
e 830 11 1
e 830 32 1
e 830 48 2
e 830 818 1
e 831 54 1
e 831 346 2
e 832 28 1
e 832 30 1
e 832 412 1
e 832 833 1
e 832 834 1
e 832 838 1
e 833 28 1
e 833 30 1
e 833 834 1
e 835 7 2
e 835 34 1
e 835 36 1
e 835 174 1
e 835 471 1
e 835 832 2
e 835 836 1
e 835 837 1
e 836 34 1
e 836 36 1
e 836 837 1
e 838 5 1
e 838 7 1
e 838 59 1
e 838 412 1
e 838 1050 1
e 839 11 2
e 839 44 2
e 839 77 2
e 839 840 2
e 840 7 2
e 840 34 1
e 840 36 1
e 840 77 2
e 840 845 2
e 840 848 1
e 840 849 1
e 841 10 2
e 841 11 2
e 841 34 2
e 841 36 2
e 841 45 2
e 841 51 2
e 841 53 3
e 841 75 1
e 841 839 2
e 842 5 2
e 842 843 2
e 843 5 2
e 843 851 1
e 844 6 4
e 844 850 2
e 845 28 1
e 845 30 1
e 845 846 1
e 845 847 1
e 846 28 1
e 846 30 1
e 846 847 1
e 847 30 1
e 848 34 1
e 848 36 1
e 848 849 1
e 849 36 1
e 850 7 2
e 850 101 2
e 850 102 2
e 850 842 2
e 851 44 2
e 851 45 2
e 851 852 2
e 852 11 2
e 852 32 2
e 852 34 2
e 852 36 2
e 852 44 2
e 852 51 1
e 852 53 1
e 852 75 1
e 852 77 1
e 852 841 2
e 853 54 1
e 854 443 2
e 856 794 2
e 857 858 2
e 858 53 1
e 858 860 1
e 859 860 2
e 860 11 1
e 860 77 1
e 860 1061 1
e 861 11 1
e 861 534 1
e 862 508 2
e 863 11 2
e 863 864 2
e 864 7 2
e 864 34 1
e 864 36 1
e 864 45 2
e 864 601 2
e 864 969 2
e 864 1042 1
e 865 11 1
e 865 531 1
e 866 11 2
e 866 171 2
e 867 11 1
e 867 533 1
e 868 11 2
e 868 869 2
e 869 7 2
e 869 34 1
e 869 36 1
e 869 45 2
e 869 111 2
e 869 970 2
e 869 989 2
e 869 994 2
e 869 1001 1
e 870 247 1
e 871 11 2
e 871 872 2
e 872 7 2
e 872 34 1
e 872 36 1
e 872 971 2
e 872 1005 1
e 872 1007 1
e 873 11 1
e 873 64 1
e 875 11 2
e 875 835 2
e 876 11 1
e 876 548 1
e 877 11 2
e 877 115 2
e 878 78 2
e 879 125 1
e 880 11 1
e 880 123 1
e 881 204 1
e 882 11 2
e 882 206 2
e 883 76 2
e 884 74 2
e 885 11 1
e 885 562 1
e 886 11 1
e 886 60 1
e 887 11 1
e 887 126 1
e 888 11 2
e 888 127 2
e 889 11 2
e 889 598 2
e 890 11 2
e 890 891 2
e 891 34 1
e 891 36 1
e 891 45 2
e 891 1016 2
e 891 1021 1
e 891 1022 1
e 892 11 1
e 892 568 1
e 893 210 2
e 894 11 2
e 894 139 2
e 895 263 1
e 896 265 1
e 897 235 1
e 898 291 2
e 899 11 1
e 899 215 1
e 900 11 2
e 900 901 2
e 902 11 1
e 902 903 1
e 904 11 2
e 904 16 2
e 905 11 1
e 905 370 1
e 906 11 1
e 906 374 1
e 907 11 2
e 907 585 4
e 907 960 2
e 908 11 1
e 908 366 1
e 909 11 2
e 909 840 2
e 910 11 2
e 910 911 2
e 911 34 1
e 911 36 1
e 911 45 2
e 911 1044 2
e 911 1048 1
e 911 1049 1
e 912 11 2
e 912 913 2
e 914 11 2
e 914 915 2
e 916 11 1
e 916 538 1
e 917 11 1
e 917 372 1
e 918 11 2
e 918 919 2
e 919 34 1
e 919 36 1
e 919 45 2
e 919 982 2
e 919 1059 1
e 919 1060 1
e 920 11 2
e 920 537 2
e 921 11 2
e 921 461 2
e 922 269 1
e 923 243 1
e 924 11 2
e 924 540 2
e 924 829 2
e 925 579 1
e 926 11 1
e 926 541 1
e 926 829 1
e 927 11 2
e 927 408 2
e 927 829 2
e 929 11 2
e 929 45 2
e 929 829 2
e 930 11 2
e 930 49 2
e 930 829 2
e 931 831 2
e 932 376 2
e 933 11 1
e 933 363 1
e 933 829 1
e 934 11 2
e 934 170 2
e 934 829 2
e 935 335 2
e 936 717 2
e 937 855 2
e 938 11 1
e 938 554 1
e 938 829 1
e 939 558 2
e 940 11 1
e 940 535 1
e 940 829 1
e 941 11 1
e 941 539 1
e 941 829 1
e 942 11 1
e 942 552 1
e 942 829 1
e 943 11 2
e 943 605 2
e 943 829 2
e 944 11 1
e 944 542 1
e 944 829 1
e 945 11 1
e 945 550 1
e 945 829 1
e 946 11 2
e 946 212 2
e 946 829 2
e 947 11 1
e 947 563 1
e 947 829 1
e 948 22 2
e 949 9 2
e 950 11 2
e 950 201 2
e 950 829 2
e 951 11 1
e 951 660 1
e 951 829 1
e 952 11 1
e 952 608 1
e 952 829 1
e 953 11 2
e 953 166 2
e 953 829 2
e 954 118 2
e 955 120 2
e 956 11 1
e 956 13 1
e 956 829 1
e 957 467 1
e 958 466 1
e 959 11 2
e 959 55 2
e 959 829 2
e 960 11 2
e 960 44 2
e 960 585 2
e 960 829 2
e 961 11 1
e 961 486 1
e 961 829 1
e 962 11 1
e 962 543 1
e 962 829 1
e 963 11 2
e 963 95 2
e 963 829 2
e 964 710 2
e 965 11 1
e 965 381 1
e 965 829 1
e 966 119 2
e 967 11 2
e 967 609 2
e 967 829 2
e 968 11 1
e 968 668 1
e 968 829 1
e 969 28 1
e 969 30 1
e 969 1040 1
e 970 28 1
e 970 30 1
e 970 42 2
e 970 990 2
e 970 999 1
e 971 28 1
e 971 30 1
e 971 1003 1
e 972 42 1
e 972 54 2
e 972 177 2
e 972 973 3
e 973 177 2
e 974 11 2
e 974 28 1
e 974 30 1
e 974 891 2
e 974 1019 1
e 974 1020 1
e 975 44 2
e 975 842 2
e 976 100 1
e 976 102 1
e 977 11 1
e 977 51 1
e 977 53 1
e 977 507 1
e 977 978 2
e 978 7 2
e 978 99 1
e 978 100 1
e 978 101 1
e 978 102 1
e 978 976 2
e 979 6 1
e 979 177 1
e 979 980 1
e 979 993 1
e 980 97 2
e 980 177 1
e 980 197 2
e 980 993 1
e 982 45 2
e 982 983 2
e 983 6 1
e 983 42 2
e 984 6 2
e 984 7 1
e 984 17 1
e 984 20 1
e 984 988 1
e 985 9 1
e 985 11 2
e 985 77 1
e 985 986 2
e 985 1044 1
e 986 5 1
e 986 7 1
e 986 1043 1
e 987 11 1
e 987 24 1
e 987 988 2
e 988 7 1
e 988 20 1
e 989 7 2
e 989 9 3
e 989 11 4
e 989 44 1
e 989 45 3
e 989 51 1
e 989 77 1
e 989 111 2
e 989 291 1
e 989 869 1
e 989 990 2
e 989 997 2
e 989 1031 1
e 990 7 2
e 990 42 2
e 991 723 2
e 991 731 2
e 992 54 2
e 992 993 2
e 992 1033 1
e 993 177 1
e 994 39 2
e 994 997 2
e 995 272 1
e 995 274 1
e 995 278 1
e 995 309 1
e 996 11 1
e 996 32 1
e 996 48 1
e 996 111 8
e 996 255 1
e 996 268 1
e 996 272 1
e 996 274 1
e 996 278 1
e 996 309 1
e 996 310 1
e 996 311 1
e 996 995 7
e 997 39 2
e 997 111 2
e 998 28 1
e 998 30 1
e 998 970 1
e 998 999 1
e 1000 34 1
e 1000 36 1
e 1000 869 1
e 1000 1001 1
e 1002 28 1
e 1002 30 1
e 1002 971 1
e 1002 1003 1
e 1004 34 1
e 1004 36 1
e 1004 872 1
e 1004 1005 1
e 1006 9 1
e 1006 10 2
e 1006 206 1
e 1006 419 1
e 1006 872 1
e 1007 10 1
e 1007 11 1
e 1007 335 1
e 1007 1027 1
e 1008 10 1
e 1008 11 1
e 1008 24 1
e 1008 291 1
e 1008 578 2
e 1008 582 1
e 1008 1018 2
e 1009 11 1
e 1009 48 1
e 1009 1010 1
e 1010 54 1
e 1010 1012 1
e 1011 10 1
e 1011 11 1
e 1011 51 1
e 1011 53 1
e 1011 1009 1
e 1012 54 2
e 1012 352 1
e 1013 1014 1
e 1014 9 1
e 1014 10 1
e 1014 11 1
e 1014 1006 1
e 1015 9 3
e 1015 10 1
e 1015 51 1
e 1015 77 1
e 1015 989 2
e 1015 1016 1
e 1017 10 1
e 1017 11 1
e 1017 24 1
e 1017 291 1
e 1017 578 1
e 1017 1008 1
e 1017 1018 1
e 1018 578 2
e 1018 582 1
e 1019 28 1
e 1019 30 1
e 1019 1020 1
e 1020 30 1
e 1021 34 1
e 1021 36 1
e 1021 1022 1
e 1022 36 1
e 1023 9 1
e 1023 11 2
e 1023 1024 1
e 1024 9 1
e 1024 10 1
e 1024 11 1
e 1024 75 1
e 1024 77 1
e 1024 1037 1
e 1025 11 1
e 1025 1026 1
e 1026 10 1
e 1026 11 1
e 1026 170 1
e 1026 1032 1
e 1027 10 2
e 1027 11 3
e 1027 51 1
e 1027 53 1
e 1027 55 1
e 1027 291 1
e 1027 335 1
e 1027 391 1
e 1027 1028 1
e 1028 53 1
e 1028 55 1
e 1028 1030 1
e 1029 9 2
e 1029 977 2
e 1030 11 1
e 1030 55 1
e 1030 291 1
e 1030 1023 1
e 1031 11 1
e 1031 291 1
e 1031 1025 1
e 1032 11 1
e 1032 170 1
e 1033 10 1
e 1033 54 1
e 1033 1011 1
e 1034 174 1
e 1034 507 1
e 1035 174 1
e 1035 1036 1
e 1037 11 1
e 1037 77 1
e 1038 11 1
e 1038 77 1
e 1038 1036 1
e 1039 28 1
e 1039 30 1
e 1039 969 1
e 1039 1040 1
e 1041 34 1
e 1041 36 1
e 1041 864 1
e 1041 1042 1
e 1043 5 1
e 1043 42 2
e 1044 9 1
e 1044 45 2
e 1045 28 1
e 1045 30 1
e 1045 42 2
e 1045 1043 2
e 1045 1046 1
e 1045 1047 1
e 1046 28 1
e 1046 30 1
e 1046 1047 1
e 1047 30 1
e 1048 34 1
e 1048 36 1
e 1048 1049 1
e 1049 36 1
e 1050 5 1
e 1050 7 1
e 1050 99 1
e 1050 100 1
e 1050 1051 1
e 1051 6 1
e 1051 99 1
e 1051 983 1
e 1052 5 1
e 1052 7 1
e 1052 99 1
e 1052 100 1
e 1052 1053 1
e 1053 6 1
e 1053 99 1
e 1053 984 1
e 1054 10 4
e 1054 987 2
e 1055 10 2
e 1055 11 1
e 1055 75 1
e 1055 77 1
e 1055 985 1
e 1055 1054 2
e 1056 28 1
e 1056 30 1
e 1056 42 2
e 1056 983 2
e 1056 1057 1
e 1056 1058 1
e 1057 28 1
e 1057 30 1
e 1057 1058 1
e 1058 30 1
e 1059 34 1
e 1059 36 1
e 1059 1060 1
e 1060 36 1
e 1061 11 1
e 1061 48 1
e 1061 612 1
