140 731
0 104
0 47
0 51
0 49
0 36
0 95
0 139
0 43
0 42
0 41
0 129
0 90
0 130
1 77
1 111
1 86
1 116
1 71
1 121
1 81
1 123
1 75
1 32
2 5
2 145
2 106
3 107
3 68
3 118
3 74
5 145
5 106
6 18
6 141
6 101
6 23
6 132
6 99
6 24
6 66
6 76
6 114
6 94
7 73
7 64
7 122
7 52
7 21
7 105
7 12
7 96
7 135
7 127
7 92
7 138
7 70
7 91
7 15
7 28
7 88
8 36
8 133
8 25
8 78
8 19
8 149
8 103
8 61
8 64
8 107
8 9
8 82
8 40
8 89
8 18
9 42
9 78
9 19
9 149
9 64
9 107
9 89
9 82
9 18
9 40
9 103
9 61
10 72
10 67
10 125
10 108
10 54
10 37
10 27
10 85
10 93
10 58
10 14
10 140
10 48
11 14
11 71
11 16
11 142
11 144
11 30
11 148
11 56
11 119
11 20
12 52
12 96
12 28
12 127
12 88
12 92
12 15
12 138
12 70
12 91
12 105
12 135
12 21
13 53
13 29
13 128
13 22
13 65
14 71
14 72
14 67
14 125
14 108
14 54
14 37
14 85
14 93
14 58
14 48
14 27
14 140
15 68
15 127
15 52
15 28
15 70
15 105
15 92
15 88
15 96
15 135
15 21
15 138
15 91
16 119
16 142
16 56
16 30
16 148
16 144
17 79
17 134
17 33
17 39
17 45
17 69
17 131
17 83
17 60
17 117
18 95
18 101
18 78
18 19
18 149
18 103
18 61
18 64
18 89
18 82
18 40
18 107
19 95
19 78
19 64
19 82
19 103
19 107
19 61
19 89
19 40
19 149
20 30
20 148
20 142
20 144
20 56
20 119
21 52
21 96
21 28
21 127
21 70
21 91
21 135
21 105
21 92
21 88
21 138
22 53
22 29
22 65
22 128
23 101
23 114
23 76
23 99
23 94
23 132
23 24
23 66
24 141
24 101
24 132
24 99
24 114
24 76
24 66
24 94
25 78
26 59
26 110
26 55
27 72
27 67
27 125
27 108
27 54
27 37
27 85
27 93
27 48
27 58
27 140
28 64
28 127
28 135
28 96
28 91
28 70
28 88
28 92
28 138
29 53
29 128
29 65
30 142
30 144
30 119
30 148
30 56
32 34
32 77
32 75
32 111
32 86
32 116
32 71
32 123
32 81
32 121
33 69
33 79
33 134
33 131
33 39
33 117
33 60
33 83
33 45
34 111
35 102
35 136
35 147
35 113
35 112
35 137
35 126
35 44
35 115
35 124
36 149
36 133
36 134
36 51
36 38
36 47
36 49
36 42
36 104
36 90
36 139
36 41
36 130
36 95
36 43
36 129
37 67
37 125
37 54
37 85
37 48
37 93
37 72
37 108
37 140
37 58
38 49
38 100
38 50
38 143
38 133
38 97
39 110
39 69
39 134
39 131
39 79
39 60
39 117
39 45
40 94
40 99
40 78
40 149
40 103
40 61
40 64
40 82
40 107
40 89
41 47
41 51
41 49
41 95
41 42
41 43
41 90
41 129
41 104
41 139
41 130
42 111
42 89
42 123
42 47
42 51
42 95
42 43
42 104
42 49
42 139
42 90
42 130
42 129
43 117
43 51
43 49
43 95
43 129
43 139
43 90
43 104
43 130
43 47
44 102
44 137
44 126
44 136
44 112
44 124
44 113
44 147
44 115
45 69
45 79
45 134
45 131
45 60
45 117
45 83
47 139
47 49
47 129
47 90
47 95
47 51
47 130
47 104
48 71
48 94
48 72
48 67
48 108
48 54
48 85
48 93
48 125
48 58
48 140
49 51
49 129
49 130
49 139
49 90
49 95
50 100
50 143
50 133
50 97
51 117
51 129
51 130
51 90
51 95
51 104
51 139
52 68
52 135
52 88
52 105
52 138
52 92
52 96
52 127
52 91
53 128
53 65
54 72
54 67
54 125
54 108
54 85
54 140
54 58
54 93
55 59
55 110
56 142
56 144
56 148
56 119
58 67
58 108
58 85
58 93
58 72
58 125
58 140
59 110
60 69
60 134
60 131
60 83
60 79
60 117
61 132
61 149
61 103
61 89
61 107
61 78
61 82
61 64
63 83
63 117
63 120
63 98
64 132
64 103
64 149
64 78
64 82
64 107
64 89
65 81
65 83
65 128
66 85
66 67
66 111
66 141
66 101
66 132
66 99
66 76
66 114
66 94
67 104
67 72
67 85
67 140
67 93
67 108
67 125
68 90
68 130
68 74
68 118
69 110
69 83
69 131
69 134
69 79
69 117
70 88
70 96
70 127
70 92
70 105
70 91
70 138
70 135
71 93
71 94
71 82
71 77
71 75
71 111
71 116
71 81
71 121
71 123
72 125
72 85
72 108
72 140
72 93
73 105
74 107
74 118
75 77
75 121
75 81
75 86
75 111
76 141
76 101
76 132
76 99
76 94
76 114
77 123
77 116
77 121
77 81
77 111
77 86
78 103
78 107
78 82
78 149
78 89
79 117
79 83
79 134
79 131
81 83
81 111
81 86
81 116
81 123
81 121
82 121
82 94
82 149
82 103
82 107
82 89
83 134
83 131
83 117
85 125
85 108
85 93
85 140
86 114
86 94
86 111
86 116
86 121
86 123
88 127
88 105
88 135
88 138
88 91
88 92
88 96
89 103
89 107
89 149
90 129
90 139
90 95
90 104
90 130
91 127
91 105
91 92
91 138
91 135
91 96
92 96
92 127
92 105
92 135
92 138
93 125
93 108
93 140
94 141
94 101
94 132
94 99
94 114
95 133
95 104
95 129
95 130
95 139
96 105
96 138
96 127
96 135
97 100
97 143
97 133
98 120
99 113
99 147
99 141
99 101
99 132
99 114
100 143
100 133
101 141
101 114
101 132
102 137
102 112
102 136
102 147
102 126
102 115
102 124
102 113
103 149
103 107
104 140
104 139
104 130
105 108
105 135
105 127
105 138
106 145
107 149
108 138
108 125
108 140
110 147
110 124
111 141
111 116
111 123
111 121
112 124
112 126
112 113
112 147
112 137
112 136
112 115
113 124
113 136
113 115
113 137
113 147
113 126
114 132
114 141
115 124
115 136
115 137
115 126
115 147
116 123
117 134
117 131
119 142
119 144
119 148
121 123
122 148
122 135
122 144
124 137
124 126
124 136
124 147
125 140
126 136
126 137
126 147
127 138
127 135
129 130
130 139
131 134
132 141
133 134
133 143
135 138
136 137
136 147
137 147
142 148
142 144
144 148
