69 208
1 47
1 5
1 44
1 25
1 38
1 96
1 56
1 14
1 78
1 41
1 10
1 92
1 97
5 31
5 47
5 15
5 70
5 60
5 39
5 51
5 7
5 54
6 68
6 52
6 57
6 72
6 88
7 15
7 70
7 39
7 54
7 51
7 60
10 96
10 38
10 56
10 78
10 41
10 97
10 92
10 14
13 20
13 82
14 44
14 38
14 96
14 56
14 41
14 92
14 97
14 78
15 60
15 39
15 54
15 70
15 51
16 33
16 25
16 27
16 80
16 81
16 24
16 44
16 40
16 84
18 50
18 79
18 62
18 28
20 29
20 30
20 82
21 36
21 25
21 63
21 59
21 85
21 91
21 48
21 74
22 76
22 25
23 46
23 87
24 77
24 81
24 44
24 27
24 84
25 76
25 44
25 29
25 85
25 59
25 48
25 91
25 74
25 63
27 80
27 81
27 44
27 40
27 84
28 62
29 44
29 30
29 42
29 32
29 86
30 44
30 86
30 42
30 32
31 70
32 86
32 42
33 40
33 66
33 75
34 65
34 71
34 36
34 95
36 63
36 95
36 71
36 65
38 41
38 56
38 92
38 96
38 78
38 97
39 77
39 70
39 51
39 60
39 54
40 44
40 80
40 84
40 81
41 96
41 56
41 78
41 92
41 97
42 86
44 96
44 78
44 77
44 80
44 81
44 84
46 87
48 59
48 63
48 91
48 85
48 74
50 79
51 70
51 60
51 54
52 68
52 72
52 88
52 57
54 70
54 60
56 96
56 92
56 78
56 97
57 88
57 72
57 68
59 63
59 91
59 85
59 74
60 70
63 66
63 91
63 74
63 85
65 95
65 71
66 85
66 75
68 72
68 88
70 77
71 95
72 88
74 85
74 91
75 85
78 96
78 97
78 92
80 84
80 81
81 84
85 91
92 96
92 97
96 97
