1000 7927
0 558
0 385
0 420
0 123
0 6
0 729
0 350
0 945
0 927
0 405
0 91
0 624
0 813
0 359
0 245
0 700
0 656
0 738
0 699
0 977
1 922
1 425
1 105
1 719
1 370
1 714
1 648
1 493
1 187
1 330
1 614
1 160
1 208
1 161
1 3
1 531
1 429
1 585
1 932
1 441
1 623
1 875
2 284
2 715
2 222
2 110
2 167
2 291
2 560
2 121
2 329
2 635
2 437
2 49
2 874
2 108
2 963
3 922
3 105
3 719
3 714
3 648
3 531
3 493
3 187
3 330
3 614
3 875
3 585
3 441
3 425
3 370
3 429
3 623
3 208
3 932
3 160
4 896
4 286
4 171
4 357
4 56
4 931
4 868
4 601
4 496
4 929
4 567
4 209
4 72
4 393
4 494
4 586
4 363
4 210
4 449
4 540
4 808
4 820
4 234
5 759
5 867
5 893
5 984
5 543
5 475
5 806
5 870
5 218
6 385
6 420
6 405
6 729
6 91
6 350
6 813
6 945
6 656
6 558
6 461
6 410
6 927
6 699
6 738
6 624
6 523
6 700
6 245
6 359
6 977
7 263
7 834
7 968
7 142
7 760
7 612
7 371
7 973
7 980
7 169
7 311
8 579
8 113
8 596
8 349
8 795
8 80
8 698
8 381
8 803
8 671
8 257
8 98
8 801
8 379
8 910
8 636
8 584
9 758
9 155
9 775
9 317
9 707
9 578
9 469
9 307
9 857
9 294
9 909
9 553
9 661
9 752
9 168
9 564
9 864
9 283
9 554
9 702
9 732
9 131
10 279
10 264
10 369
10 471
10 872
10 696
10 224
10 925
10 617
10 137
10 948
10 520
10 293
10 727
10 361
10 768
10 13
10 443
10 537
10 505
11 847
11 593
11 384
11 276
11 135
11 365
11 654
11 152
11 923
11 426
11 175
11 824
11 165
12 526
12 668
12 325
12 809
12 490
12 949
12 965
12 130
12 258
12 694
12 450
12 983
12 140
12 713
12 253
12 204
12 569
12 944
12 616
12 967
13 925
13 264
13 137
13 443
13 617
13 727
13 46
13 520
13 872
13 279
13 471
13 369
13 948
13 537
13 768
13 696
13 505
13 361
14 256
14 544
14 815
14 568
14 720
14 251
14 418
14 860
14 83
14 383
15 718
15 39
15 530
15 267
15 629
15 203
15 916
15 786
16 411
16 677
16 335
16 181
16 178
16 767
17 539
17 106
17 240
17 565
17 50
17 908
17 356
17 723
17 657
17 952
17 887
17 964
17 275
17 153
17 44
17 352
17 822
17 982
17 116
17 884
17 789
18 847
18 426
18 384
18 276
18 135
18 175
18 654
18 152
18 761
18 593
18 824
18 60
18 923
19 138
19 107
19 989
19 705
19 125
19 695
19 201
19 321
20 902
20 960
20 292
20 476
20 315
20 323
20 666
20 777
20 262
20 802
20 119
20 626
20 58
20 818
20 599
20 947
20 472
20 163
20 793
21 197
21 515
21 781
21 382
21 398
21 503
21 930
21 550
21 312
21 52
21 96
21 535
21 541
21 270
21 217
21 162
21 465
22 670
22 479
22 62
22 57
22 894
22 774
22 501
22 86
22 499
22 246
22 244
22 848
22 481
22 34
22 402
22 771
22 770
23 290
23 954
23 309
23 895
24 897
24 65
24 271
24 804
24 682
24 452
24 474
24 551
24 341
24 37
24 672
24 173
24 241
24 394
24 66
25 823
25 618
25 360
25 272
25 978
25 81
25 577
25 504
25 401
25 942
25 467
25 73
25 375
25 156
25 299
25 545
25 791
25 132
25 424
25 265
26 45
26 223
26 538
26 88
26 314
26 281
26 158
26 154
26 453
26 188
26 790
26 716
26 607
26 610
26 576
26 128
26 740
26 491
26 746
26 508
26 689
26 423
26 651
27 202
27 343
27 159
27 905
28 342
28 85
28 678
28 663
28 562
28 836
28 42
29 374
29 828
29 324
29 521
29 946
29 180
29 144
29 304
29 101
29 969
29 821
29 851
29 763
29 620
29 306
29 427
30 237
30 634
30 838
30 111
30 141
31 339
31 35
31 997
31 876
31 863
31 600
31 725
31 934
31 164
31 512
31 575
31 970
31 232
31 150
31 994
31 598
31 454
31 563
31 653
31 148
31 985
31 937
31 419
32 975
32 206
32 231
32 468
32 966
32 280
32 261
32 527
32 462
32 302
32 104
32 622
33 971
33 457
33 112
33 957
33 41
33 845
33 139
34 479
34 402
34 62
34 440
34 57
34 894
34 848
34 774
34 501
34 86
34 246
34 244
34 481
34 670
34 770
34 771
34 499
35 934
35 997
35 863
35 598
35 454
35 150
35 937
35 985
35 725
35 232
35 653
35 970
35 148
35 419
35 575
35 563
35 339
35 890
35 876
35 600
35 512
35 994
36 149
36 710
36 288
36 344
36 483
36 557
36 744
36 225
36 959
36 628
36 613
36 747
36 641
36 839
36 730
36 61
36 956
36 59
36 399
36 228
36 856
36 921
36 559
37 173
37 241
37 271
37 551
37 377
37 452
37 672
37 394
37 341
37 682
37 66
37 65
38 571
38 840
38 936
38 63
38 674
38 687
38 53
38 883
38 328
38 183
38 814
38 779
38 993
38 691
38 605
38 122
38 680
38 69
38 436
38 519
38 797
38 647
38 877
38 255
39 718
39 786
39 916
39 756
39 530
39 267
39 203
40 986
40 892
40 951
40 536
40 422
40 236
40 709
40 103
40 681
41 845
41 971
41 112
41 457
41 139
41 957
42 342
42 85
42 562
42 836
42 678
42 663
43 901
43 470
43 99
43 487
43 879
43 47
43 147
43 639
43 273
43 229
43 94
44 539
44 106
44 240
44 565
44 356
44 723
44 952
44 887
44 964
44 153
44 116
44 352
44 822
44 884
44 982
44 275
44 336
44 50
44 908
44 657
44 789
45 453
45 716
45 423
45 314
45 651
45 154
45 158
45 610
45 188
45 128
45 281
45 607
45 689
45 790
45 538
45 88
45 491
45 508
45 576
45 740
45 746
46 279
46 925
46 293
46 264
46 137
46 224
46 443
46 537
46 768
46 369
46 617
46 696
46 520
46 361
46 872
46 948
46 727
47 470
47 99
47 879
47 190
47 94
47 487
47 901
47 273
47 639
47 147
47 229
48 625
48 852
48 277
48 182
48 741
48 679
48 841
48 415
48 492
48 772
48 79
48 373
48 918
48 787
49 284
49 715
49 167
49 110
49 75
49 874
49 635
49 108
49 329
49 121
49 560
49 291
49 428
49 222
49 437
49 963
50 539
50 106
50 336
50 240
50 565
50 356
50 275
50 657
50 723
50 116
50 952
50 822
50 153
50 555
50 908
50 964
50 352
50 884
50 982
50 789
51 166
51 784
51 191
51 525
51 701
51 906
51 486
51 591
51 200
51 849
51 362
51 721
51 587
51 396
51 233
51 693
51 484
51 961
51 853
52 503
52 535
52 96
52 781
52 515
52 312
52 550
52 197
52 270
52 398
52 465
52 217
52 162
52 382
53 936
53 63
53 674
53 687
53 519
53 647
53 691
53 877
53 183
53 328
53 571
53 797
53 814
53 680
53 779
53 840
53 122
53 605
53 436
53 883
53 255
53 69
54 885
54 794
54 214
54 199
54 414
54 987
54 84
54 561
54 435
54 742
54 645
54 274
54 109
54 221
54 260
54 529
54 194
54 998
54 782
54 766
55 421
55 533
55 301
55 831
55 745
55 981
55 319
55 832
56 820
56 171
56 449
56 868
56 540
56 808
56 72
56 234
56 929
56 210
56 931
56 393
56 286
56 357
56 586
56 896
56 494
56 363
56 567
56 209
56 496
56 601
57 670
57 479
57 402
57 62
57 246
57 86
57 244
57 499
57 894
57 481
57 848
57 501
57 774
57 440
57 771
57 770
57 570
58 960
58 292
58 574
58 476
58 626
58 599
58 323
58 665
58 818
58 315
58 163
58 513
58 666
58 947
58 119
58 793
58 777
58 472
58 902
58 262
59 149
59 710
59 288
59 344
59 483
59 354
59 959
59 628
59 613
59 747
59 61
59 559
59 839
59 228
59 744
59 225
59 399
59 730
59 641
59 956
59 921
60 847
60 761
60 593
60 384
60 276
60 135
60 175
60 365
60 654
60 426
60 152
60 165
60 923
60 824
61 710
61 288
61 344
61 483
61 557
61 744
61 354
61 959
61 628
61 613
61 747
61 956
61 228
61 149
61 730
61 399
61 225
61 839
61 856
61 921
61 559
61 641
62 670
62 479
62 402
62 499
62 501
62 894
62 440
62 481
62 770
62 86
62 771
62 570
62 246
62 244
62 774
62 848
63 840
63 936
63 993
63 691
63 328
63 571
63 436
63 687
63 814
63 69
63 877
63 883
63 255
63 680
63 647
63 605
63 183
63 122
63 797
63 674
63 519
63 779
64 198
64 216
64 145
64 757
64 609
65 897
65 377
65 173
65 241
65 474
65 271
65 452
65 804
65 394
65 551
65 682
65 66
65 672
66 377
66 474
66 341
66 271
66 804
66 394
66 551
66 682
66 452
66 173
66 672
66 897
67 118
67 943
67 516
67 780
67 827
67 93
67 690
67 456
67 509
67 549
67 731
67 833
67 871
67 708
67 510
68 788
68 413
68 611
68 662
68 799
68 685
68 196
68 999
69 840
69 936
69 674
69 687
69 647
69 883
69 328
69 519
69 122
69 680
69 183
69 877
69 605
69 436
69 797
69 255
69 993
69 691
70 448
70 247
70 507
70 511
70 603
70 717
70 724
70 430
70 186
70 252
70 649
71 755
71 347
71 212
71 826
71 497
71 712
71 498
71 631
71 333
71 886
71 796
72 820
72 357
72 931
72 234
72 601
72 496
72 808
72 929
72 567
72 209
72 286
72 540
72 449
72 868
72 586
72 494
72 171
72 393
72 210
72 363
73 823
73 618
73 360
73 272
73 791
73 978
73 81
73 577
73 504
73 401
73 942
73 926
73 467
73 299
73 132
73 424
73 156
73 265
73 703
73 545
73 375
74 126
74 903
74 659
74 442
74 749
74 765
74 816
75 284
75 715
75 222
75 167
75 110
75 560
75 963
75 329
75 108
75 121
75 635
75 428
75 437
75 291
76 211
76 842
76 143
76 941
76 572
76 675
76 664
76 346
76 878
76 397
76 686
76 734
76 528
76 524
76 955
76 992
76 78
76 899
76 640
76 366
76 861
76 400
76 417
77 542
77 459
77 990
77 974
77 962
77 621
77 697
77 912
77 114
77 235
78 211
78 842
78 143
78 528
78 366
78 572
78 675
78 417
78 664
78 346
78 861
78 878
78 397
78 686
78 734
78 400
78 955
78 992
78 941
78 899
78 640
79 852
79 772
79 277
79 741
79 182
79 415
79 679
79 492
79 373
79 918
79 841
79 625
79 787
80 579
80 113
80 98
80 596
80 910
80 636
80 381
80 803
80 698
80 844
80 395
80 671
80 795
80 584
80 257
80 801
80 349
81 424
81 272
81 978
81 942
81 132
81 703
81 791
81 545
81 467
81 375
81 265
81 504
81 823
81 156
81 299
81 577
81 401
81 926
82 327
82 805
82 940
82 692
83 544
83 815
83 720
83 860
83 251
83 383
83 418
84 885
84 998
84 794
84 214
84 199
84 414
84 766
84 987
84 742
84 645
84 435
84 782
84 194
84 561
84 109
84 529
84 274
84 546
84 221
84 260
85 342
85 836
85 562
85 678
85 663
86 670
86 479
86 402
86 440
86 894
86 848
86 774
86 570
86 501
86 244
86 770
86 481
86 771
86 499
86 246
87 650
87 590
87 726
87 308
87 176
87 583
87 807
87 669
87 259
88 223
88 538
88 790
88 423
88 453
88 740
88 154
88 281
88 610
88 158
88 491
88 651
88 576
88 746
88 716
88 314
88 689
88 188
88 607
88 128
89 334
89 615
89 904
89 102
89 769
89 444
89 889
89 638
89 518
89 880
90 711
90 800
90 642
90 458
90 825
90 589
90 958
90 151
90 810
90 282
90 220
91 385
91 123
91 523
91 350
91 405
91 700
91 656
91 245
91 729
91 624
91 410
91 738
91 813
91 359
91 699
91 977
91 558
91 927
91 945
92 595
92 835
93 690
93 943
93 516
93 780
93 827
93 549
93 833
93 316
93 708
93 509
93 456
93 871
93 731
93 510
94 901
94 470
94 99
94 487
94 273
94 147
94 879
94 190
94 229
94 639
95 882
95 854
95 215
95 464
95 728
95 345
95 843
95 753
95 478
95 754
95 888
95 846
95 792
95 269
96 197
96 398
96 515
96 781
96 434
96 535
96 541
96 270
96 930
96 217
96 162
96 503
96 550
96 382
96 312
96 465
97 337
97 249
97 266
97 506
97 136
97 935
97 743
97 298
97 764
97 855
97 630
97 866
97 859
97 438
97 748
97 632
97 386
97 597
98 579
98 113
98 795
98 349
98 671
98 910
98 379
98 381
98 803
98 584
98 636
98 698
98 844
98 395
98 257
98 801
99 901
99 470
99 147
99 879
99 190
99 639
99 487
99 273
99 229
100 783
100 683
100 673
100 392
100 604
100 995
100 637
100 488
100 751
100 305
100 776
100 408
100 172
100 297
100 606
100 389
100 684
100 924
100 676
100 295
100 939
100 455
101 374
101 306
101 324
101 521
101 946
101 180
101 821
101 969
101 851
101 427
101 304
101 763
101 828
101 144
101 620
102 334
102 889
102 904
102 880
102 615
102 444
102 518
102 769
102 638
103 986
103 892
103 709
103 536
103 422
103 236
103 681
103 951
104 975
104 206
104 622
104 966
104 468
104 231
104 280
104 302
104 462
104 527
104 261
105 922
105 425
105 623
105 493
105 441
105 531
105 330
105 648
105 585
105 714
105 932
105 160
105 370
105 875
105 161
105 614
105 719
105 208
105 187
105 429
106 539
106 153
106 884
106 657
106 356
106 352
106 336
106 982
106 275
106 240
106 952
106 723
106 822
106 964
106 555
106 789
106 565
106 908
106 887
106 116
107 138
107 201
107 695
107 705
107 989
107 517
107 125
107 321
108 284
108 222
108 167
108 110
108 963
108 428
108 874
108 329
108 635
108 560
109 885
109 998
109 794
109 214
109 199
109 414
109 766
109 987
109 561
109 435
109 645
109 274
109 529
109 221
109 194
109 742
109 782
109 260
109 546
110 715
110 222
110 167
110 963
110 284
110 428
110 635
110 329
110 437
110 560
110 291
110 121
110 874
111 237
111 838
111 141
111 634
112 845
112 957
112 457
112 971
112 139
113 579
113 596
113 795
113 349
113 257
113 910
113 636
113 801
113 584
113 671
113 844
113 381
113 803
113 698
113 379
114 697
114 962
114 542
114 459
114 990
114 621
114 446
114 974
114 235
114 912
115 138
115 989
115 517
115 705
115 125
115 201
115 321
116 539
116 336
116 240
116 555
116 356
116 723
116 952
116 964
116 275
116 153
116 657
116 789
116 887
116 908
116 352
116 822
116 982
117 979
117 652
117 351
117 189
117 185
117 933
117 736
117 737
117 919
117 278
117 532
118 337
118 690
118 731
118 833
118 510
118 827
118 316
118 549
118 871
118 516
118 456
118 285
118 943
118 780
118 509
118 708
119 902
119 292
119 574
119 476
119 262
119 599
119 666
119 777
119 947
119 513
119 818
119 472
119 315
119 323
119 163
119 793
119 802
119 665
119 960
119 626
120 502
120 489
120 372
120 134
120 254
120 580
120 633
120 704
120 495
120 243
120 950
121 284
121 715
121 167
121 874
121 560
121 291
121 437
121 222
121 635
121 428
121 329
121 963
122 571
122 840
122 936
122 674
122 687
122 647
122 883
122 328
122 519
122 183
122 814
122 605
122 877
122 691
122 255
122 680
122 993
122 797
122 436
122 779
123 385
123 420
123 359
123 700
123 738
123 405
123 945
123 927
123 729
123 977
123 656
123 461
123 558
123 350
123 523
123 699
123 410
123 624
123 813
124 174
124 355
124 582
124 735
124 179
124 378
124 573
124 380
124 643
124 850
124 911
124 340
124 177
124 739
124 195
124 514
124 403
125 138
125 989
125 517
125 201
125 321
125 695
126 442
126 903
126 659
126 749
126 765
126 816
127 213
127 146
127 865
127 406
127 412
127 289
127 192
127 445
127 552
127 391
127 466
127 485
127 830
127 205
127 588
127 184
127 660
127 332
127 326
127 303
127 390
128 223
128 538
128 314
128 491
128 158
128 453
128 188
128 790
128 716
128 651
128 423
128 740
128 610
128 508
128 281
128 689
128 576
128 607
129 689
129 433
129 482
129 463
129 548
129 891
129 750
129 798
129 785
129 914
130 526
130 944
130 490
130 949
130 965
130 616
130 713
130 983
130 140
130 204
130 325
130 694
130 258
130 450
130 253
130 569
130 967
131 758
131 864
131 155
131 752
131 775
131 317
131 707
131 732
131 702
131 469
131 307
131 857
131 294
131 553
131 661
131 168
131 564
131 578
131 909
131 554
131 283
132 360
132 272
132 978
132 577
132 401
132 942
132 467
132 265
132 375
132 299
132 545
132 703
132 504
132 791
132 618
133 608
133 376
133 300
133 811
133 239
133 778
133 439
133 313
133 706
133 522
133 900
133 976
133 387
133 368
133 913
133 602
134 502
134 704
134 372
134 495
134 254
134 243
134 580
134 633
134 489
135 847
135 761
135 426
135 384
135 276
135 824
135 152
135 165
135 654
135 175
135 365
135 923
136 337
136 266
136 506
136 859
136 855
136 438
136 632
136 743
136 935
136 764
136 748
136 630
136 249
136 386
136 597
136 298
136 866
137 279
137 293
137 264
137 948
137 696
137 537
137 471
137 361
137 872
137 925
137 369
137 727
137 443
137 520
137 617
137 768
137 505
137 224
138 989
138 321
138 705
138 695
138 201
138 517
139 845
139 957
139 457
139 971
140 668
140 325
140 944
140 809
140 490
140 949
140 965
140 258
140 694
140 450
140 983
140 616
140 253
140 713
140 569
140 967
140 204
141 237
141 634
141 838
142 973
142 980
142 169
142 968
142 612
142 834
142 263
142 371
142 760
142 311
142 881
143 211
143 842
143 878
143 899
143 346
143 528
143 417
143 941
143 686
143 640
143 955
143 734
143 992
143 400
143 664
143 397
143 366
143 572
143 675
143 861
143 524
144 374
144 828
144 306
144 324
144 521
144 851
144 180
144 304
144 821
144 969
144 620
144 427
144 763
144 946
145 198
145 216
145 609
145 757
146 660
146 332
146 406
146 556
146 733
146 184
146 326
146 412
146 466
146 552
146 192
146 865
146 289
146 390
146 588
146 445
146 303
146 391
146 205
146 485
146 830
146 213
147 470
147 487
147 879
147 273
147 190
147 639
147 901
147 229
148 997
148 876
148 863
148 575
148 970
148 563
148 339
148 725
148 232
148 985
148 164
148 994
148 653
148 598
148 512
148 937
149 288
149 344
149 354
149 744
149 959
149 641
149 856
149 228
149 559
149 710
149 225
149 399
149 730
149 613
149 921
149 628
149 747
149 483
149 839
149 956
150 890
150 876
150 863
150 725
150 598
150 934
150 512
150 994
150 232
150 563
150 600
150 454
150 970
150 419
150 339
150 985
150 937
150 164
150 575
150 653
151 711
151 800
151 642
151 458
151 825
151 810
151 958
151 589
151 282
151 220
152 847
152 426
152 593
152 384
152 276
152 175
152 365
152 654
152 761
152 923
152 824
153 539
153 336
153 240
153 565
153 555
153 908
153 356
153 723
153 657
153 952
153 887
153 964
153 275
153 789
153 822
153 982
153 884
153 352
154 223
154 538
154 281
154 689
154 158
154 491
154 453
154 790
154 651
154 746
154 740
154 423
154 610
154 188
154 576
154 508
154 716
154 607
154 314
155 758
155 469
155 317
155 732
155 307
155 554
155 661
155 283
155 707
155 553
155 564
155 578
155 168
155 294
155 775
155 752
155 702
155 857
155 909
156 823
156 424
156 618
156 360
156 791
156 978
156 577
156 504
156 401
156 942
156 467
156 265
156 299
156 926
156 703
157 473
157 451
157 917
157 594
157 547
157 322
157 688
157 250
157 331
157 416
157 404
157 819
157 364
158 538
158 314
158 281
158 423
158 508
158 610
158 576
158 689
158 651
158 790
158 223
158 607
158 491
158 716
158 453
158 740
159 343
159 202
159 905
159 862
160 922
160 425
160 719
160 714
160 648
160 531
160 187
160 330
160 875
160 623
160 208
160 441
160 585
160 429
160 493
160 161
160 614
160 370
160 932
161 922
161 425
161 719
161 714
161 648
161 493
161 187
161 614
161 875
161 531
161 441
161 585
161 208
161 932
161 429
162 197
162 515
162 781
162 434
162 535
162 541
162 930
162 217
162 270
162 312
162 382
162 465
162 503
162 550
163 839
163 399
163 902
163 960
163 292
163 476
163 626
163 262
163 599
163 666
163 777
163 947
163 513
163 818
163 472
163 315
163 323
163 665
163 793
163 802
164 997
164 876
164 863
164 600
164 725
164 598
164 934
164 890
164 512
164 653
164 419
164 994
164 339
164 937
164 454
164 575
164 970
164 232
164 985
164 563
165 847
165 761
165 384
165 175
165 365
165 593
165 824
165 426
165 276
165 923
166 915
166 784
166 853
166 906
166 849
166 701
166 721
166 812
166 396
166 200
166 362
166 591
166 961
166 693
166 484
166 233
166 191
166 409
166 587
166 486
167 284
167 222
167 874
167 329
167 963
167 560
167 437
167 635
167 715
167 291
167 428
168 758
168 864
168 752
168 775
168 317
168 707
168 578
168 732
168 702
168 307
168 857
168 294
168 909
168 553
168 661
168 469
168 554
168 564
168 283
169 973
169 980
169 881
169 834
169 311
169 263
169 968
169 760
169 612
169 371
170 477
170 773
170 655
170 287
170 310
170 358
170 431
171 820
171 210
171 357
171 363
171 393
171 808
171 586
171 929
171 896
171 494
171 567
171 234
171 540
171 931
171 868
171 601
171 496
171 209
171 449
172 783
172 683
172 455
172 392
172 604
172 995
172 488
172 295
172 751
172 305
172 776
172 408
172 673
172 606
172 676
172 389
172 637
172 297
172 924
172 939
173 897
173 377
173 394
173 341
173 452
173 474
173 672
173 551
173 682
173 241
173 804
173 271
174 514
174 643
174 355
174 403
174 340
174 739
174 177
174 380
174 582
174 911
174 195
174 735
174 179
174 378
174 850
174 573
175 847
175 761
175 426
175 593
175 384
175 276
175 923
175 654
175 824
175 365
176 650
176 590
176 807
176 726
176 583
176 669
176 259
176 308
177 380
177 355
177 582
177 179
177 378
177 739
177 850
177 573
177 195
177 911
177 643
177 340
177 514
177 403
177 735
178 181
178 411
178 677
178 335
178 767
179 355
179 582
179 735
179 739
179 380
179 378
179 911
179 514
179 195
179 643
179 850
179 340
179 573
180 374
180 306
180 521
180 851
180 946
180 828
180 969
180 427
180 821
180 763
180 304
180 620
181 411
181 767
181 677
181 335
182 625
182 852
182 741
182 772
182 679
182 841
182 415
182 918
182 277
182 492
182 373
182 787
183 936
183 674
183 647
183 519
183 840
183 883
183 797
183 680
183 687
183 328
183 436
183 691
183 877
183 814
183 779
183 605
183 255
184 660
184 733
184 391
184 332
184 205
184 412
184 466
184 485
184 830
184 556
184 865
184 406
184 303
184 213
184 326
184 192
184 289
184 445
184 552
184 588
184 390
185 979
185 652
185 351
185 189
185 278
185 737
185 919
185 933
185 736
185 532
186 448
186 724
186 507
186 430
186 603
186 717
186 247
186 649
186 511
186 252
187 425
187 719
187 714
187 648
187 493
187 614
187 330
187 875
187 932
187 370
187 623
187 429
187 531
187 585
187 922
187 441
187 208
188 223
188 538
188 314
188 281
188 689
188 453
188 740
188 491
188 790
188 423
188 651
188 508
188 746
188 607
188 716
188 576
188 610
189 979
189 652
189 351
189 737
189 278
189 933
189 736
189 919
189 532
190 901
190 470
190 487
190 879
190 273
190 229
190 639
191 915
191 961
191 812
191 906
191 409
191 849
191 233
191 591
191 784
191 486
191 693
191 525
191 396
191 484
191 362
191 200
191 587
191 853
191 701
192 733
192 332
192 205
192 466
192 485
192 326
192 303
192 406
192 390
192 552
192 830
192 391
192 865
192 588
192 213
192 289
192 445
192 556
193 432
193 348
193 658
194 885
194 998
194 794
194 214
194 199
194 766
194 987
194 435
194 742
194 645
194 221
194 529
194 546
194 414
194 782
194 274
194 561
195 380
195 355
195 582
195 378
195 850
195 573
195 911
195 735
195 514
195 340
195 643
195 403
196 788
196 999
196 662
196 413
196 799
196 611
196 685
197 217
197 781
197 930
197 434
197 535
197 382
197 398
197 515
197 541
197 550
197 270
197 503
197 312
198 216
198 609
198 757
199 885
199 794
199 214
199 766
199 274
199 561
199 782
199 414
199 260
199 645
199 987
199 529
199 742
199 546
199 998
199 221
199 435
200 963
200 428
200 784
200 525
200 853
200 812
200 701
200 906
200 693
200 486
200 409
200 591
200 961
200 233
200 484
200 849
200 721
200 915
200 396
200 362
200 587
201 517
201 705
201 989
201 695
201 321
202 862
202 343
202 905
203 718
203 530
203 267
203 786
203 629
203 916
204 325
204 944
204 809
204 490
204 949
204 965
204 258
204 694
204 450
204 983
204 713
204 253
204 569
204 967
204 616
204 668
204 526
205 660
205 733
205 332
205 830
205 213
205 552
205 326
205 412
205 556
205 303
205 865
205 588
205 466
205 390
205 391
205 445
205 485
205 406
206 462
206 302
206 622
206 527
206 975
206 280
206 468
206 966
206 261
207 460
207 991
207 898
207 953
207 644
207 353
207 388
207 268
207 619
207 762
207 500
207 667
207 534
208 425
208 370
208 714
208 648
208 531
208 330
208 614
208 875
208 623
208 441
208 493
208 429
208 719
208 585
208 932
209 896
209 286
209 357
209 931
209 234
209 868
209 601
209 496
209 808
209 567
209 494
209 540
209 586
209 393
209 820
209 210
209 929
209 363
209 449
210 820
210 896
210 286
210 357
210 931
210 234
210 868
210 496
210 929
210 567
210 393
210 494
210 586
210 808
210 601
210 363
210 449
211 528
211 417
211 878
211 346
211 686
211 861
211 842
211 664
211 899
211 400
211 366
211 572
211 675
211 397
211 734
211 955
211 640
212 755
212 796
212 497
212 498
212 886
212 631
212 347
212 333
212 826
212 712
213 660
213 733
213 391
213 485
213 326
213 303
213 406
213 445
213 830
213 289
213 412
213 552
213 466
213 865
213 556
214 885
214 998
214 794
214 987
214 742
214 766
214 221
214 435
214 645
214 260
214 561
214 529
214 414
214 782
214 546
215 882
215 754
215 888
215 269
215 792
215 464
215 843
215 854
215 478
215 873
215 728
215 753
215 846
216 609
216 757
217 398
217 515
217 434
217 535
217 541
217 270
217 930
217 550
217 781
217 465
217 312
217 503
218 759
218 806
218 543
218 867
218 475
218 984
218 870
218 893
219 447
219 238
220 711
220 800
220 642
220 458
220 825
220 958
220 589
220 282
220 810
221 885
221 998
221 794
221 766
221 987
221 561
221 435
221 645
221 274
221 742
221 414
221 782
221 260
221 546
221 529
222 284
222 715
222 635
222 329
222 874
222 291
222 428
222 963
222 560
223 689
223 491
223 651
223 746
223 740
223 453
223 538
223 610
223 423
223 314
223 790
223 281
223 716
223 607
223 576
224 279
224 925
224 293
224 264
224 948
224 872
224 471
224 361
224 696
224 505
224 727
224 443
224 537
224 768
224 369
224 520
225 710
225 288
225 344
225 483
225 744
225 399
225 559
225 921
225 628
225 228
225 641
225 839
225 959
225 613
225 856
225 956
225 354
225 730
225 747
226 480
226 817
226 869
226 367
226 227
226 407
226 248
227 480
227 817
227 367
227 869
227 407
227 248
228 288
228 344
228 483
228 744
228 354
228 959
228 628
228 613
228 747
228 921
228 559
228 839
228 856
228 956
228 730
228 710
228 641
229 901
229 470
229 879
229 273
229 639
229 487
230 988
230 566
230 646
230 722
230 920
230 318
230 938
230 338
231 975
231 622
231 468
231 966
231 280
231 261
231 302
231 462
232 339
232 890
232 997
232 876
232 725
232 598
232 934
232 512
232 575
232 454
232 653
232 419
232 994
232 600
232 863
232 970
232 563
232 937
232 985
233 784
233 525
233 853
233 701
233 906
233 693
233 486
233 409
233 591
233 849
233 484
233 961
233 362
233 721
233 587
233 915
233 812
234 820
234 357
234 931
234 540
234 393
234 449
234 808
234 601
234 868
234 896
234 586
234 496
234 929
234 567
234 494
234 363
235 962
235 542
235 459
235 990
235 621
235 446
235 974
235 912
235 697
236 986
236 892
236 951
236 536
236 709
236 422
236 681
237 634
237 838
238 447
239 811
239 608
239 376
239 976
239 913
239 778
239 387
239 706
239 522
239 300
239 313
239 900
239 439
239 602
240 539
240 336
240 565
240 723
240 964
240 952
240 884
240 789
240 822
240 352
240 275
240 356
240 657
240 555
240 887
240 908
240 982
241 377
241 394
241 682
241 551
241 672
241 452
241 804
241 897
241 474
241 341
241 271
242 907
242 592
242 837
242 996
243 502
243 489
243 704
243 254
243 950
243 372
243 495
243 580
243 633
244 670
244 402
244 440
244 894
244 848
244 774
244 570
244 501
244 499
244 771
244 770
244 481
244 479
244 246
245 558
245 385
245 523
245 350
245 700
245 656
245 410
245 738
245 977
245 624
245 945
245 461
245 405
245 420
245 813
245 359
245 729
246 670
246 479
246 402
246 440
246 894
246 848
246 570
246 501
246 499
246 770
246 771
246 481
246 774
247 448
247 724
247 507
247 430
247 603
247 511
247 649
247 252
248 480
248 367
248 869
248 407
248 817
249 337
249 386
249 266
249 748
249 506
249 764
249 630
249 632
249 438
249 597
249 935
249 855
249 859
249 866
250 473
250 331
250 451
250 917
250 819
250 322
250 364
250 416
250 404
250 547
250 688
251 815
251 720
251 860
251 256
251 418
251 383
252 724
252 507
252 430
252 603
252 649
252 511
252 448
252 717
253 668
253 325
253 809
253 490
253 949
253 965
253 258
253 694
253 450
253 983
253 713
253 944
253 526
253 616
253 569
253 967
254 502
254 950
254 704
254 580
254 633
254 372
254 489
255 571
255 674
255 647
255 883
255 328
255 519
255 779
255 993
255 691
255 605
255 680
255 877
255 436
255 814
255 687
255 840
255 936
255 797
256 815
256 860
256 383
256 418
256 568
256 544
257 579
257 795
257 395
257 698
257 636
257 379
257 584
257 671
257 349
257 910
257 801
257 381
257 803
257 844
258 526
258 668
258 325
258 944
258 809
258 490
258 949
258 965
258 967
258 713
258 983
258 450
258 569
258 616
258 694
259 650
259 807
259 726
259 583
259 669
259 590
259 308
260 885
260 998
260 794
260 414
260 987
260 561
260 435
260 742
260 645
260 782
260 766
260 546
260 274
260 529
261 975
261 622
261 966
261 280
261 302
261 462
261 527
261 468
262 902
262 960
262 292
262 574
262 476
262 626
262 323
262 665
262 472
262 802
262 315
262 947
262 818
262 666
262 599
263 973
263 980
263 968
263 612
263 311
263 834
263 371
263 881
263 760
264 279
264 925
264 537
264 768
264 948
264 361
264 471
264 505
264 520
264 443
264 369
264 293
264 696
264 727
264 617
264 872
265 823
265 424
265 618
265 360
265 272
265 791
265 978
265 577
265 504
265 401
265 942
265 926
265 467
265 703
265 375
265 299
266 337
266 506
266 859
266 764
266 743
266 597
266 855
266 748
266 438
266 298
266 632
266 386
266 935
266 630
266 866
267 718
267 530
267 786
267 916
267 756
267 629
268 460
268 898
268 953
268 644
268 534
268 762
268 353
268 388
268 619
268 667
269 882
269 854
269 873
269 464
269 728
269 345
269 843
269 754
269 888
269 753
269 478
269 792
269 846
270 398
270 515
270 434
270 541
270 465
270 930
270 550
270 503
270 382
270 312
271 897
271 377
271 474
271 341
271 452
271 672
271 682
271 804
271 394
271 551
272 823
272 424
272 618
272 360
272 942
272 978
272 577
272 791
272 703
272 545
272 504
272 375
272 299
272 401
272 926
272 467
273 901
273 470
273 879
273 639
273 487
274 998
274 794
274 414
274 987
274 561
274 435
274 742
274 645
274 546
274 782
274 885
274 766
275 336
275 356
275 723
275 657
275 952
275 887
275 964
275 539
275 982
275 884
275 789
275 555
275 822
275 908
275 352
276 847
276 593
276 384
276 923
276 426
276 824
276 365
276 654
277 625
277 852
277 741
277 772
277 841
277 373
277 415
277 918
277 787
277 492
277 679
278 979
278 652
278 351
278 933
278 736
278 737
278 919
278 532
279 617
279 872
279 925
279 361
279 948
279 369
279 471
279 768
279 293
279 505
279 537
279 696
279 727
279 443
280 622
280 468
280 966
280 302
280 975
280 527
280 462
281 538
281 746
281 651
281 607
281 740
281 423
281 314
281 453
281 716
281 689
281 790
281 610
281 508
281 576
282 800
282 642
282 458
282 810
282 958
282 589
282 825
282 711
283 758
283 864
283 752
283 775
283 317
283 707
283 578
283 702
283 469
283 307
283 294
283 909
283 564
283 857
283 553
283 554
284 715
284 329
284 560
284 437
284 291
284 963
284 635
284 428
284 874
285 690
285 943
285 516
285 780
285 827
285 549
285 833
285 316
285 871
285 509
285 731
285 456
285 708
285 510
286 820
286 931
286 449
286 393
286 567
286 496
286 601
286 896
286 868
286 929
286 586
286 540
286 808
286 357
286 494
286 363
287 477
287 773
287 310
287 358
287 655
287 431
288 710
288 613
288 557
288 483
288 744
288 839
288 959
288 344
288 628
288 354
288 730
288 856
288 956
288 559
288 641
288 921
288 399
288 747
289 660
289 332
289 485
289 588
289 326
289 303
289 406
289 390
289 552
289 830
289 391
289 556
289 445
289 412
289 466
289 733
289 865
290 954
290 895
290 309
291 715
291 874
291 635
291 329
291 560
291 963
291 437
291 428
292 960
292 599
292 315
292 472
292 818
292 947
292 574
292 802
292 902
292 793
292 513
292 777
292 626
292 476
292 666
292 323
292 665
293 925
293 443
293 617
293 768
293 471
293 872
293 520
293 948
293 369
293 696
293 361
293 505
293 537
293 727
294 758
294 864
294 752
294 775
294 317
294 707
294 578
294 732
294 702
294 469
294 307
294 857
294 909
294 553
294 661
294 564
295 783
295 683
295 673
295 455
295 392
295 604
295 995
295 637
295 488
295 751
295 305
295 676
295 776
295 606
295 684
295 408
295 297
295 389
295 924
296 972
296 858
296 627
296 320
296 829
297 783
297 683
297 673
297 455
297 392
297 995
297 637
297 488
297 776
297 408
297 939
297 924
297 606
297 604
297 684
297 389
297 676
298 337
298 506
298 935
298 743
298 764
298 748
298 859
298 632
298 866
298 386
298 438
298 630
298 597
299 823
299 424
299 618
299 360
299 791
299 978
299 577
299 504
299 401
299 942
299 467
299 375
299 926
299 703
299 545
300 811
300 608
300 376
300 913
300 778
300 387
300 900
300 706
300 522
300 602
300 439
300 368
300 976
300 313
301 421
301 533
301 745
301 981
301 319
301 832
301 831
301 928
302 622
302 468
302 966
302 527
302 462
303 733
303 391
303 332
303 412
303 466
303 485
303 326
303 556
303 588
303 660
303 406
303 830
303 390
303 865
303 552
303 445
304 306
304 521
304 851
304 946
304 763
304 374
304 324
304 969
304 427
304 821
305 783
305 683
305 673
305 455
305 392
305 995
305 488
305 604
305 776
305 408
305 676
305 924
305 637
305 939
305 389
305 751
305 606
305 684
306 374
306 828
306 969
306 620
306 324
306 821
306 851
306 946
306 521
306 763
306 427
307 758
307 752
307 317
307 707
307 732
307 702
307 469
307 775
307 864
307 661
307 857
307 909
307 578
307 554
307 564
308 590
308 807
308 726
308 669
308 650
309 954
309 895
310 477
310 655
310 773
310 358
310 431
311 973
311 980
311 968
311 612
311 760
311 834
311 881
311 371
312 465
312 398
312 515
312 434
312 535
312 541
312 930
312 382
312 781
312 550
312 503
313 811
313 608
313 376
313 913
313 368
313 778
313 387
313 706
313 522
313 900
313 976
313 439
313 602
314 538
314 423
314 610
314 689
314 740
314 576
314 607
314 453
314 491
314 508
314 790
314 716
314 651
314 746
315 960
315 574
315 476
315 599
315 666
315 777
315 947
315 818
315 472
315 665
315 626
315 793
315 902
315 323
315 802
315 513
316 690
316 943
316 516
316 780
316 827
316 549
316 510
316 871
316 731
316 708
316 456
316 509
317 758
317 864
317 752
317 775
317 702
317 909
317 554
317 707
317 578
317 661
317 857
317 553
317 469
317 732
317 564
318 988
318 566
318 722
318 920
318 646
318 338
318 938
319 421
319 832
319 533
319 745
319 981
319 928
320 972
320 829
320 858
320 627
321 989
321 517
321 705
321 695
322 473
322 451
322 917
322 581
322 594
322 416
322 331
322 404
322 819
322 547
322 688
323 902
323 960
323 574
323 476
323 599
323 666
323 777
323 947
323 513
323 818
323 472
323 793
323 626
323 802
323 665
324 374
324 828
324 521
324 821
324 763
324 620
324 946
324 851
325 526
325 944
325 450
325 949
325 668
325 569
325 809
325 713
325 983
325 694
325 967
325 616
325 490
326 733
326 391
326 332
326 588
326 485
326 660
326 445
326 390
326 830
326 406
326 552
326 865
327 940
327 692
327 805
328 571
328 936
328 674
328 647
328 779
328 680
328 993
328 814
328 840
328 883
328 436
328 691
328 605
328 797
329 715
329 874
329 635
329 428
329 963
329 437
329 560
330 922
330 719
330 714
330 648
330 531
330 429
330 932
330 623
330 614
330 425
330 370
330 585
330 441
330 493
330 875
331 594
331 688
331 917
331 547
331 473
331 364
331 581
331 416
331 451
331 404
331 819
332 660
332 733
332 865
332 406
332 466
332 485
332 552
332 830
332 391
332 588
332 412
332 556
332 390
332 445
333 826
333 886
333 498
333 347
333 712
333 796
333 497
334 904
334 615
334 444
334 889
334 769
334 638
334 880
335 411
335 767
336 539
336 964
336 982
336 352
336 884
336 356
336 789
336 565
336 952
336 908
336 555
336 822
336 887
336 657
336 723
337 509
337 597
337 935
337 859
337 743
337 438
337 386
337 748
337 764
337 855
337 630
337 866
337 632
338 988
338 566
338 722
338 920
338 646
338 938
339 985
339 598
339 863
339 575
339 994
339 725
339 600
339 563
339 997
339 890
339 970
339 876
339 454
339 937
339 512
339 934
339 653
339 419
340 355
340 582
340 735
340 739
340 850
340 573
340 911
340 643
340 403
340 380
340 514
341 377
341 474
341 897
341 452
341 672
341 804
341 551
341 394
342 663
342 678
342 562
342 836
343 862
343 905
344 710
344 956
344 747
344 641
344 628
344 856
344 483
344 959
344 559
344 839
344 921
344 557
344 744
344 613
344 354
344 730
345 882
345 854
345 873
345 464
345 728
345 478
345 792
345 754
345 846
345 753
345 843
345 888
346 842
346 528
346 366
346 572
346 675
346 899
346 664
346 686
346 734
346 640
346 955
346 397
346 992
346 861
346 524
346 878
346 400
347 755
347 497
347 826
347 498
347 796
347 631
347 886
347 712
348 432
348 658
349 579
349 795
349 596
349 910
349 636
349 671
349 381
349 844
349 395
349 584
349 801
349 698
349 379
349 803
350 558
350 420
350 523
350 927
350 813
350 656
350 977
350 385
350 624
350 699
350 405
350 700
350 359
350 945
350 729
350 410
350 738
350 461
351 979
351 652
351 919
351 736
351 532
351 933
351 737
352 539
352 565
352 908
352 356
352 723
352 657
352 887
352 822
352 982
352 884
352 964
352 555
352 952
352 789
353 460
353 991
353 898
353 953
353 644
353 534
353 762
353 500
353 667
353 619
354 557
354 744
354 641
354 959
354 856
354 730
354 559
354 747
354 399
354 613
354 839
354 483
354 628
354 921
355 380
355 514
355 573
355 850
355 911
355 739
355 403
355 378
355 582
355 735
356 539
356 565
356 908
356 952
356 555
356 723
356 887
356 884
356 982
356 789
356 822
356 964
356 657
357 820
357 896
357 868
357 494
357 496
357 929
357 540
357 363
357 567
357 808
357 586
357 393
357 449
357 601
357 931
358 477
358 773
358 655
359 385
359 420
359 523
359 405
359 461
359 700
359 656
359 410
359 729
359 624
359 699
359 927
359 558
359 738
359 945
360 823
360 424
360 618
360 791
360 504
360 375
360 978
360 401
360 577
360 942
360 467
360 703
361 925
361 443
361 948
361 537
361 369
361 696
361 520
361 505
361 727
361 471
361 872
362 915
362 784
362 525
362 812
362 701
362 693
362 486
362 409
362 591
362 849
362 484
362 961
362 853
362 587
362 906
362 721
362 396
363 896
363 931
363 868
363 496
363 808
363 929
363 567
363 393
363 494
363 586
363 449
363 820
363 540
364 473
364 451
364 917
364 581
364 594
364 416
364 547
364 404
364 688
364 819
365 847
365 761
365 593
365 384
365 923
365 824
365 654
366 842
366 528
366 941
366 878
366 686
366 734
366 397
366 524
366 992
366 955
366 640
366 400
366 861
366 899
366 572
366 675
366 417
366 664
367 817
367 407
367 869
367 480
368 811
368 608
368 376
368 913
368 706
368 900
368 602
368 439
368 387
368 778
369 925
369 443
369 537
369 727
369 696
369 520
369 768
369 948
369 505
369 872
369 471
370 922
370 425
370 614
370 719
370 648
370 531
370 585
370 932
370 429
370 493
370 875
370 441
371 973
371 834
371 980
371 612
371 968
371 881
371 760
372 502
372 704
372 495
372 580
372 633
372 950
372 489
373 852
373 741
373 772
373 679
373 841
373 492
373 415
373 625
373 918
373 787
374 946
374 851
374 427
374 521
374 969
374 828
374 620
374 763
375 424
375 618
375 791
375 978
375 577
375 401
375 942
375 467
375 703
375 504
375 823
375 545
375 926
376 811
376 913
376 706
376 976
376 778
376 387
376 900
376 608
376 439
376 602
376 522
377 897
377 452
377 682
377 804
377 394
377 672
377 474
377 551
378 582
378 735
378 573
378 911
378 403
378 643
378 739
378 850
378 514
379 402
379 596
379 636
379 671
379 381
379 803
379 698
379 844
379 584
379 801
379 910
379 795
380 403
380 514
380 582
380 850
380 643
380 911
380 573
380 735
381 579
381 795
381 596
381 910
381 671
381 584
381 636
381 801
381 844
381 803
381 698
381 395
382 398
382 515
382 781
382 434
382 535
382 930
382 503
382 550
382 465
382 541
383 544
383 815
383 860
383 568
383 720
383 418
384 761
384 593
384 847
384 654
384 426
384 923
384 824
385 927
385 729
385 558
385 410
385 977
385 738
385 945
385 624
385 813
385 420
385 523
385 461
385 700
385 656
386 506
386 935
386 743
386 748
386 764
386 630
386 866
386 438
386 632
386 859
387 976
387 913
387 778
387 522
387 608
387 602
387 811
387 439
387 900
387 706
388 898
388 953
388 762
388 619
388 667
388 500
388 991
388 644
388 534
389 783
389 683
389 673
389 455
389 392
389 604
389 995
389 637
389 751
389 776
389 606
389 488
389 684
389 939
389 924
389 676
389 408
390 660
390 733
390 391
390 412
390 485
390 406
390 552
390 466
390 588
390 445
390 865
390 556
390 830
391 660
391 733
391 865
391 466
391 588
391 830
391 445
391 412
391 485
391 406
391 552
391 556
392 783
392 683
392 673
392 751
392 684
392 606
392 676
392 637
392 455
392 488
392 939
392 408
392 776
392 995
392 924
392 604
393 820
393 896
393 931
393 868
393 601
393 496
393 929
393 567
393 808
393 449
393 540
393 586
393 494
394 897
394 474
394 452
394 804
394 551
394 682
394 672
395 596
395 910
395 636
395 671
395 698
395 844
395 579
395 801
395 584
396 915
396 853
396 701
396 906
396 693
396 486
396 409
396 591
396 849
396 484
396 961
396 721
396 587
396 812
396 784
397 842
397 528
397 941
397 572
397 675
397 899
397 861
397 878
397 992
397 734
397 686
397 400
397 955
397 524
397 417
397 664
397 640
398 930
398 434
398 465
398 550
398 503
398 535
398 515
398 781
398 541
399 483
399 557
399 744
399 959
399 628
399 613
399 747
399 856
399 839
399 730
399 559
399 641
400 842
400 528
400 941
400 675
400 899
400 664
400 861
400 878
400 686
400 640
400 992
400 955
400 572
400 524
400 734
400 417
401 823
401 618
401 791
401 978
401 577
401 504
401 467
401 424
401 942
401 545
401 926
401 703
402 636
402 670
402 479
402 481
402 771
402 499
402 501
402 570
402 440
402 770
402 848
402 774
402 894
403 582
403 735
403 739
403 573
403 911
403 643
403 514
403 850
404 473
404 451
404 917
404 594
404 416
404 547
404 688
404 819
405 558
405 523
405 656
405 410
405 700
405 927
405 729
405 977
405 699
405 624
405 813
405 420
405 461
405 738
405 945
406 660
406 733
406 412
406 466
406 485
406 865
406 552
406 588
406 556
406 830
406 445
407 480
407 817
407 869
408 783
408 683
408 673
408 455
408 604
408 995
408 637
408 488
408 751
408 776
408 606
408 939
408 684
408 924
408 676
409 915
409 525
409 853
409 812
409 701
409 693
409 486
409 961
409 591
409 484
409 906
409 849
409 721
409 587
410 558
410 420
410 523
410 461
410 738
410 700
410 656
410 624
410 729
410 813
410 977
410 699
410 927
410 945
411 677
411 767
412 660
412 733
412 445
412 865
412 466
412 830
412 552
412 556
412 588
412 485
413 788
413 999
413 662
413 799
413 685
413 611
414 885
414 998
414 794
414 435
414 529
414 742
414 782
414 766
414 546
414 987
414 561
414 645
415 625
415 852
415 741
415 772
415 841
415 492
415 787
415 918
416 473
416 451
416 917
416 581
416 547
416 594
416 819
416 688
417 842
417 528
417 941
417 572
417 675
417 878
417 664
417 524
417 640
417 861
417 734
417 992
417 899
417 955
418 544
418 815
418 720
418 860
418 568
419 890
419 876
419 725
419 934
419 653
419 512
419 454
419 970
419 937
419 563
419 994
419 863
419 985
420 558
420 700
420 461
420 977
420 813
420 523
420 927
420 656
420 738
420 729
420 624
420 945
421 928
421 832
421 533
421 981
421 831
422 986
422 892
422 951
422 709
422 536
422 681
423 538
423 689
423 491
423 453
423 508
423 790
423 716
423 607
423 576
423 651
423 610
423 746
423 740
424 823
424 978
424 545
424 791
424 618
424 577
424 703
424 504
424 942
424 926
424 467
425 922
425 932
425 441
425 429
425 531
425 585
425 623
425 714
425 493
425 648
425 614
425 719
425 875
426 847
426 761
426 824
426 923
426 593
426 654
427 521
427 851
427 946
427 821
427 969
427 828
427 620
427 763
428 715
428 874
428 560
428 963
428 437
428 635
429 922
429 714
429 648
429 614
429 623
429 585
429 719
429 531
429 875
429 441
429 493
429 932
430 448
430 724
430 511
430 603
430 507
430 649
430 717
431 477
431 773
431 655
432 658
433 463
433 548
433 914
433 891
433 798
433 750
433 785
433 482
434 781
434 465
434 503
434 535
434 541
434 550
434 515
435 885
435 998
435 794
435 766
435 987
435 561
435 782
435 645
435 546
436 840
436 936
436 674
436 647
436 883
436 519
436 814
436 779
436 993
436 877
436 605
436 680
436 687
436 571
436 691
436 797
437 715
437 874
437 635
437 560
437 963
438 935
438 743
438 764
438 630
438 859
438 866
438 748
438 506
438 855
438 597
438 632
439 811
439 608
439 976
439 913
439 778
439 900
439 706
439 602
440 479
440 770
440 771
440 501
440 499
440 848
440 570
440 670
440 481
440 774
440 894
441 922
441 719
441 648
441 531
441 614
441 875
441 623
441 714
441 585
441 932
442 903
442 659
442 765
442 749
442 816
443 925
443 505
443 471
443 617
443 520
443 727
443 537
443 768
443 948
443 872
443 696
444 889
444 904
444 638
444 518
444 880
444 615
444 769
445 660
445 733
445 466
445 485
445 588
445 830
445 556
445 552
445 865
446 697
446 962
446 542
446 459
446 990
446 974
446 912
448 511
448 507
448 649
448 603
448 717
449 896
449 931
449 496
449 929
449 567
449 494
449 586
449 868
449 601
449 540
449 820
449 808
450 668
450 490
450 949
450 965
450 694
450 569
450 967
450 944
450 983
450 526
450 809
450 616
450 713
451 473
451 547
451 917
451 819
451 594
451 581
451 688
452 897
452 474
452 682
452 551
452 804
452 672
453 538
453 689
453 491
453 716
453 790
453 651
453 576
453 508
453 740
453 607
453 610
453 746
454 890
454 997
454 876
454 863
454 725
454 598
454 934
454 653
454 512
454 575
454 937
454 994
454 985
454 970
454 563
455 783
455 683
455 673
455 676
455 776
455 606
455 995
455 924
455 637
455 488
455 604
455 751
455 684
455 939
456 690
456 943
456 516
456 780
456 827
456 833
456 871
456 731
456 549
456 708
456 510
456 509
457 845
457 957
457 971
458 711
458 800
458 642
458 825
458 589
458 958
458 810
459 962
459 542
459 990
459 621
459 697
459 912
459 974
460 898
460 500
460 667
460 762
460 534
460 991
460 953
460 644
460 619
461 558
461 523
461 945
461 656
461 977
461 729
461 700
461 738
461 813
461 624
461 927
462 975
462 622
462 468
462 966
462 527
463 891
463 750
463 482
463 548
463 914
463 798
463 785
464 882
464 854
464 873
464 888
464 478
464 846
464 753
464 843
464 754
464 792
464 728
465 515
465 781
465 535
465 541
465 930
465 503
465 550
466 660
466 588
466 830
466 556
466 733
466 552
466 485
466 865
467 618
467 791
467 978
467 577
467 504
467 942
467 926
467 703
467 823
467 545
468 975
468 527
468 966
468 622
469 758
469 775
469 707
469 578
469 732
469 702
469 553
469 864
469 554
469 909
469 661
469 564
469 857
470 901
470 879
470 487
470 639
471 925
471 537
471 768
471 617
471 505
471 872
471 696
471 727
471 948
472 960
472 574
472 476
472 626
472 599
472 666
472 777
472 947
472 513
472 818
472 665
472 802
473 594
473 917
473 688
473 581
473 547
473 819
474 934
474 575
474 897
474 682
474 804
474 551
474 672
475 759
475 806
475 543
475 867
475 893
475 870
475 984
476 960
476 777
476 947
476 665
476 626
476 902
476 802
476 666
476 574
476 818
476 599
476 793
477 655
477 773
478 882
478 854
478 873
478 728
478 754
478 888
478 753
478 846
478 792
478 843
479 670
479 481
479 770
479 848
479 894
479 771
479 774
479 570
479 501
479 499
480 869
480 817
481 670
481 894
481 774
481 501
481 499
481 771
481 770
482 750
482 548
482 914
482 785
482 891
482 798
483 710
483 557
483 613
483 856
483 641
483 839
483 559
483 744
483 956
483 730
483 921
483 628
483 747
483 959
484 525
484 853
484 812
484 701
484 906
484 693
484 486
484 591
484 849
484 915
484 961
484 784
484 587
484 721
485 733
485 830
485 588
485 865
485 660
485 552
485 556
486 784
486 701
486 693
486 915
486 906
486 591
486 525
486 849
486 853
486 961
486 812
486 721
486 587
487 901
487 639
487 879
488 783
488 683
488 673
488 604
488 995
488 637
488 751
488 776
488 606
488 676
488 684
488 939
489 950
489 704
489 495
489 580
489 633
489 502
490 526
490 668
490 944
490 809
490 965
490 694
490 983
490 713
490 616
490 949
490 569
490 967
491 538
491 689
491 740
491 610
491 746
491 790
491 508
491 576
491 716
491 607
492 625
492 741
492 772
492 841
492 918
492 852
492 679
492 787
493 922
493 719
493 714
493 531
493 614
493 585
493 932
493 875
493 623
494 820
494 896
494 931
494 868
494 496
494 808
494 929
494 567
494 586
494 540
494 601
495 950
495 704
495 633
495 502
495 580
496 896
496 868
496 601
496 586
496 567
496 820
496 929
496 931
496 808
496 540
497 755
497 826
497 886
497 498
497 631
497 712
497 796
498 826
498 886
498 796
498 631
498 712
499 894
499 570
499 501
499 770
499 771
499 848
500 991
500 953
500 644
500 534
500 762
500 667
500 619
501 894
501 848
501 774
501 570
501 670
501 771
501 770
502 704
502 580
502 950
502 633
503 515
503 535
503 541
503 550
503 930
504 823
504 618
504 791
504 978
504 577
504 926
504 942
504 545
504 703
505 645
505 925
505 768
505 696
505 727
505 617
505 520
505 872
506 597
506 743
506 935
506 632
506 630
506 859
506 764
506 748
506 866
507 724
507 511
507 603
507 649
507 717
508 538
508 689
508 651
508 576
508 607
508 746
508 610
508 790
508 716
508 740
509 690
509 516
509 780
509 827
509 549
509 833
509 871
509 708
509 731
509 943
509 510
510 690
510 516
510 780
510 827
510 549
510 833
510 871
510 731
510 708
511 724
511 603
511 649
511 717
512 890
512 876
512 863
512 600
512 725
512 598
512 934
512 653
512 575
512 985
512 997
512 937
512 563
512 970
512 994
513 960
513 574
513 599
513 666
513 777
513 947
513 793
513 818
513 902
513 665
513 802
514 582
514 735
514 850
514 911
514 573
514 739
514 643
515 541
515 781
515 930
515 550
515 535
516 690
516 780
516 833
516 731
516 871
516 549
516 943
516 708
516 827
517 989
517 695
517 705
518 889
518 904
518 638
518 769
518 615
518 880
519 571
519 840
519 936
519 674
519 687
519 883
519 647
519 691
519 779
519 877
519 680
519 605
519 993
519 814
519 797
520 948
520 768
520 696
520 872
520 537
520 617
520 925
520 727
521 828
521 946
521 763
521 821
521 851
521 620
522 811
522 976
522 913
522 706
522 602
522 900
522 778
523 699
523 729
523 927
523 977
523 624
523 738
523 945
523 700
523 656
523 813
524 842
524 528
524 572
524 675
524 899
524 664
524 861
524 878
524 686
524 734
524 941
524 992
524 640
525 915
525 693
525 849
525 591
525 587
525 721
525 784
525 961
525 853
525 701
525 906
526 569
526 965
526 668
526 616
526 949
526 713
526 809
526 694
526 983
526 967
527 975
527 966
527 622
528 842
528 878
528 640
528 734
528 572
528 899
528 664
528 686
528 941
528 992
528 861
528 675
529 885
529 998
529 794
529 766
529 987
529 561
529 645
529 782
529 546
529 742
530 718
530 756
530 916
530 629
530 786
531 714
531 648
531 922
531 623
531 875
531 719
531 585
531 932
532 652
532 919
532 933
532 736
532 737
533 832
533 981
533 928
533 745
534 991
534 898
534 953
534 644
534 667
534 619
535 781
535 930
535 541
535 550
536 986
536 892
536 951
536 681
536 709
537 948
537 872
537 925
537 696
537 768
537 727
537 617
538 651
538 610
538 716
538 576
538 607
538 689
538 740
538 746
538 790
539 884
539 565
539 789
539 982
539 887
539 723
539 908
539 822
539 657
539 952
540 931
540 868
540 601
540 808
540 929
540 567
540 586
540 896
541 781
541 550
541 930
542 697
542 621
542 990
542 912
542 974
543 759
543 806
543 867
543 893
543 984
543 870
544 860
544 568
544 720
544 815
545 823
545 618
545 978
545 577
545 926
545 942
545 791
545 703
546 998
546 794
546 766
546 987
546 561
546 742
546 645
546 782
546 885
547 917
547 594
547 819
547 581
547 688
548 750
548 785
548 914
548 891
548 798
549 690
549 780
549 827
549 731
549 871
549 708
549 833
550 781
550 930
551 897
551 804
551 682
551 672
552 660
552 733
552 588
552 556
552 865
553 758
553 864
553 752
553 707
553 578
553 732
553 702
553 857
553 909
553 661
553 554
553 564
553 775
554 758
554 752
554 707
554 732
554 702
554 857
554 909
554 661
554 564
554 578
554 775
555 565
555 657
555 887
555 964
555 789
555 822
555 952
555 982
555 723
555 884
556 660
556 588
556 830
556 865
556 733
557 710
557 921
557 856
557 747
557 959
557 628
557 744
557 613
557 559
557 641
557 956
557 730
558 699
558 738
558 977
558 813
558 700
558 624
558 656
558 729
558 927
558 945
559 710
559 959
559 628
559 613
559 747
559 921
559 730
559 744
559 856
559 641
559 839
560 715
560 874
560 635
560 963
561 885
561 998
561 794
561 766
561 987
561 645
561 782
562 836
562 663
562 678
563 890
563 997
563 876
563 863
563 600
563 725
563 598
563 934
563 970
563 937
563 985
563 994
563 575
563 653
564 758
564 864
564 752
564 775
564 707
564 578
564 857
564 661
564 702
564 732
564 909
565 723
565 952
565 884
565 887
565 657
565 789
565 964
565 908
565 982
565 822
566 988
566 722
566 938
566 646
566 920
567 820
567 931
567 868
567 601
567 808
567 929
567 586
567 896
568 815
568 720
568 860
569 668
569 944
569 809
569 949
569 965
569 694
569 983
569 713
569 967
569 616
570 670
570 894
570 848
570 774
570 770
570 771
571 605
571 691
571 814
571 779
571 840
571 877
571 687
571 993
571 674
571 883
571 680
572 878
572 941
572 992
572 861
572 640
572 842
572 899
572 734
572 664
572 955
572 675
572 686
573 582
573 735
573 911
573 850
573 739
573 643
574 902
574 626
574 802
574 960
574 666
574 665
574 818
574 777
574 947
574 793
575 890
575 997
575 876
575 863
575 600
575 725
575 598
575 934
575 937
575 994
575 653
575 985
575 970
576 689
576 651
576 607
576 740
576 746
576 790
576 610
577 618
577 791
577 978
577 823
577 942
577 703
577 926
578 758
578 752
578 775
578 732
578 909
578 702
578 857
578 661
578 707
579 795
579 910
579 636
579 698
579 596
579 671
579 803
579 584
579 801
580 950
580 704
580 633
581 917
581 594
581 819
581 688
582 735
582 911
582 643
582 739
582 850
583 650
583 590
583 807
583 726
583 669
584 596
584 910
584 636
584 671
584 844
584 801
584 698
585 922
585 714
585 614
585 875
585 623
585 648
585 719
585 932
586 896
586 931
586 868
586 601
586 808
586 929
586 820
587 784
587 853
587 701
587 906
587 693
587 591
587 849
587 961
587 721
587 915
587 812
588 660
588 733
588 830
588 865
589 711
589 642
589 825
589 810
589 958
590 650
590 807
590 726
590 669
591 784
591 853
591 812
591 701
591 906
591 693
591 961
591 915
591 849
591 721
592 996
592 907
592 837
593 847
593 761
593 824
593 654
593 923
594 917
594 688
595 835
596 795
596 671
596 801
596 698
596 803
596 636
596 910
596 844
597 935
597 748
597 764
597 630
597 859
597 866
597 855
597 632
598 890
598 997
598 863
598 600
598 725
598 937
598 985
598 934
598 970
598 994
598 653
599 902
599 960
599 626
599 802
599 666
599 777
599 793
599 818
599 947
599 665
600 890
600 997
600 876
600 863
600 985
600 725
600 937
600 934
600 970
600 994
601 820
601 896
601 931
601 868
601 808
601 929
602 976
602 913
602 900
602 706
602 811
602 778
602 608
603 724
603 717
603 649
604 783
604 683
604 673
604 606
604 637
604 939
604 776
604 684
604 676
604 924
604 995
604 751
605 936
605 674
605 687
605 883
605 779
605 993
605 691
605 877
605 797
605 814
605 840
605 680
605 647
606 783
606 683
606 673
606 995
606 637
606 751
606 776
606 676
606 939
606 924
607 689
607 790
607 651
607 740
607 746
607 716
607 610
608 811
608 706
608 900
608 976
608 913
608 778
609 757
610 689
610 716
610 651
610 746
610 740
610 790
611 788
611 999
611 662
611 799
611 685
612 973
612 980
612 968
612 881
612 834
612 760
613 710
613 744
613 959
613 628
613 747
613 921
613 641
613 839
613 956
613 730
613 856
614 922
614 719
614 648
614 875
614 623
614 714
614 932
615 889
615 638
615 880
615 904
615 769
616 944
616 949
616 965
616 694
616 983
616 713
616 809
616 967
616 668
617 925
617 948
617 768
617 872
617 696
617 727
618 823
618 703
618 978
618 942
618 791
618 926
619 991
619 898
619 953
619 644
619 762
619 667
620 828
620 851
620 946
620 821
620 969
620 763
621 697
621 962
621 990
621 974
621 912
622 975
622 966
623 922
623 719
623 714
623 648
623 875
623 932
624 700
624 656
624 927
624 738
624 977
624 945
624 813
624 699
624 729
625 679
625 741
625 787
625 918
625 772
625 852
625 841
626 902
626 960
626 802
626 665
626 793
626 666
626 947
626 818
627 972
627 829
627 858
628 710
628 744
628 959
628 839
628 921
628 641
628 747
628 856
628 956
628 730
629 718
629 756
629 916
629 786
630 935
630 743
630 748
630 764
630 866
630 632
630 855
630 859
631 755
631 826
631 886
631 796
631 712
632 935
632 748
632 764
632 855
632 859
632 866
632 743
633 950
633 704
634 838
635 874
635 963
636 795
636 910
636 671
636 698
636 803
636 844
636 801
637 783
637 683
637 673
637 995
637 924
637 751
637 676
637 939
637 684
637 776
638 904
638 880
638 889
638 769
639 901
639 879
640 842
640 675
640 664
640 878
640 686
640 861
640 941
640 992
640 899
640 955
640 734
641 710
641 744
641 959
641 747
641 839
641 856
641 921
641 956
641 730
642 711
642 800
642 810
642 825
642 958
643 735
643 739
643 911
644 991
644 898
644 953
644 762
644 667
645 872
645 885
645 998
645 794
645 766
645 987
645 742
645 782
646 988
646 920
646 722
647 936
647 674
647 691
647 883
647 840
647 779
647 877
647 814
647 993
647 680
647 797
648 922
648 719
648 714
648 875
648 932
649 717
649 724
650 726
650 807
650 669
651 689
651 790
651 740
651 746
651 716
652 979
652 736
652 919
652 737
653 997
653 876
653 863
653 725
653 934
653 890
653 970
653 994
653 937
654 847
654 761
654 923
654 824
655 773
656 738
656 700
656 927
656 699
656 945
656 729
656 813
656 977
657 723
657 789
657 952
657 887
657 884
657 822
657 982
659 903
659 765
659 749
659 816
660 733
660 865
660 830
661 758
661 864
661 775
661 707
661 732
661 702
661 857
661 909
661 752
662 788
662 999
662 685
662 799
663 836
663 678
664 675
664 899
664 992
664 878
664 734
664 955
664 842
664 861
664 941
664 686
665 902
665 960
665 666
665 777
665 947
665 818
665 793
665 802
666 960
666 793
666 902
666 818
666 802
666 947
666 777
667 991
667 898
667 953
667 762
668 983
668 965
668 809
668 694
668 944
668 949
669 807
669 726
670 771
670 770
670 894
670 774
671 795
671 910
671 698
671 803
671 801
671 844
672 897
672 804
672 682
673 783
673 683
673 776
673 751
673 684
673 924
673 995
673 676
673 939
674 840
674 936
674 687
674 877
674 779
674 691
674 797
674 993
674 814
674 883
674 680
675 941
675 861
675 686
675 878
675 955
675 734
675 899
675 992
675 842
676 783
676 683
676 995
676 751
676 776
676 684
676 939
676 924
677 767
678 836
679 852
679 741
679 772
679 841
679 787
679 918
680 936
680 883
680 814
680 993
680 691
680 877
680 687
680 840
680 779
680 797
681 986
681 892
681 951
681 709
682 804
682 897
683 924
683 995
683 783
683 776
683 751
683 684
684 783
684 995
684 751
684 776
684 924
684 939
685 788
685 999
685 799
686 842
686 941
686 899
686 878
686 992
686 861
686 955
686 734
687 936
687 877
687 814
687 993
687 779
687 883
687 691
688 917
688 819
689 914
689 740
689 790
689 716
689 746
690 943
690 871
690 708
690 833
690 780
690 827
690 731
691 936
691 883
691 779
691 840
691 814
691 993
691 797
691 877
692 805
692 940
693 784
693 853
693 812
693 701
693 906
693 915
693 721
693 849
693 961
694 944
694 809
694 949
694 965
694 967
694 983
694 713
695 989
695 705
696 948
696 925
696 872
696 727
696 768
697 912
697 962
697 990
697 974
698 795
698 910
698 803
698 801
698 844
699 738
699 700
699 977
699 729
699 813
699 945
699 927
700 729
700 945
700 738
700 927
700 813
700 977
701 784
701 812
701 849
701 721
701 853
701 961
701 915
701 906
702 758
702 864
702 752
702 775
702 707
702 732
702 909
702 857
703 823
703 942
703 926
703 791
704 950
705 989
706 976
706 913
706 900
706 811
706 778
707 758
707 864
707 752
707 775
707 909
707 732
707 857
708 943
708 780
708 827
708 833
708 731
708 871
709 986
709 892
709 951
710 956
710 921
710 856
710 839
710 744
710 747
710 959
711 825
711 810
711 958
711 800
712 755
712 826
712 886
712 796
713 809
713 949
713 965
713 983
713 967
714 922
714 719
714 875
714 932
715 874
715 963
716 746
716 740
717 724
718 756
718 786
719 922
719 875
719 932
720 815
720 860
721 812
721 849
721 961
721 906
721 853
721 784
721 915
722 988
722 920
722 938
723 908
723 789
723 822
723 952
723 887
723 964
723 982
723 884
725 997
725 876
725 863
725 890
725 937
725 970
725 985
725 934
725 994
726 807
727 948
727 768
727 872
727 925
728 882
728 854
728 873
728 846
728 754
728 792
728 843
728 888
728 753
729 738
729 813
729 927
729 977
729 945
730 744
730 959
730 747
730 921
730 839
730 856
730 956
731 943
731 780
731 827
731 833
731 871
732 758
732 864
732 752
732 775
732 857
732 909
733 865
733 830
734 941
734 899
734 878
734 955
734 842
734 861
734 992
735 911
735 739
735 850
736 979
736 919
736 933
736 737
737 919
737 933
738 977
738 945
738 927
739 850
739 911
740 790
740 746
741 852
741 787
741 841
741 772
741 918
742 998
742 794
742 987
742 782
742 885
742 766
743 935
743 748
743 859
743 855
743 866
743 764
744 839
744 959
744 956
744 921
744 747
744 856
745 831
745 832
745 928
745 981
746 790
747 959
747 839
747 956
747 856
748 935
748 859
748 764
748 866
748 855
749 903
749 816
749 765
750 798
750 785
750 914
751 783
751 995
751 924
751 939
751 776
752 758
752 864
752 775
752 909
752 857
753 882
753 854
753 888
753 792
753 843
753 754
753 846
754 882
754 854
754 873
754 888
754 792
754 843
754 846
755 826
755 796
756 916
756 786
758 775
758 864
758 857
758 909
759 870
759 806
759 867
759 984
759 893
760 973
760 980
760 968
760 834
760 881
761 847
761 824
761 923
762 898
762 953
762 991
763 828
763 851
763 946
763 821
764 935
764 859
764 855
764 866
765 903
765 816
766 885
766 998
766 794
766 782
766 987
768 925
768 948
768 872
769 889
769 880
770 894
770 848
770 774
770 771
771 894
771 848
771 774
772 852
772 787
772 918
774 894
774 848
775 864
775 909
775 857
776 783
776 995
776 939
776 924
777 902
777 802
777 947
777 960
777 793
777 818
778 811
778 913
778 976
778 900
779 936
779 883
779 814
779 797
779 993
779 877
780 943
780 833
780 827
780 871
782 885
782 998
782 987
782 794
783 924
783 939
783 995
784 915
784 849
784 853
784 961
784 906
785 914
785 798
785 891
786 916
787 852
787 841
787 918
788 799
788 999
789 908
789 952
789 887
789 964
789 884
789 982
789 822
791 823
791 978
791 926
791 942
792 882
792 843
792 888
792 854
792 846
793 902
793 960
793 947
793 818
793 802
794 885
794 998
794 987
795 910
795 803
795 801
796 826
796 886
797 840
797 936
797 883
797 814
797 993
797 877
798 914
798 891
799 999
800 810
800 825
801 910
801 803
801 844
802 902
802 960
802 947
802 818
803 910
803 844
804 897
805 940
806 867
806 984
806 870
806 893
808 820
808 896
808 931
808 868
808 929
809 944
809 983
809 967
809 949
809 965
810 825
810 958
811 913
811 976
811 900
812 915
812 961
812 906
812 849
813 927
813 977
813 945
814 840
814 936
814 883
814 993
814 877
815 860
816 903
817 869
818 902
818 947
818 960
819 917
820 931
820 896
820 929
820 868
821 969
821 946
822 908
822 952
822 887
822 982
822 884
823 978
823 942
823 926
824 847
824 923
825 958
826 886
827 943
827 833
827 871
828 946
828 851
828 969
829 972
829 858
830 865
831 832
831 981
831 928
832 981
832 928
833 943
833 871
834 973
834 980
834 968
834 881
837 996
837 907
839 959
839 921
839 956
839 856
840 883
840 993
840 877
840 936
841 852
841 918
842 861
842 899
842 955
842 941
842 878
842 992
843 882
843 854
843 873
843 846
843 888
844 910
845 957
845 971
846 882
846 854
846 873
846 888
847 923
848 894
849 915
849 853
849 906
849 961
850 911
851 946
851 969
852 918
853 915
853 961
853 906
854 882
854 873
854 888
855 935
855 859
855 866
856 959
856 921
856 956
857 864
857 909
858 972
859 935
859 866
861 941
861 899
861 878
861 955
861 992
862 905
863 876
863 934
863 937
863 997
863 970
863 890
863 985
863 994
864 909
866 935
867 893
867 984
867 870
868 931
868 896
868 929
870 984
870 893
871 943
872 948
872 925
873 882
873 888
874 963
875 922
875 932
876 997
876 985
876 994
876 890
876 934
876 937
877 936
877 883
877 993
878 941
878 899
878 955
878 992
879 901
880 889
880 904
881 973
881 980
881 968
882 888
883 936
884 952
884 887
884 964
884 982
885 987
885 998
887 908
887 952
887 964
887 982
889 904
890 994
890 937
890 997
890 985
890 934
890 970
892 986
892 951
893 984
895 954
896 929
896 931
898 991
898 953
899 992
899 941
899 955
900 976
900 913
902 947
902 960
906 915
906 961
907 996
908 964
908 982
912 962
912 990
912 974
913 976
915 974
915 962
915 961
919 979
919 933
920 988
920 938
921 959
921 956
922 932
924 995
924 939
925 948
926 978
926 942
927 945
927 977
928 981
929 931
933 979
934 997
934 985
934 937
934 970
934 994
936 993
937 997
937 970
937 985
937 994
938 988
939 995
941 992
942 978
944 949
944 965
944 983
945 977
946 969
947 960
949 965
949 983
949 967
951 986
952 964
952 982
953 991
955 992
956 959
957 971
962 974
962 990
964 982
965 983
965 967
966 975
968 973
968 980
970 997
970 994
970 985
973 980
974 990
985 997
985 994
987 998
994 997
