199 1263
0 3
0 24
0 108
0 122
1 30
1 98
1 194
1 190
1 175
1 74
1 156
1 40
1 18
1 138
1 155
1 65
1 130
1 142
1 199
2 107
2 187
2 115
2 172
2 118
2 126
2 164
2 157
2 28
2 161
2 198
2 163
3 196
3 139
3 24
3 108
4 188
4 63
4 173
4 197
4 160
4 68
4 8
4 42
4 147
4 41
4 60
4 38
5 6
5 185
5 159
5 103
5 169
5 137
5 33
5 134
5 183
5 86
5 167
5 132
5 176
6 86
6 159
6 167
6 176
6 134
6 137
6 103
6 132
6 10
6 185
6 11
6 33
7 33
7 86
7 78
7 51
7 151
7 82
7 196
7 43
7 105
7 139
7 120
7 89
8 173
8 197
8 160
8 68
8 60
8 41
8 38
8 147
8 42
9 118
9 199
9 94
9 192
9 129
9 193
9 168
9 48
9 124
9 83
9 117
9 75
9 144
9 104
9 19
9 66
9 165
9 140
10 176
10 103
10 11
10 185
10 137
10 134
10 33
10 132
10 86
10 167
10 183
10 159
10 169
11 103
11 183
11 169
11 134
11 137
11 167
11 33
11 159
11 176
11 185
11 86
11 132
12 69
12 178
12 93
12 71
12 195
12 146
12 90
12 47
12 57
12 152
12 148
12 23
12 27
12 72
12 53
13 90
13 152
13 73
13 111
13 186
13 77
13 97
13 153
13 91
13 54
13 49
13 106
13 96
13 80
13 58
14 174
14 101
14 81
14 100
14 22
14 99
14 128
14 64
14 34
14 52
14 182
14 25
14 109
14 166
14 88
14 150
14 62
15 87
15 37
15 76
15 177
15 149
15 26
15 133
15 46
15 35
15 92
16 162
16 44
16 79
16 184
17 85
17 56
17 112
17 95
17 154
17 50
17 143
17 20
18 167
18 199
18 155
18 98
18 190
18 65
18 74
18 156
18 175
18 40
18 30
18 194
18 130
18 138
19 192
19 129
19 193
19 168
19 48
19 124
19 140
19 83
19 144
19 75
19 104
19 165
19 66
19 117
19 94
20 85
20 114
20 50
20 112
20 154
20 56
20 143
20 95
21 141
21 84
21 113
21 170
21 179
21 59
21 61
21 119
21 67
22 174
22 100
22 109
22 128
22 25
22 150
22 166
22 81
22 64
22 182
22 101
22 62
22 34
22 52
22 99
22 88
23 70
23 178
23 152
23 53
23 90
23 69
23 146
23 72
23 71
23 195
23 93
23 27
23 148
23 57
23 47
24 108
24 122
25 174
25 101
25 81
25 100
25 88
25 109
25 166
25 150
25 62
25 182
25 64
25 52
25 34
25 99
25 128
26 133
26 35
26 37
26 46
26 92
26 149
26 76
26 177
27 69
27 70
27 178
27 72
27 53
27 146
27 93
27 71
27 195
27 148
27 57
27 47
27 90
27 152
28 107
28 189
28 187
28 172
28 164
28 163
28 126
28 198
28 118
28 161
29 82
29 89
29 31
29 32
29 191
29 158
29 39
29 136
29 36
29 121
29 171
29 123
29 45
29 125
29 55
29 145
29 87
30 175
30 40
30 130
30 65
30 190
30 199
30 98
30 138
30 155
30 194
30 74
30 142
30 156
31 87
31 36
31 191
31 123
31 39
31 45
31 171
31 121
31 136
31 32
31 158
31 145
31 125
31 55
32 87
32 125
32 121
32 39
32 55
32 36
32 158
32 123
32 136
32 171
32 45
32 191
32 145
33 142
33 185
33 137
33 134
33 169
33 132
33 159
33 176
33 167
33 103
33 183
33 86
34 174
34 101
34 81
34 100
34 109
34 128
34 166
34 62
34 182
34 64
34 52
34 150
34 99
35 41
35 149
35 133
35 92
35 76
35 37
35 46
35 177
36 121
36 87
36 191
36 158
36 136
36 123
36 171
36 39
36 125
36 45
36 145
36 55
37 133
37 149
37 46
37 177
37 76
38 173
38 197
38 160
38 68
38 60
38 42
38 147
38 41
39 83
39 165
39 87
39 191
39 158
39 136
39 45
39 123
39 171
39 125
39 145
39 55
39 121
40 98
40 194
40 199
40 190
40 138
40 142
40 130
40 74
40 156
40 155
40 175
40 65
41 46
41 173
41 197
41 160
41 68
41 60
41 42
41 147
42 173
42 197
42 160
42 147
42 60
42 68
43 51
43 82
43 196
43 89
43 139
43 151
43 120
43 105
43 78
44 184
44 79
44 162
45 191
45 158
45 136
45 55
45 87
45 171
45 125
45 123
45 121
45 145
46 133
46 76
46 149
46 177
46 92
47 69
47 178
47 148
47 93
47 146
47 71
47 57
47 195
47 53
47 70
47 90
47 72
47 152
48 94
48 192
48 129
48 193
48 168
48 75
48 104
48 124
48 83
48 140
48 66
48 165
48 144
48 117
49 73
49 111
49 77
49 91
49 96
49 97
49 54
49 58
49 186
49 153
49 106
50 85
50 114
50 95
50 154
50 56
50 143
51 78
51 120
51 89
51 139
51 82
51 196
51 151
51 105
52 174
52 88
52 128
52 166
52 150
52 62
52 64
52 182
52 101
52 99
52 100
52 81
53 69
53 70
53 178
53 148
53 93
53 146
53 71
53 57
53 72
53 90
53 195
53 152
54 73
54 111
54 77
54 91
54 96
54 80
54 186
54 106
54 97
54 153
55 87
55 191
55 158
55 136
55 123
55 171
55 145
55 125
55 121
56 114
56 154
56 143
56 85
56 95
57 183
57 69
57 70
57 178
57 146
57 71
57 72
57 148
57 90
57 195
57 152
57 93
58 150
58 128
58 186
58 77
58 97
58 91
58 96
58 80
58 106
58 73
58 111
58 153
59 84
59 113
59 179
59 61
59 119
59 141
59 170
60 197
60 160
60 68
60 173
60 147
61 141
61 84
61 113
61 179
61 170
61 67
61 119
62 119
62 81
62 100
62 99
62 88
62 109
62 128
62 150
62 174
62 101
62 182
62 64
63 188
63 127
63 181
63 110
63 131
63 116
63 180
63 135
64 174
64 101
64 100
64 88
64 109
64 128
64 166
64 150
64 182
65 98
65 194
65 199
65 190
65 138
65 142
65 130
65 74
65 156
65 175
66 94
66 192
66 129
66 193
66 168
66 165
66 124
66 140
66 83
66 104
66 144
66 117
66 75
67 141
67 84
67 113
67 179
67 119
68 173
68 197
68 160
68 147
69 186
69 106
69 152
69 146
69 71
69 195
69 70
69 72
69 178
69 148
69 93
69 90
70 146
70 90
70 93
70 152
70 195
70 72
70 71
70 148
70 178
71 178
71 148
71 93
71 146
71 195
71 152
71 72
71 90
72 183
72 93
72 178
72 148
72 146
72 195
72 90
72 152
73 106
73 97
73 153
73 186
73 80
73 96
73 111
73 77
73 91
74 98
74 194
74 199
74 190
74 138
74 142
74 130
74 156
74 175
74 155
75 192
75 129
75 193
75 168
75 144
75 140
75 104
75 117
75 124
75 83
75 165
76 149
76 92
76 133
76 177
77 186
77 80
77 153
77 106
77 111
77 96
77 91
78 89
78 139
78 82
78 120
78 151
78 196
78 105
79 184
79 162
80 111
80 97
80 91
80 96
80 186
80 153
80 106
81 150
81 174
81 101
81 100
81 182
81 109
81 88
81 166
82 151
82 139
82 89
82 120
82 196
82 105
83 94
83 192
83 129
83 193
83 168
83 124
83 140
83 144
83 117
83 165
83 104
84 141
84 119
84 113
84 170
84 179
85 112
85 143
85 114
85 154
85 95
86 103
86 185
86 137
86 134
86 159
86 169
86 167
86 132
86 176
86 183
87 149
87 121
87 125
87 123
87 136
87 145
87 171
87 158
87 191
88 182
88 174
88 101
88 100
88 99
88 109
88 166
88 128
88 150
89 120
89 196
89 151
89 105
89 139
90 195
90 178
90 148
90 93
90 146
90 152
91 186
91 106
91 153
91 96
91 97
91 111
92 133
92 149
93 178
93 148
93 146
93 195
93 152
94 118
94 104
94 165
94 168
94 124
94 192
94 117
94 140
94 129
94 193
95 114
95 112
95 143
95 154
96 111
96 186
96 97
96 153
96 106
97 111
97 186
97 106
97 153
98 130
98 156
98 138
98 199
98 190
98 194
98 142
98 155
99 174
99 101
99 100
99 128
99 109
99 150
99 182
99 166
100 174
100 101
100 166
100 150
100 128
100 182
100 109
101 174
101 166
101 150
101 128
101 109
101 182
103 187
103 167
103 183
103 176
103 134
103 132
103 137
103 169
103 185
103 159
104 129
104 193
104 168
104 165
104 124
104 140
104 144
104 117
104 192
105 151
105 120
105 196
106 111
106 186
106 153
107 163
107 161
107 157
107 115
107 126
107 187
107 118
107 189
107 164
107 172
107 198
108 122
109 174
109 182
109 128
109 150
109 166
110 188
110 127
110 181
110 131
110 135
110 180
110 116
111 186
111 153
112 114
112 154
112 143
113 141
113 179
113 170
113 119
114 143
114 154
115 187
115 164
115 172
115 189
115 198
115 126
115 163
115 118
116 188
116 127
116 181
116 180
116 131
116 135
117 167
117 129
117 193
117 168
117 165
117 124
117 140
117 144
117 192
118 157
118 189
118 164
118 172
118 163
118 126
118 198
118 161
118 187
119 128
119 170
119 141
119 179
120 151
120 139
120 196
121 191
121 158
121 136
121 123
121 171
121 145
121 125
123 191
123 158
123 136
123 171
123 145
123 125
124 192
124 129
124 193
124 168
124 140
124 144
125 191
125 136
125 171
125 145
125 158
126 189
126 172
126 163
126 187
126 161
126 157
126 198
127 135
127 180
127 188
127 131
127 181
128 174
128 150
129 193
129 192
129 144
129 140
129 165
129 168
130 194
130 199
130 190
130 138
130 156
130 142
130 155
130 175
131 188
131 181
131 180
131 135
132 171
132 146
132 187
132 185
132 137
132 134
132 159
132 167
132 176
132 169
132 183
133 149
133 177
134 185
134 159
134 176
134 183
135 188
135 181
135 180
136 191
136 158
136 145
136 171
137 185
137 159
137 169
137 167
137 176
137 183
138 194
138 199
138 175
138 190
138 156
138 142
139 151
139 196
140 196
140 192
140 193
140 168
140 165
141 179
141 170
142 176
142 194
142 190
142 155
142 156
142 175
142 199
143 154
144 167
144 192
144 193
144 168
144 165
145 191
145 158
145 171
146 167
146 178
146 148
146 195
146 152
147 160
147 173
148 178
148 195
148 152
149 177
150 174
150 166
150 182
151 196
152 178
152 195
153 186
155 199
155 190
155 156
155 175
156 194
156 199
156 175
156 190
157 187
157 189
157 163
157 161
157 164
157 172
157 198
158 191
158 171
159 185
159 167
159 176
159 183
159 169
160 173
160 197
161 189
161 164
161 187
161 172
161 163
162 184
163 187
163 164
163 172
163 189
163 198
164 189
164 187
164 198
165 198
165 196
165 192
165 193
165 168
166 174
166 182
167 175
167 185
167 169
167 176
168 199
168 192
168 193
169 185
169 176
169 183
170 179
171 185
171 191
172 189
172 187
172 198
173 197
174 182
175 194
175 199
176 183
176 185
178 195
180 188
180 181
181 188
183 185
187 189
187 198
189 198
190 194
190 199
192 193
194 199
196 198
