500 3915
0 206
0 343
0 402
0 38
0 89
0 308
0 329
0 317
0 490
0 475
0 187
0 400
0 179
0 228
1 125
1 479
1 488
1 260
1 355
1 49
1 304
1 18
1 22
1 493
1 295
1 389
1 403
1 40
1 366
1 33
1 70
1 429
1 397
1 48
1 255
1 274
2 322
2 468
2 368
2 378
2 79
2 45
2 306
2 135
2 117
2 62
2 223
2 458
2 382
2 111
2 384
2 328
2 482
3 80
3 433
3 413
3 303
3 37
3 197
3 71
3 34
3 19
3 17
3 134
3 124
3 455
3 207
3 241
3 472
3 60
3 441
3 98
3 115
3 337
3 266
4 172
4 333
4 168
4 419
4 487
4 469
4 56
4 273
4 393
4 290
4 85
4 302
4 256
4 118
4 466
4 480
4 446
4 372
4 188
4 81
4 258
4 234
5 229
5 243
6 51
6 369
6 53
6 284
6 497
6 69
6 131
6 448
6 477
6 460
6 42
6 409
6 324
6 353
6 30
6 373
6 470
7 288
7 363
7 282
7 244
7 428
8 142
8 269
8 358
8 102
8 377
8 166
8 430
8 416
8 225
8 439
8 411
8 435
8 11
8 161
8 386
8 452
8 41
8 200
9 218
9 55
9 65
9 276
9 388
9 96
9 253
9 112
9 325
9 73
9 83
9 281
9 263
9 292
9 318
9 209
9 226
9 331
9 164
9 383
9 454
10 199
10 471
10 87
10 349
10 141
10 289
10 364
10 484
10 275
10 176
10 221
10 185
10 313
11 142
11 102
11 439
11 430
11 435
11 386
11 269
11 166
11 358
11 377
11 416
11 200
11 411
11 225
11 452
11 161
11 41
12 160
12 283
12 106
12 224
12 481
13 268
13 66
13 410
13 162
13 88
13 91
13 425
13 58
13 387
13 365
13 75
13 279
13 270
13 398
13 309
14 408
14 257
14 216
15 310
15 137
15 84
15 346
15 175
15 338
15 196
15 177
15 339
15 100
15 422
15 420
15 217
15 43
15 381
15 301
15 214
15 335
15 262
15 371
16 299
16 61
16 46
16 445
16 74
16 294
16 348
16 52
16 483
16 155
16 181
16 444
16 167
16 194
16 261
16 171
16 370
16 495
16 423
16 78
16 77
16 169
17 80
17 433
17 413
17 441
17 37
17 71
17 34
17 19
17 241
17 197
17 455
17 207
17 337
17 63
17 266
17 60
17 124
17 134
17 472
17 115
17 303
18 321
18 403
18 125
18 479
18 488
18 260
18 49
18 493
18 429
18 22
18 128
18 389
18 295
18 397
18 48
18 40
18 366
18 255
18 304
18 70
18 355
18 33
18 274
19 80
19 433
19 413
19 63
19 441
19 303
19 37
19 71
19 34
19 98
19 124
19 197
19 455
19 241
19 472
19 134
19 60
19 337
19 207
19 266
19 115
20 21
20 311
20 93
20 101
20 485
20 272
20 250
20 396
20 195
20 494
20 105
20 344
20 476
20 119
20 94
20 110
21 250
21 311
21 272
21 195
21 344
21 119
21 110
21 485
21 494
21 476
21 93
21 396
21 105
21 101
21 94
22 321
22 125
22 479
22 488
22 260
22 33
22 355
22 49
22 493
22 128
22 397
22 403
22 295
22 48
22 429
22 255
22 70
22 389
22 304
22 40
22 366
22 274
23 212
23 297
23 351
23 236
23 285
23 498
23 136
23 457
24 319
24 437
24 165
24 203
24 341
25 31
25 150
25 132
25 391
25 138
25 360
25 238
25 340
25 463
26 462
26 436
26 227
26 72
26 144
26 431
26 254
26 126
26 465
26 334
26 406
26 415
26 385
26 76
26 220
26 414
27 237
27 242
27 178
27 240
27 159
27 95
27 182
27 347
27 464
27 186
27 68
27 147
27 133
27 189
27 174
27 332
27 362
27 356
27 153
28 271
28 491
28 390
28 219
28 82
28 395
28 450
29 267
29 486
29 417
29 245
29 108
29 104
30 51
30 369
30 53
30 284
30 69
30 131
30 42
30 373
30 448
30 477
30 409
30 460
30 497
30 470
30 353
30 421
30 324
31 391
31 150
31 463
31 340
31 360
31 132
31 238
31 138
32 113
32 36
32 215
32 184
32 330
32 316
32 170
32 357
32 201
32 202
32 447
32 456
32 183
32 246
32 145
32 489
32 180
32 230
32 114
32 67
33 403
33 479
33 488
33 260
33 304
33 48
33 389
33 274
33 321
33 295
33 128
33 49
33 125
33 355
33 493
33 429
33 397
33 40
33 70
33 366
33 255
34 80
34 433
34 413
34 441
34 303
34 37
34 197
34 71
34 124
34 241
34 455
34 134
34 337
34 472
34 266
34 63
34 207
34 60
34 115
34 98
35 57
35 148
35 277
35 467
35 293
35 210
35 298
35 121
35 315
35 354
35 156
35 103
35 278
35 146
36 113
36 246
36 184
36 456
36 201
36 489
36 202
36 316
36 183
36 447
36 215
36 170
36 330
36 357
36 180
36 230
36 114
37 80
37 433
37 413
37 63
37 303
37 441
37 472
37 455
37 197
37 337
37 124
37 241
37 71
37 207
37 266
37 134
37 60
38 179
38 402
38 206
38 343
38 329
38 475
38 116
38 317
38 228
38 89
38 187
38 400
38 308
38 490
39 376
39 120
39 192
39 151
39 149
39 233
39 300
39 139
39 359
39 44
39 190
39 127
39 424
39 158
40 403
40 125
40 479
40 488
40 260
40 355
40 49
40 493
40 429
40 128
40 304
40 397
40 48
40 70
40 274
40 255
40 366
40 321
40 389
40 295
41 142
41 435
41 269
41 358
41 102
41 377
41 166
41 416
41 430
41 386
41 439
41 225
41 200
41 161
41 411
41 452
42 51
42 369
42 53
42 69
42 131
42 373
42 284
42 448
42 497
42 409
42 460
42 324
42 353
42 470
42 477
42 421
43 438
43 137
43 84
43 346
43 175
43 371
43 196
43 177
43 339
43 100
43 422
43 420
43 381
43 217
43 338
43 262
44 376
44 120
44 192
44 151
44 149
44 233
44 300
44 139
44 190
44 158
44 287
44 359
44 127
44 424
45 458
45 322
45 468
45 368
45 378
45 79
45 306
45 117
45 111
45 384
45 223
45 382
45 328
45 135
45 62
46 299
46 74
46 445
46 294
46 423
46 495
46 483
46 61
46 261
46 155
46 194
46 77
46 78
46 169
46 181
46 370
46 348
46 404
46 52
46 444
46 171
46 167
47 172
47 333
47 168
47 118
47 234
47 466
47 290
47 188
47 258
47 372
47 487
47 393
47 273
47 469
47 85
47 256
47 446
47 480
47 419
47 56
47 81
47 302
48 321
48 403
48 125
48 479
48 429
48 304
48 389
48 295
48 397
48 274
48 366
48 260
48 488
48 355
48 49
48 493
48 70
48 128
49 321
49 403
49 125
49 479
49 488
49 355
49 429
49 70
49 260
49 255
49 128
49 304
49 397
49 389
49 295
49 366
49 274
50 152
50 350
50 64
50 461
50 492
50 143
51 324
51 448
51 373
51 284
51 409
51 53
51 470
51 460
51 421
51 131
51 369
51 497
51 69
51 477
52 299
52 61
52 348
52 404
52 74
52 194
52 444
52 261
52 171
52 155
52 370
52 167
52 423
52 181
52 169
52 78
52 483
52 445
52 495
52 77
52 294
53 284
53 353
53 460
53 324
53 373
53 421
53 131
53 477
53 69
53 497
53 409
53 470
54 291
54 90
54 198
54 204
54 451
54 163
54 473
54 405
54 440
54 235
54 327
54 375
54 427
54 157
54 280
54 97
54 252
54 191
54 314
54 305
54 401
54 307
55 218
55 263
55 226
55 164
55 65
55 331
55 209
55 383
55 281
55 336
55 83
55 276
55 292
55 253
55 454
55 325
55 112
55 96
55 388
55 73
55 318
56 172
56 333
56 168
56 419
56 487
56 469
56 466
56 446
56 480
56 81
56 85
56 372
56 118
56 302
56 258
56 256
56 290
56 234
56 188
56 393
56 273
57 121
57 156
57 148
57 103
57 293
57 467
57 278
57 277
57 478
57 315
57 146
57 354
57 210
57 367
57 298
58 425
58 268
58 387
58 410
58 88
58 365
58 91
58 66
58 162
58 75
58 270
58 279
58 398
58 309
59 178
59 174
59 153
59 182
59 186
59 464
59 133
59 240
59 356
59 242
59 362
59 95
59 237
59 189
59 159
59 347
59 147
59 68
60 80
60 433
60 413
60 63
60 441
60 303
60 197
60 71
60 98
60 134
60 124
60 455
60 207
60 241
60 472
60 337
60 115
60 266
61 299
61 404
61 155
61 181
61 167
61 495
61 423
61 171
61 294
61 77
61 74
61 483
61 194
61 261
61 348
61 445
61 444
61 370
61 78
61 169
62 322
62 468
62 368
62 378
62 79
62 117
62 223
62 306
62 135
62 382
62 458
62 111
62 384
62 328
63 80
63 433
63 413
63 303
63 71
63 441
63 455
63 472
63 337
63 98
63 124
63 197
63 134
63 241
63 207
63 115
64 492
64 143
64 152
64 350
64 461
65 218
65 83
65 331
65 263
65 209
65 383
65 454
65 253
65 388
65 73
65 112
65 164
65 336
65 325
65 292
65 281
65 276
65 96
65 318
65 226
66 425
66 268
66 365
66 91
66 410
66 122
66 162
66 279
66 398
66 75
66 309
66 270
66 88
67 113
67 215
67 357
67 489
67 180
67 230
67 170
67 456
67 145
67 316
67 114
67 246
67 447
67 330
67 183
67 202
68 237
68 178
68 356
68 159
68 332
68 95
68 182
68 347
68 362
68 186
68 147
68 174
68 240
68 242
68 189
68 153
68 133
69 369
69 284
69 497
69 477
69 470
69 448
69 131
69 409
69 373
69 421
69 324
69 353
69 460
70 479
70 260
70 128
70 295
70 397
70 488
70 366
70 304
70 493
70 321
70 274
70 125
71 80
71 433
71 413
71 441
71 197
71 472
71 241
71 455
71 303
71 115
71 207
71 337
71 98
71 124
71 134
71 266
72 76
72 414
72 379
72 462
72 406
72 385
72 436
72 227
72 220
72 334
72 415
72 465
72 254
72 144
72 431
72 126
73 218
73 276
73 388
73 112
73 325
73 318
73 281
73 164
73 253
73 263
73 226
73 292
73 454
73 383
73 331
73 83
73 209
74 299
74 348
74 445
74 404
74 77
74 167
74 194
74 78
74 181
74 495
74 261
74 483
74 444
74 155
74 294
74 169
75 425
75 410
75 365
75 162
75 387
75 268
75 398
75 279
75 88
75 122
75 91
75 309
75 270
76 406
76 126
76 415
76 385
76 431
76 334
76 254
76 414
76 220
76 227
76 436
76 462
76 465
77 299
77 348
77 445
77 404
77 194
77 261
77 370
77 495
77 423
77 181
77 78
77 444
77 167
77 155
77 169
77 294
78 299
78 194
78 483
78 444
78 261
78 171
78 155
78 370
78 495
78 423
78 181
78 294
78 169
78 445
78 404
78 348
79 378
79 458
79 322
79 468
79 368
79 482
79 135
79 111
79 306
79 384
79 117
79 382
80 337
80 207
80 441
80 413
80 197
80 124
80 134
80 303
80 266
80 455
80 241
80 98
80 472
80 115
81 333
81 487
81 469
81 446
81 372
81 188
81 234
81 480
81 85
81 256
81 273
81 419
81 168
81 302
81 118
81 290
81 258
81 393
82 271
82 491
82 390
82 395
82 219
82 450
83 218
83 276
83 388
83 96
83 253
83 112
83 325
83 318
83 164
83 336
83 383
83 263
83 454
83 281
83 292
83 226
84 310
84 137
84 371
84 262
84 217
84 346
84 214
84 335
84 196
84 339
84 338
84 420
84 301
84 100
84 177
84 175
84 438
84 422
84 381
85 172
85 333
85 168
85 487
85 469
85 372
85 258
85 466
85 188
85 446
85 118
85 256
85 393
85 290
85 234
85 419
85 480
85 302
85 273
86 107
86 442
86 208
86 251
86 231
86 232
86 342
86 352
86 380
87 199
87 471
87 275
87 349
87 185
87 141
87 364
87 484
87 221
87 289
87 176
87 313
88 425
88 387
88 410
88 122
88 365
88 279
88 270
88 91
88 309
88 268
88 398
89 206
89 179
89 402
89 400
89 490
89 187
89 308
89 343
89 475
89 329
89 317
89 116
90 291
90 198
90 97
90 191
90 405
90 451
90 157
90 440
90 305
90 235
90 314
90 307
90 327
90 427
90 375
90 248
90 252
90 473
90 204
90 401
90 163
90 280
91 425
91 268
91 387
91 410
91 365
91 279
91 270
91 162
91 398
91 309
91 122
92 443
92 211
92 392
92 499
92 394
92 474
93 94
93 485
93 476
93 272
93 195
93 344
93 110
93 311
93 101
93 250
93 396
93 494
93 105
93 119
94 311
94 101
94 485
94 195
94 110
94 250
94 396
94 476
94 105
94 494
94 344
94 272
94 119
95 237
95 242
95 178
95 240
95 159
95 332
95 147
95 464
95 186
95 356
95 153
95 362
95 347
95 174
95 182
95 133
96 276
96 388
96 218
96 209
96 383
96 331
96 226
96 112
96 164
96 253
96 281
96 336
96 454
96 325
96 263
96 318
96 292
97 327
97 291
97 198
97 204
97 451
97 163
97 405
97 473
97 157
97 280
97 252
97 191
97 427
97 305
97 307
97 314
97 235
97 248
97 375
97 440
97 401
98 433
98 413
98 303
98 197
98 115
98 124
98 207
98 134
98 337
98 455
98 472
98 241
99 140
99 239
99 412
99 296
99 193
99 265
99 496
100 137
100 346
100 338
100 335
100 371
100 196
100 177
100 339
100 381
100 438
100 422
100 420
100 175
100 301
100 214
100 310
100 262
100 217
101 311
101 476
101 110
101 272
101 396
101 119
101 105
101 250
101 485
101 494
101 195
101 344
102 142
102 269
102 358
102 161
102 416
102 435
102 166
102 386
102 439
102 377
102 430
102 225
102 411
103 148
103 367
103 293
103 210
103 478
103 146
103 156
103 467
103 277
103 354
103 298
103 315
103 121
103 278
104 486
104 417
104 245
104 108
104 267
105 311
105 485
105 272
105 250
105 195
105 494
105 476
105 119
105 344
105 396
105 110
106 160
106 283
106 481
106 224
107 251
107 208
107 342
107 442
107 380
107 232
107 231
107 352
108 486
108 417
108 245
108 267
109 123
109 129
109 323
109 399
109 286
109 418
110 311
110 272
110 250
110 396
110 195
110 344
110 119
110 476
110 485
111 458
111 322
111 468
111 368
111 378
111 306
111 117
111 223
111 328
111 382
111 384
111 482
112 276
112 388
112 292
112 454
112 263
112 318
112 325
112 336
112 226
112 164
112 331
112 383
112 281
112 209
112 253
113 230
113 215
113 316
113 489
113 330
113 357
113 170
113 202
113 447
113 201
113 180
113 184
113 114
113 183
114 215
114 357
114 489
114 170
114 456
114 145
114 184
114 230
114 330
114 183
114 202
114 447
114 316
114 180
114 201
114 246
115 433
115 413
115 303
115 197
115 134
115 124
115 241
115 472
115 266
115 441
115 207
115 337
116 179
116 343
116 402
116 329
116 228
116 317
116 490
116 187
116 400
116 308
116 206
116 475
117 350
117 458
117 322
117 468
117 368
117 306
117 135
117 328
117 482
117 223
117 382
117 384
118 172
118 333
118 168
118 419
118 487
118 469
118 466
118 446
118 188
118 372
118 480
118 256
118 234
118 393
118 290
118 273
118 258
118 302
119 485
119 272
119 250
119 396
119 195
119 494
119 344
119 476
119 311
120 376
120 233
120 424
120 158
120 151
120 139
120 300
120 127
120 190
120 192
120 287
120 359
121 148
121 367
121 293
121 156
121 315
121 210
121 278
121 277
121 146
121 467
121 478
121 354
121 298
122 425
122 268
122 387
122 410
122 162
122 270
122 309
122 279
122 398
122 365
123 286
123 399
123 323
123 418
123 129
124 413
124 441
124 303
124 197
124 134
124 472
124 207
124 455
124 337
124 433
124 241
124 266
125 321
125 429
125 493
125 274
125 304
125 488
125 255
125 128
125 355
125 389
125 260
125 295
125 403
125 397
125 366
125 479
126 414
126 379
126 406
126 385
126 436
126 220
126 144
126 431
126 254
126 465
126 227
126 334
126 415
127 376
127 192
127 151
127 149
127 233
127 300
127 139
127 190
127 158
127 287
127 424
127 359
128 321
128 479
128 488
128 260
128 355
128 429
128 397
128 304
128 255
128 295
128 274
128 366
129 399
129 323
129 418
129 286
130 434
130 259
130 361
130 407
130 312
130 426
130 449
130 453
130 247
130 205
130 213
130 249
131 369
131 284
131 497
131 448
131 477
131 421
131 460
131 409
131 324
131 353
132 150
132 360
132 238
132 138
132 340
132 463
132 391
133 242
133 189
133 178
133 356
133 240
133 159
133 332
133 182
133 347
133 464
133 362
133 186
133 147
133 174
133 153
133 237
134 413
134 441
134 303
134 197
134 433
134 455
134 266
134 207
134 241
134 472
134 337
135 458
135 322
135 468
135 368
135 482
135 378
135 306
135 328
135 223
135 384
136 212
136 297
136 351
136 236
136 285
136 498
136 457
137 438
137 310
137 420
137 262
137 214
137 381
137 301
137 175
137 422
137 346
137 335
137 338
137 371
137 196
137 177
137 339
137 217
138 150
138 391
138 360
138 340
138 463
138 238
139 376
139 192
139 151
139 149
139 233
139 300
139 424
139 287
139 359
139 190
139 158
140 296
140 265
140 496
140 412
140 239
140 193
141 199
141 471
141 349
141 484
141 364
141 185
141 275
141 313
141 176
141 289
141 221
142 386
142 452
142 435
142 411
142 269
142 439
142 225
142 377
142 166
142 416
142 430
142 200
142 161
142 358
143 492
143 152
143 461
143 350
144 414
144 379
144 462
144 406
144 385
144 436
144 227
144 220
144 431
144 465
144 254
144 415
144 334
145 215
145 489
145 180
145 230
145 456
145 330
145 183
145 246
145 184
145 170
145 202
145 201
145 357
145 447
145 316
146 148
146 367
146 293
146 354
146 156
146 315
146 210
146 278
146 478
146 467
146 277
146 298
147 242
147 189
147 178
147 356
147 240
147 159
147 332
147 182
147 347
147 464
147 362
147 186
147 153
147 174
148 478
148 156
148 367
148 293
148 354
148 210
148 467
148 298
148 277
148 278
148 315
149 192
149 151
149 287
149 359
149 424
149 376
149 158
149 233
149 300
150 238
150 340
150 463
150 391
150 360
151 359
151 376
151 190
151 158
151 287
151 233
151 300
152 492
152 350
152 461
153 237
153 242
153 189
153 178
153 240
153 159
153 182
153 347
153 362
153 186
153 174
153 332
153 356
154 320
154 459
155 299
155 404
155 194
155 444
155 261
155 171
155 294
155 445
155 483
155 167
155 348
155 169
155 495
155 423
155 370
155 181
156 367
156 293
156 210
156 315
156 354
156 467
156 277
156 278
156 298
156 478
157 327
157 291
157 198
157 204
157 163
157 473
157 401
157 314
157 451
157 235
157 427
157 248
157 280
157 307
157 191
157 375
157 305
157 440
158 376
158 192
158 233
158 300
158 359
158 424
158 287
158 190
159 237
159 189
159 178
159 356
159 240
159 332
159 362
159 182
159 242
159 174
159 464
159 186
159 347
160 481
160 224
160 283
161 435
161 269
161 358
161 377
161 166
161 439
161 225
161 200
161 452
161 430
161 386
161 416
161 411
162 387
162 410
162 365
162 279
162 270
162 425
162 309
162 398
163 327
163 198
163 204
163 248
163 307
163 451
163 280
163 440
163 375
163 291
163 473
163 314
163 191
163 305
163 252
163 427
163 235
163 401
164 218
164 276
164 388
164 318
164 253
164 336
164 331
164 325
164 292
164 383
164 281
164 226
164 209
164 263
164 454
165 319
165 437
165 203
165 341
166 435
166 269
166 358
166 377
166 200
166 430
166 386
166 416
166 439
166 225
166 452
167 299
167 348
167 445
167 404
167 194
167 483
167 261
167 171
167 495
167 370
167 444
167 423
167 181
167 294
167 169
168 172
168 333
168 302
168 188
168 290
168 419
168 466
168 256
168 469
168 446
168 372
168 480
168 234
168 393
168 273
169 299
169 445
169 404
169 194
169 483
169 261
169 370
169 495
169 181
169 294
169 171
169 423
169 348
169 444
170 489
170 230
170 215
170 357
170 180
170 447
170 183
170 456
170 246
170 184
170 201
170 202
170 316
171 299
171 348
171 194
171 444
171 261
171 370
171 423
171 495
171 483
171 445
171 404
171 181
172 258
172 302
172 469
172 290
172 256
172 372
172 333
172 487
172 234
172 419
172 393
172 273
173 432
173 222
174 237
174 242
174 189
174 178
174 240
174 332
174 182
174 347
174 464
174 186
174 356
174 362
175 339
175 420
175 262
175 338
175 214
175 371
175 310
175 217
175 438
175 381
175 335
175 196
175 177
175 301
176 199
176 471
176 349
176 484
176 364
176 289
176 313
176 221
176 185
176 275
177 346
177 338
177 335
177 371
177 262
177 381
177 301
177 196
177 420
177 217
177 339
177 438
177 214
177 310
177 422
178 242
178 189
178 240
178 356
178 464
178 332
178 182
178 186
178 362
178 347
179 206
179 228
179 308
179 187
179 317
179 402
179 490
179 400
179 343
179 329
179 475
180 215
180 357
180 184
180 456
180 330
180 202
180 489
180 447
180 183
180 230
180 316
180 201
181 299
181 348
181 194
181 483
181 261
181 495
181 404
181 370
181 445
181 423
181 444
181 294
182 237
182 242
182 189
182 356
182 240
182 362
182 332
182 186
182 347
182 464
183 215
183 489
183 230
183 456
183 184
183 201
183 447
183 330
183 246
183 316
183 357
184 215
184 357
184 489
184 230
184 456
184 316
184 447
184 330
184 201
184 202
185 199
185 471
185 349
185 484
185 364
185 313
185 275
185 289
185 221
186 189
186 356
186 240
186 347
186 464
186 362
186 332
187 343
187 402
187 308
187 329
187 490
187 475
187 400
187 228
187 317
187 206
188 333
188 419
188 487
188 469
188 466
188 302
188 258
188 446
188 480
188 393
188 372
188 273
188 234
188 290
189 237
189 242
189 347
189 464
189 356
189 332
190 376
190 233
190 300
190 424
190 359
190 287
191 327
191 291
191 204
191 451
191 405
191 473
191 252
191 305
191 401
191 307
191 198
191 314
191 248
191 280
191 375
191 440
191 427
192 376
192 424
192 287
192 233
192 300
192 359
193 296
193 265
193 239
193 496
193 412
194 299
194 348
194 445
194 294
194 370
194 423
194 261
194 404
194 483
194 495
195 485
195 250
195 396
195 344
195 494
195 476
195 272
196 438
196 338
196 335
196 371
196 339
196 262
196 381
196 214
196 422
196 310
196 420
196 346
196 301
196 217
197 433
197 413
197 441
197 303
197 472
197 337
197 455
197 241
197 266
198 291
198 235
198 405
198 327
198 248
198 307
198 473
198 305
198 451
198 280
198 252
198 204
198 427
198 375
199 313
199 364
199 221
199 349
199 484
199 289
199 471
200 435
200 269
200 358
200 377
200 416
200 430
200 386
200 439
200 225
200 452
200 411
201 215
201 357
201 456
201 316
201 246
201 447
201 230
201 202
201 330
202 215
202 357
202 489
202 230
202 456
202 447
202 246
202 330
202 316
203 437
203 341
203 319
204 291
204 252
204 235
204 280
204 327
204 305
204 473
204 427
204 375
204 440
204 248
204 307
204 314
204 401
205 259
205 361
205 407
205 426
205 453
205 434
205 312
205 247
205 449
205 213
205 249
206 329
206 490
206 343
206 402
206 475
206 308
206 228
206 317
207 433
207 413
207 441
207 303
207 455
207 472
207 241
207 337
207 266
208 442
208 380
208 342
208 231
208 232
208 251
208 352
209 276
209 388
209 253
209 325
209 318
209 336
209 383
209 331
209 281
209 263
209 292
209 218
209 454
209 226
210 367
210 293
210 354
210 315
210 277
210 278
210 467
210 298
210 478
211 443
211 392
211 499
211 474
211 394
212 457
212 285
212 236
212 351
212 498
212 297
213 434
213 361
213 407
213 312
213 426
213 453
213 449
213 249
214 310
214 346
214 338
214 335
214 371
214 422
214 420
214 217
214 381
214 262
214 339
214 301
215 230
215 489
215 357
215 447
215 456
215 316
215 330
215 246
216 408
216 257
217 310
217 346
217 335
217 371
217 339
217 422
217 420
217 262
217 381
217 338
217 301
218 388
218 263
218 454
218 253
218 281
218 292
218 331
218 325
218 318
218 383
219 271
219 491
219 390
219 395
219 450
220 379
220 462
220 406
220 385
220 436
220 334
220 254
220 414
220 431
220 415
220 227
220 465
221 471
221 349
221 484
221 364
221 275
221 313
221 289
222 432
223 458
223 322
223 468
223 368
223 378
223 306
223 328
223 482
223 382
223 384
224 283
224 481
225 435
225 269
225 358
225 377
225 430
225 386
225 439
225 452
225 411
225 416
226 388
226 253
226 325
226 318
226 336
226 383
226 331
226 281
226 263
226 292
226 454
226 276
227 414
227 379
227 385
227 436
227 415
227 431
227 462
227 406
227 334
227 465
228 343
228 402
228 329
228 400
228 475
228 317
228 490
228 308
229 243
230 357
230 489
230 447
230 456
230 330
230 316
231 442
231 251
231 352
231 342
231 232
231 380
232 442
232 251
232 342
232 352
232 380
233 376
233 359
233 424
233 300
233 287
234 333
234 419
234 469
234 466
234 372
234 258
234 256
234 302
234 393
234 273
234 446
234 290
234 487
234 480
235 327
235 291
235 405
235 473
235 248
235 280
235 427
235 305
235 307
235 314
235 252
235 451
235 401
235 375
235 440
236 351
236 498
236 285
236 297
236 457
237 464
237 242
237 362
237 356
237 347
237 240
237 332
238 391
238 340
238 360
238 463
239 296
239 265
239 496
239 412
240 242
240 356
240 362
240 347
240 464
241 413
241 303
241 455
241 337
241 441
241 472
241 266
241 433
242 347
242 356
242 464
242 362
244 288
244 363
244 282
244 428
245 267
245 486
245 417
246 489
246 456
246 316
246 357
246 447
247 434
247 259
247 407
247 449
247 426
247 453
247 361
247 249
248 291
248 405
248 473
248 252
248 375
248 314
248 280
248 451
248 427
248 305
248 307
248 401
248 440
249 259
249 361
249 407
249 426
249 453
249 312
250 311
250 272
250 396
250 476
250 494
250 485
250 344
251 442
251 342
251 352
251 380
252 291
252 451
252 473
252 280
252 375
252 405
252 427
252 314
252 440
252 327
252 307
252 305
253 454
253 383
253 292
253 336
253 325
253 276
253 281
253 318
253 331
254 379
254 406
254 385
254 436
254 431
254 334
254 465
254 415
254 462
255 321
255 479
255 488
255 260
255 355
255 493
255 429
255 304
255 389
255 295
255 397
255 366
255 274
256 333
256 419
256 487
256 469
256 372
256 258
256 480
256 302
256 466
256 290
256 273
256 446
256 393
257 408
258 333
258 419
258 469
258 466
258 446
258 372
258 302
258 273
258 393
258 480
258 290
259 434
259 426
259 407
259 453
259 361
259 449
259 312
260 321
260 403
260 479
260 488
260 493
260 389
260 397
260 366
260 355
260 295
260 304
260 274
260 429
261 299
261 348
261 404
261 483
261 294
261 370
261 495
261 423
261 445
261 444
262 438
262 346
262 338
262 335
262 371
262 339
262 422
262 420
262 301
262 381
263 276
263 388
263 325
263 336
263 383
263 331
263 454
263 281
263 292
264 326
264 374
264 345
265 296
265 412
265 496
266 433
266 413
266 441
266 303
266 455
266 337
266 472
267 417
267 486
268 425
268 365
268 410
268 398
268 270
268 387
268 279
268 309
269 435
269 416
269 358
269 439
269 430
269 452
269 411
269 386
269 377
270 425
270 410
270 365
270 279
270 387
270 398
270 309
271 450
271 491
271 390
271 395
272 485
272 344
272 396
273 333
273 419
273 469
273 466
273 372
273 480
273 393
273 290
273 446
273 302
273 487
274 321
274 403
274 479
274 488
274 355
274 493
274 429
274 304
274 389
274 397
274 366
274 295
275 471
275 349
275 313
275 289
275 484
276 331
276 454
276 336
276 325
276 388
276 292
276 318
276 281
277 367
277 293
277 354
277 278
277 298
277 315
277 478
277 467
278 367
278 293
278 315
278 298
278 354
278 467
278 478
279 425
279 410
279 365
279 398
279 387
279 309
280 327
280 291
280 451
280 401
280 314
280 307
280 473
280 427
280 405
280 375
280 305
280 440
281 388
281 325
281 318
281 336
281 383
281 331
281 454
281 292
282 288
282 363
282 428
283 481
284 369
284 448
284 421
284 373
284 460
284 470
284 497
284 477
284 409
284 324
285 297
285 351
285 498
285 457
286 323
286 399
286 418
287 376
287 300
287 359
287 424
288 428
288 363
289 471
289 349
289 364
289 313
289 484
290 333
290 419
290 487
290 469
290 466
290 446
290 372
290 393
290 302
291 327
291 401
291 405
291 427
291 305
291 375
291 314
291 451
291 473
291 307
291 440
292 388
292 325
292 318
292 336
292 383
292 331
292 454
293 367
293 478
293 354
293 315
293 467
293 298
294 299
294 348
294 445
294 404
294 444
294 370
294 495
294 423
294 483
295 321
295 403
295 479
295 488
295 493
295 429
295 304
295 355
295 397
295 366
296 412
296 496
297 498
297 457
297 351
298 367
298 354
298 315
298 467
298 478
299 370
299 444
299 483
299 445
299 423
299 404
299 348
299 495
300 376
300 359
300 424
301 310
301 346
301 338
301 335
301 371
301 339
301 422
301 420
301 381
302 333
302 419
302 487
302 469
302 446
302 372
302 480
302 393
303 433
303 441
303 472
303 455
303 337
304 403
304 479
304 488
304 493
304 397
304 355
304 389
304 429
304 366
304 321
305 451
305 405
305 473
305 440
305 427
305 314
305 375
305 307
305 401
305 327
306 458
306 322
306 468
306 368
306 382
306 384
306 482
306 328
307 327
307 451
307 314
307 427
307 473
307 401
307 405
307 440
307 375
308 402
308 317
308 343
308 400
308 490
308 475
309 410
309 365
309 398
309 425
309 387
310 438
310 335
310 371
310 346
310 338
310 422
310 420
310 339
311 396
311 494
311 476
311 485
311 344
312 407
312 434
312 426
312 361
312 449
313 471
313 349
313 364
313 484
314 327
314 451
314 473
314 427
314 440
314 401
314 375
315 367
315 478
315 467
316 357
316 489
316 456
316 330
316 447
317 402
317 329
317 475
317 343
317 400
317 490
318 325
318 383
318 331
318 336
318 388
318 454
319 341
319 437
320 459
321 366
321 488
321 355
321 389
321 403
321 493
321 479
321 397
322 458
322 482
322 328
322 384
322 378
322 368
322 468
322 382
323 418
323 399
324 369
324 373
324 477
324 470
324 353
324 409
324 460
324 421
325 388
325 454
325 383
325 331
325 336
326 374
326 345
327 401
327 375
327 473
327 440
327 427
327 451
327 405
328 468
328 368
328 382
328 482
328 384
328 378
329 343
329 402
329 490
329 475
329 400
330 357
330 489
330 456
330 447
331 388
331 383
331 336
331 454
332 356
332 362
332 464
332 347
333 419
333 446
333 480
333 372
333 466
333 469
333 393
333 487
334 379
334 462
334 406
334 385
334 436
334 431
334 465
334 415
334 414
335 346
335 338
335 422
335 339
335 371
335 420
336 388
336 454
336 383
337 433
337 413
337 472
337 441
338 438
338 346
338 371
338 381
338 422
338 420
338 339
339 438
339 346
339 371
339 381
339 422
339 420
340 391
340 360
340 463
341 437
342 442
342 352
342 380
343 402
343 475
343 400
343 490
344 485
344 396
344 494
344 476
345 374
346 438
346 371
346 420
346 422
347 356
347 362
347 464
348 423
348 444
348 370
348 495
348 404
348 445
348 483
349 471
349 364
349 484
350 482
350 492
350 461
351 457
351 498
352 442
352 380
353 448
353 477
353 409
353 460
353 421
353 470
353 369
353 373
353 497
354 367
354 478
354 467
355 479
355 488
355 366
355 397
355 403
355 389
355 429
356 464
356 362
357 456
357 489
357 447
358 435
358 416
358 386
358 430
358 439
358 452
358 377
358 411
359 376
359 424
360 391
360 463
361 434
361 407
361 449
361 426
362 464
363 428
364 471
364 484
365 425
365 387
365 410
365 398
366 479
366 493
366 429
366 389
366 397
366 488
366 403
367 478
367 467
368 458
368 468
368 382
368 378
368 482
368 384
369 421
369 448
369 460
369 497
369 409
369 373
369 470
370 404
370 483
370 444
370 495
370 445
370 423
371 438
371 422
371 381
371 420
372 487
372 446
372 419
372 469
372 393
372 480
372 466
373 497
373 470
373 409
373 421
373 448
373 477
373 460
375 405
375 427
375 401
375 440
375 473
375 451
376 424
377 430
377 435
377 386
377 439
377 416
377 452
377 411
378 468
378 458
378 482
378 384
378 382
379 406
379 414
379 431
379 415
379 385
379 436
379 462
379 465
380 442
381 438
381 422
381 420
382 468
382 482
382 384
383 388
383 454
384 458
384 468
384 482
385 414
385 436
385 462
385 431
385 465
385 406
386 416
386 430
386 439
386 411
386 452
387 425
387 410
387 398
388 454
389 403
389 479
389 429
389 488
389 493
389 397
390 491
390 450
390 395
391 463
392 443
392 394
392 499
392 474
393 419
393 487
393 469
393 466
393 446
393 480
394 443
394 499
394 474
395 491
395 450
396 476
396 494
397 403
397 479
397 488
397 493
397 429
398 425
398 410
399 418
400 402
400 475
400 490
401 451
401 405
401 473
401 427
401 440
402 490
402 475
403 429
403 479
403 493
404 495
404 444
404 423
405 451
405 427
405 473
405 440
406 414
406 462
406 415
406 431
406 436
406 465
407 449
407 426
407 434
407 453
409 497
409 448
409 477
409 460
409 421
409 470
410 425
411 416
411 430
411 439
411 452
412 496
413 433
413 472
413 455
413 441
414 415
414 462
414 465
414 431
414 436
415 462
415 436
415 431
415 465
416 439
416 435
416 430
416 452
417 486
419 469
419 480
419 466
419 487
419 446
420 438
420 422
421 497
421 448
421 460
421 477
421 470
422 438
423 445
423 444
423 495
423 483
426 434
426 449
426 453
427 473
427 451
427 440
429 479
429 488
429 493
430 439
430 435
430 452
431 462
431 436
431 465
433 455
433 441
433 472
434 449
435 439
435 452
436 462
436 465
439 452
440 473
440 451
441 455
441 472
443 474
443 499
444 445
444 483
445 495
446 487
446 469
447 489
447 456
448 497
448 470
448 460
448 477
449 453
451 473
455 472
456 489
457 498
458 482
458 468
460 497
460 477
460 470
461 492
462 465
466 487
466 469
466 480
467 478
468 482
469 487
469 480
470 497
470 477
471 484
474 499
475 490
476 485
476 494
477 497
479 488
479 493
480 487
483 495
485 494
488 493
