517 2800
1 2
1 3
1 4
1 9
1 62
2 3
2 4
2 8
2 9
2 10
2 13
2 14
2 18
2 20
2 21
2 22
2 23
2 24
2 25
2 27
2 30
2 32
2 33
2 42
2 43
2 44
2 51
2 55
2 56
2 58
2 59
2 62
2 63
2 66
2 76
2 77
2 81
2 88
2 89
2 91
2 92
2 95
2 96
2 98
2 103
2 107
2 108
2 109
2 110
2 111
2 113
2 114
2 116
2 119
2 120
2 123
2 124
2 127
2 128
2 130
2 134
2 138
2 139
2 140
2 141
2 146
2 152
2 157
2 166
2 170
2 172
2 181
2 185
2 187
2 188
2 189
2 190
2 191
2 196
2 197
2 200
2 206
2 207
2 216
2 222
2 224
2 225
2 226
2 227
2 229
2 231
2 234
2 240
2 244
2 246
2 247
2 248
2 249
2 250
2 251
2 252
2 253
2 254
2 255
2 256
2 273
2 274
2 278
2 280
2 290
2 301
2 316
2 320
2 326
2 327
2 336
2 341
2 348
2 349
2 352
2 355
2 356
2 364
2 382
2 384
2 385
2 388
2 389
2 393
2 400
2 401
2 407
2 415
2 422
2 428
2 430
2 431
2 432
2 433
2 488
2 490
2 492
2 519
3 4
3 5
3 19
3 27
3 28
3 29
3 70
4 2
4 9
4 16
4 19
4 21
4 22
4 26
4 27
4 42
4 51
4 55
4 58
4 59
4 116
4 139
4 157
4 190
4 191
4 197
4 200
4 222
4 224
4 225
4 226
4 229
4 242
4 244
4 247
4 248
4 252
4 255
4 272
4 273
4 278
4 290
4 349
4 395
4 415
4 428
5 2
5 4
5 9
5 10
5 11
5 14
5 75
5 76
5 107
5 109
6 1
6 3
6 5
8 1
8 3
8 9
8 24
8 25
8 64
8 65
8 66
9 2
9 4
9 8
9 13
9 14
9 15
9 21
9 42
9 50
9 55
9 56
9 104
9 106
9 117
9 122
9 128
9 132
9 141
9 153
9 159
9 170
9 180
9 198
9 212
9 222
9 224
9 225
9 226
9 229
9 232
9 257
9 260
9 261
9 263
9 265
9 266
9 267
9 270
9 278
9 295
9 354
9 424
9 428
9 434
10 4
10 5
10 9
10 11
10 12
11 2
11 4
11 5
11 9
11 12
11 13
11 14
11 15
11 19
11 22
11 27
11 29
11 34
11 35
11 171
11 301
11 390
12 9
12 11
12 19
12 27
12 29
12 54
12 56
12 354
13 2
13 4
13 5
13 9
13 14
13 15
13 19
13 20
13 21
13 22
13 23
13 25
13 27
13 37
13 41
13 42
13 44
13 47
13 51
13 54
13 55
13 76
13 84
13 102
13 107
13 151
13 163
13 181
13 182
13 186
13 214
13 216
13 219
13 233
13 325
13 357
13 371
13 396
13 397
14 13
14 15
14 19
14 21
14 22
14 23
14 29
14 37
14 41
14 47
14 48
14 53
14 54
14 55
14 76
14 83
14 86
14 107
14 151
14 182
14 214
14 233
14 371
15 2
15 4
15 16
16 2
16 13
16 14
16 182
18 2
18 3
18 4
18 9
18 12
18 19
18 20
18 22
18 37
18 68
18 69
18 71
18 73
18 74
18 94
18 99
18 100
18 101
18 153
18 158
18 420
18 426
18 448
19 2
19 4
19 9
19 13
19 14
19 18
19 20
19 21
19 22
19 23
19 27
19 29
19 40
19 44
19 47
19 49
19 51
19 53
19 54
19 76
19 78
19 107
19 111
19 113
19 143
19 147
19 165
19 194
19 201
19 301
19 316
19 318
19 343
19 390
20 4
20 9
20 14
20 23
20 25
20 32
20 44
20 123
20 132
20 190
20 212
20 234
20 242
20 341
20 348
21 13
21 14
21 20
21 22
21 23
21 25
21 38
21 41
21 42
21 43
21 44
21 46
21 49
21 115
21 149
21 185
21 193
21 195
21 203
21 209
21 281
21 297
21 320
21 379
22 2
22 4
22 9
22 14
22 19
22 21
22 23
22 25
22 29
22 31
22 37
22 40
22 41
22 54
22 55
22 76
22 107
22 120
22 125
22 147
22 161
22 169
22 207
22 208
22 227
22 239
22 280
22 281
22 309
22 347
22 351
22 373
22 374
22 379
22 381
22 382
23 2
23 4
23 9
23 13
23 14
23 21
23 22
23 25
23 37
23 38
23 46
23 48
23 49
23 50
23 52
23 112
23 115
23 149
23 185
23 195
23 280
23 281
23 297
23 409
24 4
24 25
24 26
25 4
25 9
25 14
25 20
25 21
25 22
25 23
25 44
25 64
25 107
25 123
25 128
25 167
25 172
25 173
25 189
25 190
25 221
25 231
25 234
25 238
25 274
25 338
25 344
25 348
25 350
25 352
25 356
25 416
26 8
26 9
27 4
27 9
27 12
27 13
27 14
27 19
27 22
27 28
27 29
27 31
27 40
27 42
27 55
27 59
27 76
27 107
27 117
27 122
27 144
27 148
27 184
27 198
27 199
27 202
27 231
27 279
27 281
27 284
27 285
27 286
27 287
27 288
27 289
27 346
27 385
28 29
28 30
29 2
29 4
29 9
29 12
29 13
29 14
29 19
29 22
29 27
29 31
29 40
29 56
29 59
29 76
29 107
29 117
29 122
29 140
29 144
29 148
29 156
29 184
29 194
29 198
29 199
29 202
29 231
29 281
29 284
29 285
29 286
29 287
29 288
29 289
29 301
29 331
29 346
29 365
29 385
29 386
29 427
30 4
30 22
30 27
30 29
30 31
31 32
31 33
31 49
31 333
32 2
32 4
32 11
32 20
32 33
32 34
32 166
32 358
33 4
33 5
33 11
33 34
33 35
34 2
34 5
34 25
34 35
34 422
35 5
35 9
35 11
35 13
35 14
35 18
35 153
35 396
36 11
36 19
37 2
37 4
37 9
37 18
37 21
37 22
37 38
37 40
37 107
37 108
39 22
39 27
39 29
39 40
39 42
39 52
40 13
40 14
40 21
40 22
40 27
40 29
40 41
40 76
40 107
40 109
40 111
40 113
40 118
40 122
40 146
40 152
40 162
40 164
40 179
40 183
40 204
40 215
40 217
40 316
40 317
41 2
41 4
41 9
41 21
41 42
41 203
41 209
42 14
42 29
42 43
42 44
42 45
42 205
42 210
43 13
43 14
43 19
43 20
43 23
43 25
43 44
43 45
43 54
43 76
43 122
43 353
44 14
44 23
44 42
44 43
44 45
44 53
44 54
44 122
44 353
45 20
45 42
45 43
45 44
45 46
45 76
45 124
45 176
46 13
46 14
46 19
46 22
46 27
46 29
46 37
47 19
47 53
47 54
48 13
48 21
49 2
49 4
49 9
49 22
49 25
49 53
49 54
49 55
49 137
49 184
49 224
49 337
50 2
50 4
50 21
50 51
51 14
51 20
51 21
51 22
51 23
51 25
51 54
51 119
51 196
52 21
52 42
52 46
53 12
53 13
53 19
53 22
53 43
53 51
53 54
53 55
53 60
53 237
54 22
54 53
54 55
54 57
54 60
54 213
54 237
55 1
55 9
55 13
55 19
55 29
55 40
55 42
55 45
55 46
55 47
55 48
55 51
55 53
55 60
55 61
55 62
55 67
55 76
55 79
55 92
55 96
55 107
55 108
55 110
55 114
55 126
55 132
55 140
55 141
55 162
55 164
55 170
55 171
55 185
55 207
55 212
55 218
55 257
55 258
55 259
55 261
55 264
55 265
55 266
55 267
55 268
55 269
55 275
55 276
55 277
55 348
55 357
55 463
55 519
56 4
56 12
56 27
56 29
56 53
56 54
56 272
56 281
56 285
56 286
56 287
56 288
56 289
56 290
56 294
57 22
57 53
57 55
57 76
57 310
57 312
57 314
57 373
57 374
57 375
57 401
57 402
57 405
57 406
58 27
58 29
58 59
58 192
58 193
58 251
59 58
59 192
59 193
59 244
59 246
59 249
59 250
59 251
59 252
59 253
59 254
61 1
61 62
62 2
62 4
62 9
62 63
63 4
63 8
63 64
63 65
64 4
64 8
64 25
64 65
64 247
64 248
64 272
64 416
64 423
64 425
65 64
66 2
66 4
66 9
66 21
66 23
66 25
66 58
66 59
66 64
66 107
66 109
66 240
66 251
66 408
66 409
67 1
67 62
68 1
68 6
68 19
69 3
69 19
69 70
70 1
71 2
71 4
71 10
71 19
73 19
74 19
74 51
74 75
75 5
75 51
75 76
76 2
76 4
76 9
76 13
76 20
76 25
76 27
76 29
76 44
76 107
76 109
76 110
76 142
76 194
76 260
76 268
76 402
76 406
77 4
77 9
77 19
77 78
80 2
80 4
80 81
81 4
81 12
81 82
82 12
82 13
82 14
82 83
82 84
83 13
84 14
85 13
85 14
85 86
86 2
86 4
86 13
86 56
87 11
87 13
87 14
87 51
88 2
88 4
88 9
88 30
89 4
89 9
89 90
90 2
90 4
90 91
91 4
91 12
91 82
92 4
92 9
92 93
93 2
93 4
93 95
94 9
94 420
95 4
95 33
96 4
96 9
96 97
97 2
97 4
97 33
98 2
98 4
98 9
98 32
99 5
99 13
99 14
99 19
100 5
100 13
100 14
100 19
101 13
101 14
101 19
101 102
102 2
102 4
102 14
102 103
103 4
103 11
103 12
105 11
105 87
106 9
106 32
106 212
106 257
106 261
106 265
107 2
107 4
107 9
107 19
107 20
107 21
107 22
107 23
107 25
107 27
107 40
107 75
107 76
107 108
107 109
107 110
107 111
107 113
107 115
107 118
107 120
107 138
107 139
107 146
107 152
107 162
107 164
107 165
107 176
107 177
107 179
107 183
107 204
107 216
107 221
107 225
107 234
107 240
107 278
107 364
107 384
107 398
107 407
107 429
108 2
108 4
108 9
108 20
108 22
108 25
108 40
108 43
108 44
108 45
108 76
108 107
108 109
108 110
108 123
108 190
108 197
108 229
108 232
108 235
108 347
108 353
109 2
109 4
109 9
109 19
109 20
109 22
109 25
109 27
109 29
109 75
109 76
109 107
109 110
109 120
109 138
109 165
109 176
109 177
109 221
109 225
109 234
109 240
109 342
110 4
110 9
110 20
110 25
110 76
110 108
111 2
111 4
111 9
111 19
111 21
111 22
111 113
111 114
111 378
111 379
111 407
111 428
112 19
112 21
112 40
112 107
112 111
112 113
112 149
112 184
112 186
112 345
113 4
113 9
114 2
114 4
114 9
114 19
114 43
114 44
114 76
114 432
115 2
115 4
115 116
116 9
116 27
116 29
116 117
117 40
117 51
117 107
117 118
117 122
118 51
118 119
119 4
119 9
119 22
119 40
119 107
119 120
119 121
119 122
119 127
120 4
120 9
120 108
120 121
120 235
121 2
121 9
121 20
121 25
121 108
121 123
122 13
122 14
122 27
122 29
122 51
122 107
122 140
123 45
123 124
124 4
124 9
124 22
124 125
125 126
125 127
126 127
127 4
127 9
127 22
127 40
127 76
127 107
127 129
127 130
127 131
127 215
128 22
128 54
128 129
128 213
128 311
128 313
128 323
128 369
128 370
128 379
128 380
128 381
129 22
129 130
129 131
130 4
130 9
130 131
131 132
131 133
132 9
132 20
132 25
132 32
132 76
132 104
132 106
132 133
132 166
132 212
132 260
133 2
133 4
133 134
134 4
136 49
136 137
137 107
137 109
137 138
138 2
138 4
138 9
138 25
138 128
138 184
139 9
139 27
139 29
139 122
140 4
140 9
140 27
140 43
140 44
140 122
141 4
141 9
141 13
141 14
141 21
141 23
141 76
141 142
141 185
141 219
142 19
142 22
142 76
142 143
143 22
143 27
143 29
143 144
145 40
145 107
145 146
146 4
146 9
147 27
147 29
147 148
150 13
150 14
150 22
150 151
151 22
151 40
151 107
151 152
152 4
152 9
153 9
153 154
154 9
155 27
155 29
155 156
156 2
156 4
156 27
156 157
157 9
157 18
157 158
158 9
158 159
159 19
159 107
159 109
159 165
159 307
159 315
159 342
160 13
160 14
160 22
160 161
160 163
161 40
161 107
161 162
163 14
163 22
163 40
163 107
163 164
164 22
164 196
164 391
164 392
165 25
165 166
165 167
166 2
166 4
166 9
166 20
166 22
166 25
166 107
166 109
166 167
166 172
166 221
166 231
166 233
166 234
166 238
166 239
166 355
168 22
168 169
169 11
169 170
169 171
170 2
170 4
170 9
170 11
170 19
170 21
170 23
170 25
170 76
170 171
170 185
170 186
170 195
170 272
170 292
170 327
171 19
171 76
171 220
172 25
172 173
175 107
175 109
175 176
175 177
176 177
176 184
176 223
176 230
177 178
178 40
178 107
178 179
179 9
179 180
180 13
180 14
180 181
181 4
181 9
181 14
182 40
182 107
182 183
183 9
183 170
184 13
184 14
184 22
184 76
184 170
184 185
184 186
184 224
184 230
185 2
185 4
185 9
185 13
185 14
185 22
185 23
185 76
185 184
185 186
185 222
185 384
185 385
186 13
186 14
186 22
186 27
186 29
186 76
186 184
186 214
186 273
186 278
186 279
186 345
187 2
187 4
187 9
187 25
187 188
187 189
187 190
188 4
188 9
188 20
188 25
188 49
188 58
188 59
188 108
188 189
188 190
188 232
188 239
188 249
188 261
188 272
188 329
188 337
189 2
189 4
189 9
189 190
189 191
190 2
190 4
190 9
190 58
190 59
190 188
190 232
190 239
190 246
190 272
191 58
191 59
191 192
191 193
192 27
192 29
192 193
192 194
193 9
193 20
193 281
194 27
194 51
194 196
195 51
195 194
195 196
196 2
196 4
196 9
196 19
196 22
196 25
196 42
196 76
196 107
196 194
196 210
196 272
196 350
196 383
196 384
196 391
196 392
197 9
197 27
197 29
197 198
198 19
198 27
198 29
198 199
198 201
199 2
199 4
199 21
199 41
199 200
199 209
200 9
200 141
201 27
201 29
201 202
202 21
202 41
202 203
203 40
203 107
203 204
204 42
204 205
206 4
206 9
206 22
206 207
206 431
207 4
207 9
207 22
207 208
209 42
209 196
209 210
210 19
210 76
210 211
211 19
211 76
211 138
211 184
211 212
211 213
211 214
212 2
212 4
212 20
212 76
212 213
212 257
213 370
214 138
214 184
215 13
215 14
215 76
215 107
215 216
216 4
216 9
216 14
216 22
216 40
216 107
216 217
217 13
217 14
217 27
217 29
217 42
217 107
218 19
218 76
219 14
219 21
219 23
219 185
220 19
220 76
221 2
221 4
221 9
221 185
221 222
222 2
222 4
222 9
222 49
222 184
222 223
222 224
223 49
223 184
223 224
223 230
224 2
224 4
224 9
224 107
224 109
224 225
225 2
225 4
225 9
225 226
226 2
226 4
226 9
226 22
226 227
226 387
227 4
227 9
227 228
228 2
228 4
228 9
228 108
228 229
229 45
229 176
231 4
231 9
231 13
231 14
231 76
231 108
231 188
231 190
231 232
231 233
231 257
232 20
232 45
233 2
233 9
233 20
233 25
233 107
233 109
233 234
233 265
234 2
234 4
234 9
234 27
234 29
234 76
234 190
234 231
234 261
235 9
236 53
236 54
236 237
237 25
237 166
237 238
238 22
238 239
239 2
239 4
239 9
239 25
239 247
239 266
239 413
239 434
240 4
240 9
240 25
240 58
240 59
240 196
240 253
240 272
240 291
240 350
240 416
241 4
241 20
241 242
243 2
243 4
243 9
243 244
243 258
244 2
244 4
244 58
244 254
245 2
245 4
245 9
245 246
245 264
246 2
246 4
246 58
246 249
247 2
247 4
247 58
247 59
247 66
247 248
247 250
247 272
247 414
247 435
248 2
248 4
248 58
248 59
248 240
248 252
249 4
249 9
249 58
249 264
250 2
250 4
250 58
250 251
251 4
251 25
251 76
251 274
252 2
252 4
252 58
252 253
253 4
253 58
253 76
253 251
254 4
254 58
255 2
255 4
255 256
256 4
257 2
257 4
257 9
257 76
257 231
258 9
258 76
258 104
258 132
258 259
259 9
259 76
259 104
259 260
260 9
260 25
260 104
260 106
260 166
260 231
260 257
261 2
261 4
261 9
261 234
262 9
262 25
262 106
262 166
262 233
262 265
263 9
263 25
263 104
263 106
263 166
263 234
263 261
264 9
264 104
264 263
266 9
266 76
266 106
266 188
266 190
266 239
266 267
267 25
267 76
267 104
267 106
267 166
267 239
268 2
268 4
268 9
268 104
268 267
268 274
269 2
269 4
269 9
269 104
269 270
269 273
270 104
271 2
271 4
271 9
271 252
271 277
272 2
272 4
272 9
272 25
272 32
272 248
272 275
272 276
272 290
272 292
272 294
272 350
272 423
272 424
273 2
273 4
273 9
273 255
273 269
274 2
274 4
274 9
274 186
274 250
274 268
274 273
274 278
275 32
275 76
275 267
276 9
276 76
276 188
276 190
276 266
276 272
277 9
277 76
277 268
278 27
278 29
278 184
278 273
279 29
280 4
280 9
280 21
280 281
280 282
281 21
281 282
281 290
281 410
281 412
282 21
282 22
282 27
282 29
282 281
282 283
282 284
282 285
282 286
282 287
282 288
282 289
283 21
283 22
283 23
283 27
283 29
283 281
283 282
283 284
283 285
283 286
283 287
283 288
283 289
284 22
284 281
284 419
285 22
285 281
285 284
285 286
285 287
285 288
285 289
285 290
285 409
285 410
285 412
285 419
286 22
286 281
286 287
286 288
286 289
286 290
287 22
287 281
287 288
287 289
287 290
288 22
288 281
288 289
288 290
289 22
289 281
289 290
290 9
290 25
290 240
290 291
290 424
291 25
291 56
291 170
291 272
291 290
291 292
291 294
292 22
292 293
293 22
293 272
293 423
293 424
294 9
294 295
295 86
295 296
296 86
298 2
298 13
298 14
298 20
298 21
298 23
298 25
298 43
298 44
299 2
299 13
299 14
299 20
299 21
299 23
299 25
299 43
299 44
300 2
300 13
300 14
300 20
300 21
300 23
300 25
300 43
300 44
301 4
301 22
301 25
301 27
301 302
301 303
301 304
301 305
301 306
302 25
302 301
302 303
303 25
303 301
303 304
304 25
304 305
304 306
304 377
305 22
305 25
305 308
305 322
306 25
307 19
307 25
307 305
307 308
308 22
308 25
308 309
309 57
309 310
310 128
310 213
310 311
311 57
311 213
311 312
312 128
312 213
312 313
313 57
313 213
313 314
314 54
314 128
314 213
315 19
315 316
315 317
315 318
315 324
316 4
316 22
316 317
316 318
317 19
317 22
317 316
317 318
319 2
319 20
319 21
319 25
319 320
320 20
320 21
320 25
320 321
321 21
321 22
321 25
321 305
321 322
322 22
322 25
322 128
322 213
322 323
323 213
324 13
324 14
324 19
324 325
325 2
325 14
325 25
325 326
326 20
326 25
326 328
327 20
327 25
327 326
327 328
328 20
329 25
329 49
329 76
329 330
330 27
330 29
330 76
330 331
331 9
331 27
331 332
332 9
332 334
333 9
333 49
333 332
333 334
334 9
334 332
334 335
335 2
335 4
335 332
335 336
336 2
336 4
336 25
336 43
337 9
337 25
337 338
337 339
338 9
338 339
339 9
339 85
339 340
340 2
340 20
340 85
340 341
341 25
341 344
342 19
342 107
342 343
343 25
343 341
343 344
344 2
344 4
344 9
344 107
344 278
345 27
345 29
345 184
345 346
346 2
346 20
346 25
346 347
346 348
347 2
347 20
347 25
347 348
348 2
348 4
348 349
349 25
349 196
349 240
349 272
349 350
350 22
350 351
351 2
351 25
351 352
352 2
352 4
352 21
353 9
353 12
353 354
354 22
354 25
354 166
354 355
355 2
355 4
355 9
355 22
355 25
355 76
355 356
356 2
356 13
356 20
356 25
356 76
357 2
357 13
357 20
357 25
357 32
357 76
357 355
357 358
358 76
358 359
359 2
359 4
359 9
359 25
359 76
359 166
359 355
360 361
360 362
361 32
361 55
361 357
361 358
361 362
364 20
364 25
364 27
364 29
364 365
365 27
367 76
367 368
368 76
369 22
369 213
369 370
369 373
370 13
370 14
370 371
373 22
373 374
374 375
376 25
376 304
376 377
377 25
378 21
378 22
378 379
379 380
379 381
380 381
381 2
381 4
381 9
381 382
382 4
382 9
382 196
382 383
384 2
384 4
384 9
384 385
385 4
385 9
386 27
386 385
387 2
387 4
387 388
388 2
388 4
388 389
389 4
389 25
389 394
390 22
390 164
390 196
390 391
390 392
391 2
391 4
391 22
391 392
391 393
392 22
393 4
393 25
393 389
393 394
394 2
394 4
394 25
394 316
394 395
395 2
396 13
396 14
396 397
397 14
397 40
397 107
397 398
398 9
398 22
398 40
398 399
398 400
398 403
399 22
399 400
400 4
400 9
400 22
400 57
400 401
400 402
400 404
401 4
401 9
401 19
401 40
401 76
401 107
401 111
401 402
401 405
401 407
402 76
403 9
403 404
404 2
404 4
404 9
404 57
404 400
404 402
404 405
405 2
405 4
405 9
405 57
405 76
405 401
405 402
405 406
406 2
406 4
406 9
406 402
406 407
407 4
407 9
407 19
407 40
407 57
407 76
407 401
407 402
407 406
408 21
408 23
408 25
408 409
409 9
409 18
409 21
409 25
409 247
409 281
409 410
409 426
409 435
410 51
410 411
411 51
411 281
411 285
411 412
412 239
412 247
412 413
412 414
413 247
413 412
413 414
414 2
414 4
414 415
415 272
415 416
415 417
416 4
416 247
416 248
416 272
416 417
416 418
416 425
417 272
417 416
417 418
418 272
418 281
418 284
418 285
418 419
419 4
419 64
419 247
419 248
419 272
419 281
419 416
419 422
419 423
419 425
420 9
420 421
421 9
421 25
421 240
421 416
422 4
422 25
422 64
422 247
422 248
422 272
422 416
422 423
422 425
423 4
423 247
423 248
423 272
423 416
423 424
423 425
424 2
424 4
424 290
425 4
425 247
425 248
425 272
426 9
426 27
426 29
426 427
427 2
427 4
427 9
427 27
427 111
427 428
428 2
428 4
428 9
428 429
428 430
429 2
429 4
429 9
429 430
430 2
430 4
430 9
430 206
430 431
431 2
431 4
431 9
431 432
431 433
432 4
432 9
432 433
433 4
433 9
433 239
433 434
434 247
434 409
434 435
436 2
436 4
436 9
436 55
436 92
437 12
437 18
437 19
438 18
438 19
438 71
439 55
439 79
440 18
440 19
440 101
441 2
441 4
441 9
441 55
441 62
442 1
442 3
442 18
442 19
442 55
443 18
443 19
443 100
444 2
444 4
444 9
444 88
446 55
446 67
447 18
447 19
447 448
448 19
449 18
449 19
449 99
450 18
450 19
450 73
451 55
451 61
452 18
452 19
452 74
453 2
453 4
453 9
453 89
454 2
454 4
454 9
454 98
455 18
455 19
455 69
456 18
456 19
456 68
457 2
457 4
457 9
457 55
457 96
458 2
458 4
458 9
458 111
459 2
459 4
459 9
459 124
460 2
460 4
460 9
460 55
460 110
461 2
461 4
461 9
461 55
461 108
462 55
462 463
464 2
464 4
464 9
464 196
465 2
465 4
465 9
465 55
465 114
466 55
466 218
467 2
467 4
467 9
467 55
467 185
468 2
468 4
468 9
468 206
469 2
469 4
469 9
469 216
470 2
470 4
470 9
470 55
470 107
471 2
471 4
471 9
471 109
472 2
472 4
472 9
472 181
473 2
473 4
473 9
473 146
474 2
474 4
474 9
474 152
475 2
475 4
475 9
475 55
475 207
476 2
476 4
476 9
476 138
477 2
477 4
477 9
477 119
478 55
478 162
479 2
479 4
479 9
479 55
479 140
480 2
480 4
480 9
480 127
481 2
481 4
481 9
481 55
481 170
482 2
482 4
482 9
482 130
483 2
483 4
483 9
483 55
483 141
484 55
484 171
485 55
485 164
486 2
486 4
486 9
486 113
487 2
487 4
487 9
487 488
488 4
488 9
489 2
489 4
489 9
489 490
490 4
490 9
491 2
491 4
491 9
491 492
492 4
492 9
493 55
493 267
494 55
494 275
495 55
495 132
498 55
498 265
500 55
500 212
501 55
501 261
502 55
502 266
503 55
503 276
504 55
504 257
505 55
505 269
506 55
506 259
507 55
507 264
508 55
508 258
509 55
509 277
510 55
510 268
511 51
511 55
512 47
512 55
514 48
514 55
515 42
515 55
516 19
516 55
517 55
517 76
518 2
518 4
518 9
518 55
518 519
519 4
519 9
520 2
520 4
520 9
520 187
521 2
521 4
521 9
521 55
522 9
522 56
523 45
523 55
524 46
524 55
528 40
528 55
529 55
529 530
530 55
531 55
531 348
532 2
532 4
532 9
532 77
535 55
535 126
