631 5621
1 2
1 3
1 4
1 5
1 11
1 19
1 21
1 23
1 37
1 38
1 118
1 272
1 331
1 416
1 418
2 2
2 3
2 4
2 5
2 7
2 8
2 9
2 11
2 19
2 23
2 24
2 26
2 37
2 38
2 39
2 40
2 42
2 43
2 45
2 47
2 51
2 53
2 54
2 55
2 61
2 62
2 65
2 67
2 68
2 69
2 75
2 76
2 78
2 89
2 91
2 93
2 95
2 97
2 104
2 107
2 109
2 110
2 111
2 112
2 113
2 118
2 122
2 124
2 130
2 132
2 133
2 146
2 151
2 152
2 153
2 156
2 167
2 170
2 175
2 176
2 178
2 183
2 184
2 185
2 187
2 188
2 192
2 193
2 196
2 201
2 202
2 206
2 207
2 216
2 217
2 219
2 222
2 230
2 231
2 235
2 239
2 240
2 245
2 246
2 248
2 257
2 258
2 270
2 273
2 281
2 282
2 283
2 284
2 285
2 286
2 287
2 288
2 291
2 296
2 301
2 302
2 304
2 305
2 306
2 312
2 315
2 316
2 322
2 328
2 329
2 331
2 332
2 335
2 340
2 345
2 353
2 356
2 363
2 371
2 376
2 379
2 380
2 382
2 388
2 393
2 395
2 396
2 399
2 406
2 407
2 411
2 412
2 418
2 419
2 421
2 422
2 423
2 424
2 425
2 426
2 427
2 429
2 430
2 431
2 432
2 433
2 434
2 435
2 436
2 437
2 438
2 439
2 441
2 442
2 443
2 445
2 447
2 452
2 459
2 464
2 466
2 472
2 474
2 480
2 481
2 486
2 496
2 498
2 501
2 502
2 503
2 504
2 510
2 511
2 513
2 514
2 517
2 518
2 519
2 520
2 522
2 523
2 524
2 525
2 528
2 529
2 530
2 531
2 532
2 533
2 534
2 544
2 548
2 549
2 550
2 561
2 563
2 567
2 569
2 574
2 583
2 584
2 585
2 588
2 589
2 590
2 596
2 597
2 601
2 602
2 603
2 604
2 606
2 607
2 610
2 611
2 614
2 615
2 616
2 617
2 618
2 619
2 620
2 621
2 622
2 623
2 630
2 631
2 632
2 633
2 638
2 641
2 644
3 4
3 5
3 7
3 9
3 38
3 122
4 5
5 2
5 11
5 23
5 38
5 40
5 41
5 43
5 45
5 47
5 76
5 78
5 110
5 112
5 113
5 122
5 124
5 133
5 148
5 168
5 180
5 183
5 201
5 202
5 216
5 235
5 237
5 267
5 291
5 412
5 418
5 419
5 421
5 422
5 423
5 424
5 425
5 430
5 431
5 432
5 433
5 434
5 435
5 436
5 437
5 438
5 439
5 511
5 513
5 531
5 550
5 632
6 2
6 3
6 5
6 7
6 11
6 19
6 23
6 37
6 38
6 420
7 5
8 2
8 3
8 5
8 9
8 19
8 23
8 37
8 38
8 422
9 5
10 11
10 12
10 13
10 47
11 2
11 5
11 12
11 13
11 14
11 15
11 16
11 18
11 19
11 20
11 23
11 37
11 38
11 40
11 41
11 43
11 45
11 47
11 50
11 52
11 53
11 59
11 61
11 62
11 65
11 67
11 70
11 74
11 75
11 76
11 77
11 78
11 84
11 88
11 93
11 94
11 95
11 96
11 102
11 104
11 105
11 106
11 110
11 111
11 112
11 113
11 115
11 116
11 117
11 118
11 124
11 127
11 128
11 129
11 132
11 133
11 142
11 144
11 152
11 154
11 155
11 156
11 164
11 168
11 169
11 170
11 174
11 178
11 182
11 183
11 184
11 186
11 187
11 192
11 197
11 199
11 202
11 204
11 210
11 212
11 216
11 217
11 219
11 227
11 229
11 232
11 235
11 236
11 239
11 240
11 242
11 248
11 257
11 260
11 265
11 269
11 272
11 291
11 293
11 294
11 295
11 296
11 298
11 299
11 300
11 301
11 314
11 322
11 326
11 327
11 331
11 332
11 333
11 343
11 360
11 363
11 367
11 371
11 379
11 381
11 382
11 383
11 388
11 389
11 390
11 391
11 392
11 393
11 394
11 395
11 399
11 400
11 407
11 410
11 416
11 417
11 425
11 430
11 432
11 438
11 440
11 441
11 445
11 446
11 450
11 452
11 454
11 462
11 464
11 465
11 466
11 469
11 471
11 472
11 473
11 474
11 476
11 477
11 480
11 488
11 490
11 498
11 500
11 501
11 503
11 506
11 509
11 511
11 514
11 517
11 523
11 524
11 528
11 529
11 530
11 531
11 533
11 534
11 536
11 543
11 544
11 545
11 547
11 550
11 551
11 556
11 557
11 558
11 559
11 561
11 564
11 569
11 573
11 574
11 575
11 578
11 584
11 586
11 587
11 588
11 591
11 592
11 594
11 597
11 598
11 600
11 601
11 605
11 606
11 607
11 612
11 614
11 616
11 623
11 630
11 638
11 639
11 642
11 643
11 644
12 13
13 2
13 16
13 41
14 15
14 16
15 16
16 2
16 13
16 47
16 112
16 113
16 293
16 317
17 18
17 19
17 20
18 1
18 2
18 3
18 5
18 6
18 8
18 19
18 20
18 23
18 37
18 38
18 47
18 73
18 82
18 102
18 113
18 122
18 124
18 125
18 126
18 127
18 130
18 133
18 134
18 154
18 156
18 170
18 379
18 391
18 407
18 445
18 512
18 513
18 515
18 530
18 531
18 542
18 551
18 573
18 575
18 616
18 638
19 2
19 11
19 18
19 19
19 20
19 23
19 37
19 38
19 41
19 43
19 47
19 48
19 77
19 78
19 82
19 110
19 112
19 118
19 133
19 156
19 170
19 197
19 235
19 249
19 327
19 331
19 332
19 333
19 343
19 344
19 345
19 379
19 381
19 388
19 391
19 400
19 407
19 445
19 511
19 514
19 515
19 517
19 528
19 530
19 531
19 533
19 534
19 550
19 551
19 575
19 584
19 588
19 601
19 602
19 606
19 607
19 614
19 616
19 623
19 638
20 2
20 113
20 574
21 2
21 5
21 11
21 19
21 22
21 23
21 24
21 25
21 26
21 27
21 28
21 29
21 30
21 31
21 32
21 33
21 34
21 35
21 38
21 39
21 40
21 41
21 42
21 43
21 48
21 53
21 69
21 70
21 77
21 78
21 112
21 113
21 170
21 209
21 239
21 291
21 310
21 311
21 327
21 332
21 349
21 395
21 397
21 398
21 416
21 425
21 426
21 427
21 430
21 432
21 433
21 438
21 452
21 453
22 2
22 11
22 21
22 23
22 37
22 38
22 282
22 395
23 2
23 5
23 11
23 21
23 37
23 38
23 41
23 43
23 47
23 66
23 68
23 75
23 77
23 78
23 112
23 122
23 123
23 124
23 151
23 190
23 239
23 251
23 291
23 395
23 396
23 418
23 419
23 420
23 421
23 422
23 423
23 424
23 425
23 426
23 430
23 431
23 432
23 433
23 434
23 435
23 436
23 437
23 438
23 439
23 507
23 512
23 513
23 574
23 575
23 591
24 23
24 25
24 37
25 2
25 23
25 37
25 38
25 283
26 23
26 27
26 37
27 2
27 23
27 37
27 38
27 284
28 2
28 23
28 29
28 38
28 62
29 2
29 23
29 37
29 38
29 285
30 2
30 23
30 31
30 37
30 38
30 63
31 2
31 23
31 37
31 38
31 286
32 2
32 23
32 33
32 37
32 38
32 64
33 2
33 23
33 37
33 38
33 287
34 2
34 23
34 35
34 38
34 65
35 2
35 23
35 37
35 38
35 288
36 2
36 11
36 21
36 23
36 37
36 38
36 52
36 276
36 327
37 2
37 3
37 5
37 18
37 19
37 21
37 28
37 34
37 36
37 38
37 41
37 43
37 47
37 52
37 62
37 63
37 64
37 65
37 66
37 67
37 78
37 110
37 112
37 113
37 118
37 133
37 139
37 170
37 177
37 178
37 193
37 197
37 216
37 293
37 299
37 305
37 323
37 326
37 328
37 332
37 363
37 388
37 414
37 418
37 420
37 422
37 498
37 511
37 514
37 517
37 526
37 528
37 530
37 533
37 534
37 542
37 550
37 572
37 583
37 584
37 588
37 601
37 606
37 607
37 614
37 616
37 623
37 638
38 2
38 11
38 19
38 24
38 26
38 37
38 47
38 62
38 65
38 112
38 133
38 170
38 216
38 217
38 258
38 282
38 283
38 284
38 285
38 286
38 287
38 288
38 302
38 304
38 305
38 316
38 353
38 363
38 459
38 498
38 503
38 583
39 2
39 5
39 11
39 13
39 16
39 19
39 21
39 23
39 37
39 40
39 41
39 42
39 43
39 45
39 47
39 49
39 53
39 66
39 76
39 77
39 78
39 82
39 84
39 85
39 86
39 87
39 88
39 93
39 95
39 96
39 97
39 100
39 102
39 103
39 105
39 107
39 110
39 112
39 116
39 118
39 119
39 120
39 124
39 131
39 132
39 133
39 134
39 135
39 136
39 141
39 142
39 145
39 148
39 151
39 155
39 156
39 159
39 160
39 161
39 163
39 164
39 165
39 166
39 168
39 170
39 171
39 172
39 174
39 175
39 176
39 178
39 180
39 186
39 187
39 189
39 190
39 191
39 192
39 197
39 198
39 199
39 203
39 204
39 207
39 208
39 210
39 213
39 214
39 215
39 219
39 223
39 224
39 225
39 226
39 227
39 228
39 229
39 235
39 239
39 240
39 243
39 244
39 249
39 250
39 261
39 267
39 270
39 271
39 273
39 274
39 275
39 277
39 278
39 279
39 291
39 292
39 293
39 294
39 296
39 297
39 299
39 303
39 304
39 306
39 308
39 310
39 314
39 315
39 318
39 321
39 323
39 324
39 325
39 327
39 331
39 332
39 333
39 335
39 337
39 339
39 340
39 343
39 344
39 345
39 346
39 350
39 351
39 353
39 354
39 357
39 358
39 359
39 360
39 361
39 362
39 363
39 364
39 375
39 379
39 381
39 383
39 385
39 388
39 392
39 396
39 397
39 399
39 407
39 408
39 409
39 410
39 440
39 441
39 445
39 446
39 448
39 449
39 450
39 452
39 454
39 460
39 461
39 462
39 463
39 464
39 465
39 466
39 471
39 472
39 473
39 474
39 478
39 481
39 486
39 491
39 492
39 493
39 494
39 495
39 496
39 497
39 500
39 501
39 507
39 511
39 514
39 517
39 518
39 519
39 520
39 522
39 524
39 525
39 528
39 530
39 533
39 534
39 538
39 539
39 543
39 547
39 548
39 550
39 561
39 562
39 563
39 564
39 567
39 569
39 574
39 576
39 577
39 578
39 584
39 585
39 587
39 588
39 591
39 594
39 596
39 599
39 601
39 602
39 604
39 605
39 606
39 607
39 608
39 609
39 614
39 616
39 618
39 619
39 622
39 623
39 624
39 628
39 638
39 639
39 643
39 644
40 2
40 19
40 41
40 42
40 43
40 47
40 120
40 168
40 170
41 2
41 5
41 11
41 16
41 19
41 23
41 39
41 42
41 43
41 45
41 47
41 82
41 86
41 87
41 93
41 97
41 102
41 103
41 105
41 112
41 119
41 124
41 131
41 132
41 141
41 156
41 168
41 170
41 178
41 180
41 187
41 192
41 204
41 207
41 208
41 210
41 223
41 225
41 227
41 229
41 235
41 240
41 244
41 249
41 267
41 277
41 278
41 292
41 293
41 294
41 296
41 303
41 314
41 324
41 327
41 332
41 341
41 362
41 379
41 388
41 399
41 407
41 441
41 445
41 452
41 464
41 466
41 472
41 474
41 491
41 492
41 493
41 494
41 495
41 497
41 501
41 511
41 514
41 519
41 520
41 522
41 524
41 525
41 543
41 548
41 561
41 563
41 569
41 588
41 602
41 606
41 618
41 619
41 622
41 638
41 644
42 5
42 11
42 23
42 43
42 112
42 113
42 291
42 419
42 421
42 423
42 424
42 425
42 426
42 430
42 431
42 432
42 433
42 434
42 435
42 436
42 437
42 438
42 439
43 2
43 5
43 11
43 23
43 38
43 39
43 41
43 43
43 47
43 49
43 53
43 78
43 94
43 113
43 124
43 163
43 183
43 222
43 280
43 281
43 314
43 323
43 332
43 352
43 511
43 514
43 520
43 541
43 561
43 569
43 588
43 602
43 606
43 607
43 618
43 619
43 620
43 622
43 638
43 644
44 45
44 46
44 47
45 10
45 14
45 16
45 39
45 43
45 46
45 47
45 194
45 242
45 298
45 308
45 320
45 451
45 455
45 548
45 570
45 593
45 597
45 612
45 613
45 620
46 11
46 47
46 52
46 106
47 2
47 5
47 11
47 14
47 21
47 38
47 41
47 43
47 51
47 52
47 53
47 54
47 170
47 183
47 216
47 217
47 239
47 247
47 298
47 581
47 612
48 2
48 23
48 39
48 41
48 49
48 156
49 2
49 41
49 113
50 2
50 5
50 47
50 51
50 133
50 574
51 2
51 5
51 112
51 113
51 246
52 2
52 5
52 21
52 23
52 38
52 39
52 41
52 43
52 53
52 77
52 78
52 106
52 210
52 216
53 2
53 5
53 11
53 23
53 41
53 43
53 52
53 183
54 2
54 5
54 55
54 112
54 113
54 245
55 5
56 2
56 57
56 58
57 2
57 58
58 2
58 47
58 59
59 2
59 39
59 41
59 47
59 145
59 464
60 2
60 11
60 24
60 37
60 38
61 26
61 37
61 38
63 2
63 11
63 38
64 2
64 11
64 38
66 2
66 38
66 67
66 78
67 38
68 2
68 5
68 11
68 21
68 23
68 42
68 69
68 74
68 75
68 76
68 112
68 426
68 427
69 2
69 5
69 23
69 68
69 426
69 427
70 2
70 23
71 5
71 18
71 112
71 113
72 18
72 19
72 48
72 73
72 156
73 2
73 19
73 43
73 49
73 112
73 113
74 2
74 23
74 68
74 75
74 76
75 43
75 77
75 523
75 524
76 78
76 270
77 2
77 11
77 19
77 37
77 39
77 41
77 43
77 66
77 78
77 82
77 85
77 93
77 95
77 99
77 102
77 110
77 112
77 118
77 151
77 154
77 159
77 161
77 164
77 166
77 172
77 186
77 197
77 198
77 210
77 214
77 224
77 235
77 243
77 277
77 306
77 310
77 327
77 331
77 332
77 333
77 337
77 339
77 344
77 358
77 375
77 379
77 381
77 388
77 407
77 409
77 445
77 449
77 461
77 464
77 507
77 511
77 514
77 517
77 518
77 528
77 530
77 533
77 534
77 550
77 577
77 584
77 588
77 601
77 606
77 607
77 609
77 614
77 616
77 623
77 628
77 638
78 2
78 43
78 95
78 150
78 174
78 259
78 322
78 343
78 363
78 464
78 507
78 511
78 544
78 577
78 590
78 597
78 609
78 611
78 626
79 2
79 19
79 47
79 80
80 2
80 47
80 78
80 250
80 261
81 2
81 19
81 43
81 47
81 79
81 82
81 149
81 193
81 402
82 2
82 11
82 19
82 37
82 38
82 40
82 41
82 43
82 47
82 77
82 78
82 79
82 84
82 95
82 101
82 106
82 110
82 112
82 118
82 149
82 164
82 168
82 197
82 235
82 327
82 331
82 332
82 333
82 343
82 363
82 379
82 381
82 388
82 403
82 404
82 407
82 445
82 511
82 514
82 517
82 528
82 530
82 533
82 534
82 543
82 550
82 584
82 588
82 601
82 606
82 607
82 614
82 616
82 623
82 638
83 2
83 11
83 19
83 39
83 41
83 43
83 82
83 84
84 2
84 19
84 41
84 43
85 2
85 11
85 19
85 37
85 41
85 43
85 82
85 86
85 87
85 110
85 112
85 118
85 197
85 224
85 235
85 243
85 277
85 306
85 310
85 327
85 331
85 332
85 333
85 339
85 379
85 381
85 388
85 407
85 445
85 511
85 514
85 517
85 528
85 530
85 533
85 534
85 550
85 584
85 588
85 601
85 606
85 607
85 614
85 616
85 623
85 628
85 638
86 11
86 87
86 524
87 11
87 41
87 86
87 524
88 2
88 5
88 43
88 78
88 89
88 114
88 147
88 148
88 212
88 379
88 582
88 630
88 636
89 2
89 5
89 110
89 475
89 588
90 2
90 91
91 2
91 43
91 94
91 541
92 2
92 11
92 77
92 93
93 2
93 11
93 77
93 95
93 237
93 276
93 281
93 565
93 568
93 642
94 77
94 78
94 95
94 115
94 541
95 19
95 77
95 78
95 104
95 150
95 174
95 281
95 333
95 343
95 363
95 486
95 511
95 641
96 2
96 39
96 41
96 43
96 78
96 97
96 105
97 2
97 75
97 522
97 523
97 524
98 2
98 43
98 77
98 99
98 105
99 11
99 127
100 2
100 41
100 43
100 99
100 101
101 2
101 19
101 99
101 117
101 118
101 404
102 2
102 5
102 11
102 19
102 37
102 39
102 41
102 43
102 77
102 78
102 82
102 85
102 98
102 100
102 103
102 104
102 105
102 110
102 112
102 118
102 133
102 155
102 159
102 163
102 164
102 167
102 168
102 169
102 170
102 171
102 172
102 186
102 197
102 198
102 210
102 224
102 235
102 243
102 277
102 306
102 310
102 327
102 331
102 332
102 333
102 339
102 379
102 381
102 388
102 407
102 445
102 511
102 514
102 517
102 528
102 530
102 533
102 534
102 550
102 584
102 588
102 601
102 606
102 607
102 614
102 616
102 623
102 628
102 638
103 2
103 11
103 43
103 77
103 78
103 96
103 98
103 104
103 105
103 128
103 186
103 219
103 239
103 260
103 375
103 396
103 463
103 492
103 511
103 522
103 524
103 569
104 2
104 37
104 38
104 43
104 78
104 98
104 105
104 112
104 117
104 133
104 363
105 2
105 11
105 41
105 43
105 78
105 103
105 244
105 511
105 522
105 524
106 11
106 19
106 133
106 293
107 78
109 5
109 11
109 110
109 111
110 2
110 41
110 43
110 111
110 118
110 332
110 475
110 511
110 584
110 588
110 601
110 606
110 607
110 614
110 616
110 623
110 638
111 5
111 133
112 2
112 5
112 18
112 20
112 41
112 43
112 47
112 49
112 78
112 110
112 113
112 118
112 133
112 141
112 154
112 162
112 163
112 178
112 197
112 237
112 248
112 273
112 303
112 305
112 317
112 332
112 345
112 425
112 430
112 432
112 477
112 498
112 506
112 509
112 511
112 514
112 517
112 522
112 523
112 528
112 530
112 533
112 534
112 550
112 574
112 584
112 585
112 588
112 590
112 601
112 606
112 607
112 614
112 616
112 623
112 638
113 5
113 11
113 23
113 38
113 47
113 68
113 78
113 104
113 112
113 118
113 133
113 153
113 237
113 245
113 246
113 248
113 273
113 291
113 304
113 305
113 312
113 345
113 396
113 419
113 421
113 423
113 424
113 425
113 429
113 430
113 431
113 432
113 433
113 434
113 435
113 436
113 437
113 438
113 439
113 498
113 503
113 514
113 522
113 523
113 524
113 574
113 585
113 590
113 620
113 623
114 2
114 11
114 94
114 115
114 379
114 582
116 2
116 11
116 19
116 37
116 39
116 41
116 43
116 77
116 82
116 85
116 101
116 102
116 110
116 112
116 117
116 118
116 132
116 154
116 164
116 186
116 197
116 198
116 210
116 224
116 232
116 235
116 236
116 243
116 277
116 306
116 310
116 311
116 324
116 325
116 327
116 331
116 332
116 333
116 339
116 379
116 381
116 388
116 407
116 445
116 511
116 514
116 517
116 528
116 530
116 533
116 534
116 550
116 571
116 584
116 588
116 598
116 601
116 606
116 607
116 614
116 616
116 623
116 628
116 638
117 118
118 2
118 11
118 41
118 43
118 116
118 133
118 327
118 330
118 331
118 511
118 602
118 606
118 607
118 614
118 616
118 623
118 638
119 2
119 39
119 40
119 41
119 43
119 120
120 2
120 41
120 43
121 2
121 39
121 41
121 43
121 100
121 102
121 120
122 123
122 124
123 2
123 3
123 37
123 38
123 124
124 23
124 248
124 575
125 126
125 127
126 127
127 2
127 5
127 37
127 38
127 47
127 170
127 216
127 217
127 257
127 258
128 2
128 11
128 43
128 78
128 129
128 239
128 269
128 552
128 553
129 2
129 43
129 254
129 255
130 2
130 39
130 41
130 43
130 47
130 77
130 78
130 131
130 134
130 186
130 315
130 337
130 464
130 599
131 2
131 39
131 41
131 43
131 520
131 619
132 2
132 5
132 11
132 19
132 23
132 37
132 38
132 39
132 41
132 43
132 47
132 77
132 78
132 82
132 85
132 102
132 110
132 112
132 118
132 130
132 132
132 133
132 135
132 136
132 146
132 151
132 154
132 164
132 185
132 186
132 197
132 198
132 210
132 224
132 235
132 243
132 277
132 306
132 310
132 327
132 331
132 332
132 333
132 339
132 379
132 381
132 388
132 407
132 445
132 511
132 514
132 517
132 528
132 530
132 533
132 534
132 550
132 584
132 588
132 601
132 606
132 607
132 614
132 616
132 622
132 623
132 628
132 638
133 2
133 37
133 41
133 43
133 47
133 77
133 78
133 82
133 168
133 207
133 208
133 219
133 389
133 514
133 574
134 2
134 19
134 41
134 43
134 47
134 618
134 622
135 77
135 78
135 136
136 77
136 78
137 2
137 11
137 39
137 41
137 43
137 132
138 2
138 37
138 38
138 139
139 2
139 38
140 2
140 36
140 37
140 38
141 2
141 11
141 43
141 113
141 142
141 216
141 258
141 276
142 2
142 41
142 43
142 141
143 11
143 132
143 144
144 132
145 2
145 41
146 5
146 23
146 88
146 147
146 148
147 148
148 2
148 41
148 43
148 180
149 2
149 19
149 47
149 78
149 95
149 150
151 5
151 23
151 78
151 146
152 2
152 112
152 113
152 133
152 153
153 11
153 43
153 112
153 536
154 2
154 5
154 11
154 19
154 37
154 39
154 41
154 43
154 47
154 77
154 78
154 82
154 85
154 99
154 102
154 109
154 110
154 111
154 112
154 113
154 118
154 133
154 155
154 156
154 158
154 160
154 161
154 164
154 186
154 197
154 198
154 210
154 224
154 235
154 243
154 277
154 306
154 310
154 327
154 331
154 332
154 333
154 339
154 379
154 381
154 388
154 407
154 445
154 511
154 514
154 517
154 528
154 530
154 533
154 534
154 550
154 584
154 588
154 601
154 606
154 607
154 614
154 616
154 623
154 628
154 638
155 2
155 43
155 77
155 78
155 133
155 159
156 2
156 5
156 19
156 41
156 43
156 110
156 111
156 133
156 154
156 155
156 156
156 158
156 514
156 515
156 554
157 154
157 156
157 158
159 2
159 78
159 99
159 154
160 77
160 78
160 161
161 78
162 2
162 11
162 43
162 47
162 112
162 113
162 163
162 247
163 2
163 41
163 113
164 2
164 11
164 19
164 37
164 39
164 41
164 43
164 77
164 78
164 82
164 85
164 102
164 110
164 112
164 118
164 133
164 165
164 166
164 186
164 197
164 198
164 210
164 224
164 235
164 243
164 277
164 306
164 310
164 327
164 331
164 332
164 333
164 339
164 379
164 381
164 388
164 407
164 445
164 511
164 514
164 517
164 528
164 530
164 533
164 534
164 550
164 584
164 588
164 601
164 606
164 607
164 614
164 616
164 623
164 628
164 638
165 77
165 78
165 166
166 78
167 2
167 5
167 39
167 77
167 78
167 273
167 518
168 2
168 19
168 43
168 155
168 156
168 169
169 2
169 43
170 2
170 5
170 23
170 41
170 43
170 45
170 70
170 216
171 77
171 78
171 172
172 78
173 2
173 11
173 39
173 41
173 43
173 102
174 2
174 78
174 544
175 2
175 78
175 176
175 182
176 78
177 2
177 11
177 37
177 38
177 112
177 113
177 178
178 2
178 38
178 43
178 113
178 178
179 2
179 175
180 2
180 43
180 175
180 181
180 182
181 175
181 182
182 2
182 52
182 112
182 113
182 210
182 523
183 11
183 184
183 374
184 2
184 5
184 11
184 43
184 47
184 53
184 183
184 202
184 216
184 217
184 239
184 265
184 295
185 2
185 11
185 78
185 186
185 187
185 235
185 314
185 327
185 332
185 445
185 517
185 528
185 529
185 533
185 534
185 549
186 2
186 11
186 19
186 37
186 41
186 43
186 78
186 82
186 85
186 105
186 110
186 112
186 118
186 187
186 197
186 210
186 223
186 224
186 235
186 243
186 277
186 306
186 310
186 327
186 331
186 332
186 333
186 336
186 337
186 338
186 339
186 379
186 381
186 388
186 407
186 445
186 464
186 511
186 514
186 517
186 528
186 529
186 530
186 533
186 534
186 549
186 550
186 584
186 588
186 601
186 606
186 607
186 614
186 616
186 623
186 628
186 638
187 43
187 78
187 185
187 232
188 2
188 39
188 41
188 78
188 189
189 2
189 41
190 77
190 78
190 151
191 2
191 11
191 41
191 43
191 192
192 2
192 37
192 38
192 43
192 177
192 192
192 314
193 5
193 11
193 38
193 531
193 542
194 43
194 81
195 2
195 196
196 2
197 2
197 41
197 43
197 110
197 118
197 198
197 199
197 332
197 511
197 514
197 528
197 530
197 533
197 534
197 584
197 588
197 601
197 606
197 607
197 614
197 616
197 623
197 638
198 2
198 11
198 19
198 37
198 41
198 43
198 82
198 85
198 110
198 112
198 118
198 186
198 197
198 199
198 210
198 224
198 235
198 243
198 277
198 306
198 310
198 327
198 331
198 332
198 333
198 339
198 379
198 381
198 388
198 407
198 445
198 511
198 514
198 517
198 528
198 530
198 533
198 534
198 550
198 584
198 588
198 601
198 606
198 607
198 614
198 616
198 623
198 628
198 638
199 2
199 41
199 314
201 2
201 5
201 11
201 184
201 202
202 11
202 295
203 2
203 11
203 41
203 43
203 204
204 2
204 43
205 2
205 206
206 2
206 43
206 218
206 541
207 2
207 11
207 41
207 43
207 78
207 208
207 322
207 463
207 464
207 494
207 524
207 597
208 2
208 11
208 43
208 78
208 185
208 186
208 187
208 188
208 210
208 223
208 314
208 315
208 396
208 463
208 495
208 522
208 524
208 540
209 2
209 23
209 52
209 182
209 210
210 2
210 11
210 19
210 37
210 41
210 43
210 77
210 78
210 82
210 85
210 110
210 112
210 118
210 186
210 197
210 211
210 213
210 214
210 224
210 235
210 243
210 277
210 306
210 310
210 327
210 331
210 332
210 333
210 339
210 379
210 381
210 388
210 407
210 445
210 511
210 514
210 517
210 528
210 530
210 533
210 534
210 540
210 550
210 574
210 584
210 586
210 588
210 601
210 606
210 607
210 614
210 616
210 623
210 628
210 638
211 2
211 11
211 47
211 133
211 212
211 574
212 2
212 47
212 114
212 118
212 133
212 379
212 467
212 468
213 77
213 78
213 214
214 78
215 2
215 11
215 41
215 43
215 210
216 2
216 11
216 217
216 503
217 2
217 5
217 37
217 52
217 141
217 170
217 216
217 306
218 2
218 11
218 43
218 103
218 105
218 133
218 186
218 219
218 222
219 2
219 41
219 105
219 496
219 511
220 218
220 221
220 222
221 218
221 222
222 2
222 43
222 219
222 222
222 514
222 604
222 637
223 2
223 11
223 41
223 208
223 225
223 522
223 524
224 2
224 11
224 19
224 37
224 41
224 43
224 82
224 110
224 112
224 118
224 133
224 197
224 225
224 235
224 240
224 243
224 277
224 306
224 310
224 327
224 331
224 332
224 333
224 339
224 379
224 381
224 388
224 407
224 445
224 511
224 514
224 517
224 528
224 530
224 533
224 534
224 550
224 584
224 588
224 601
224 606
224 607
224 614
224 616
224 623
224 628
224 638
225 11
225 41
225 495
225 524
226 2
226 11
226 41
226 43
226 227
227 2
227 43
228 2
228 11
228 41
228 43
228 229
229 2
229 43
230 2
230 231
231 2
231 37
231 38
231 47
232 2
232 11
232 19
232 37
232 39
232 41
232 43
232 77
232 82
232 85
232 102
232 110
232 112
232 118
232 132
232 154
232 164
232 186
232 187
232 197
232 198
232 210
232 224
232 235
232 236
232 243
232 277
232 306
232 310
232 311
232 322
232 327
232 331
232 332
232 333
232 339
232 379
232 381
232 388
232 407
232 445
232 464
232 511
232 514
232 517
232 528
232 530
232 533
232 534
232 550
232 571
232 584
232 588
232 598
232 601
232 606
232 607
232 614
232 616
232 623
232 627
232 628
232 638
233 2
233 130
234 2
234 5
234 39
234 41
234 43
234 235
234 618
234 619
235 2
235 5
235 37
235 41
235 43
235 77
235 78
235 110
235 112
235 118
235 186
235 197
235 235
235 331
235 332
235 379
235 447
235 448
235 449
235 511
235 514
235 517
235 528
235 530
235 533
235 534
235 550
235 584
235 588
235 601
235 606
235 607
235 614
235 616
235 623
235 638
236 2
236 11
236 19
236 37
236 39
236 41
236 43
236 77
236 82
236 85
236 102
236 110
236 112
236 118
236 132
236 154
236 164
236 186
236 197
236 198
236 210
236 224
236 234
236 235
236 243
236 277
236 306
236 310
236 311
236 327
236 331
236 332
236 333
236 339
236 379
236 381
236 388
236 407
236 445
236 511
236 514
236 517
236 528
236 530
236 533
236 534
236 550
236 571
236 574
236 584
236 588
236 598
236 601
236 606
236 607
236 614
236 616
236 623
236 628
236 638
237 2
237 238
237 239
237 565
238 2
238 11
238 43
238 239
238 560
239 2
239 5
239 37
239 38
239 41
239 43
239 78
239 116
239 118
239 239
240 2
240 41
240 133
240 249
240 277
240 331
240 493
241 11
241 43
241 45
241 242
241 276
241 293
241 565
242 43
242 262
243 2
243 11
243 19
243 37
243 41
243 43
243 82
243 110
243 112
243 118
243 197
243 235
243 244
243 277
243 306
243 310
243 327
243 331
243 332
243 333
243 339
243 379
243 381
243 388
243 407
243 445
243 511
243 514
243 517
243 528
243 530
243 533
243 534
243 550
243 584
243 588
243 601
243 606
243 607
243 614
243 616
243 623
243 638
244 11
244 41
244 492
244 524
245 1
245 11
245 112
246 6
246 11
246 112
247 2
247 11
247 112
247 113
247 248
248 23
248 575
249 2
249 43
249 112
249 113
249 118
249 277
250 2
250 19
250 41
250 43
250 78
250 249
251 2
251 5
251 78
251 252
251 253
252 2
252 5
252 78
252 253
253 2
253 5
253 37
253 38
253 78
253 141
253 314
253 316
254 2
254 39
254 77
254 255
254 261
255 2
255 11
255 37
255 38
255 326
256 2
256 11
256 169
256 257
256 258
256 259
257 2
257 37
257 38
257 141
257 170
257 258
257 259
257 503
258 2
258 11
258 37
258 170
258 257
258 259
258 503
258 504
259 95
260 2
260 11
260 78
260 133
260 152
260 239
261 2
261 77
261 78
261 250
262 11
262 43
262 263
263 2
263 11
263 112
263 113
263 585
264 2
264 11
264 43
264 184
264 239
264 265
265 2
265 18
265 19
265 43
265 239
265 379
266 78
266 267
266 268
267 43
267 78
267 266
267 268
267 372
267 387
267 626
268 78
268 267
268 372
269 2
269 11
269 43
269 78
269 129
270 2
270 23
270 41
270 78
271 5
271 39
271 41
271 43
271 267
272 2
272 112
272 113
272 118
272 273
273 2
273 77
273 78
273 518
274 2
274 41
274 275
275 2
275 36
275 41
275 276
276 2
276 11
276 37
276 38
276 43
276 241
276 293
276 323
276 568
276 614
277 2
277 11
277 19
277 37
277 41
277 43
277 82
277 110
277 112
277 118
277 197
277 235
277 278
277 306
277 310
277 327
277 331
277 332
277 333
277 339
277 379
277 381
277 388
277 407
277 445
277 511
277 514
277 517
277 528
277 530
277 533
277 534
277 550
277 584
277 588
277 601
277 606
277 607
277 614
277 616
277 623
277 638
278 41
278 491
279 2
279 41
279 43
279 240
279 280
279 281
280 94
280 281
281 11
281 78
281 511
281 642
282 11
282 37
282 60
283 11
283 37
283 61
284 11
284 37
284 62
285 11
285 37
285 63
286 11
286 37
286 64
287 11
287 37
287 65
288 11
288 37
288 67
289 11
289 45
291 66
291 77
291 78
291 112
291 187
291 425
291 432
291 571
292 2
292 11
292 43
292 141
292 276
292 293
293 2
293 19
293 38
293 41
293 43
293 82
293 106
293 133
293 276
293 292
294 2
294 43
294 295
294 296
294 583
294 584
295 2
295 296
296 43
296 78
296 381
297 2
297 11
297 41
297 43
297 294
298 16
298 299
299 2
299 13
299 16
299 38
299 41
299 293
299 559
300 2
300 11
300 19
300 301
301 19
302 2
302 37
302 112
302 113
302 303
303 2
303 37
303 38
303 78
303 113
303 302
303 306
304 2
304 37
304 41
304 112
304 303
304 305
306 2
306 11
306 19
306 37
306 41
306 43
306 78
306 82
306 99
306 110
306 112
306 118
306 197
306 216
306 235
306 310
306 327
306 331
306 332
306 333
306 339
306 379
306 381
306 388
306 407
306 445
306 511
306 514
306 516
306 517
306 528
306 530
306 533
306 534
306 546
306 550
306 574
306 584
306 588
306 601
306 606
306 607
306 614
306 616
306 623
306 638
307 2
307 239
308 2
308 41
308 47
308 292
309 45
309 47
309 308
310 2
310 11
310 19
310 23
310 37
310 41
310 43
310 82
310 106
310 110
310 112
310 118
310 197
310 235
310 311
310 327
310 331
310 332
310 333
310 339
310 379
310 381
310 388
310 407
310 445
310 511
310 514
310 517
310 528
310 530
310 533
310 534
310 550
310 584
310 588
310 601
310 606
310 607
310 614
310 616
310 623
310 638
311 2
311 11
311 19
311 23
311 37
311 39
311 41
311 43
311 77
311 78
311 82
311 85
311 102
311 110
311 112
311 118
311 132
311 154
311 164
311 186
311 197
311 198
311 207
311 210
311 224
311 235
311 243
311 277
311 306
311 310
311 327
311 331
311 332
311 333
311 339
311 379
311 381
311 388
311 407
311 445
311 511
311 514
311 517
311 528
311 530
311 533
311 534
311 550
311 584
311 588
311 597
311 601
311 606
311 607
311 614
311 616
311 623
311 628
311 638
312 112
312 313
312 345
313 2
313 11
313 393
314 2
314 43
314 78
314 112
314 113
314 141
314 186
314 187
314 216
314 217
314 257
314 258
314 291
314 314
314 315
314 316
314 332
314 352
314 371
314 425
314 432
314 529
315 2
315 77
315 78
315 186
315 322
315 336
315 337
315 338
315 464
315 599
316 2
316 37
316 141
317 2
317 113
318 2
318 41
318 525
319 45
319 47
319 320
320 47
321 2
321 16
321 78
321 207
321 322
321 340
322 2
322 186
322 338
322 464
322 511
322 601
322 627
322 628
323 2
323 38
323 41
324 2
324 43
324 118
324 325
325 2
325 11
325 19
325 41
325 43
325 82
325 118
325 543
326 2
326 38
326 43
327 2
327 5
327 11
327 23
327 37
327 41
327 43
327 77
327 78
327 110
327 112
327 118
327 186
327 197
327 235
327 324
327 328
327 329
327 331
327 332
327 333
327 343
327 349
327 357
327 358
327 379
327 381
327 388
327 407
327 445
327 511
327 514
327 517
327 528
327 530
327 533
327 534
327 550
327 584
327 588
327 601
327 606
327 607
327 614
327 616
327 623
327 638
328 5
328 38
328 329
329 5
329 118
329 133
329 330
329 331
330 2
330 37
330 38
330 133
330 328
330 331
331 2
331 37
331 38
331 41
331 43
331 110
331 112
331 113
331 118
331 133
331 197
331 249
331 272
331 277
331 332
331 459
331 477
331 511
331 514
331 517
331 528
331 530
331 533
331 534
331 550
331 584
331 588
331 601
331 606
331 607
331 614
331 616
331 623
331 638
332 2
332 11
332 23
332 41
332 43
332 47
332 77
332 78
332 118
332 133
332 186
332 209
332 276
332 327
332 331
332 511
332 549
332 576
332 577
332 584
332 588
332 601
332 606
332 607
332 614
332 616
332 623
332 638
333 2
333 11
333 37
333 41
333 43
333 78
333 104
333 105
333 110
333 112
333 113
333 118
333 133
333 197
333 235
333 331
333 332
333 379
333 381
333 388
333 407
333 445
333 511
333 514
333 517
333 528
333 530
333 533
333 534
333 550
333 584
333 588
333 601
333 606
333 607
333 614
333 616
333 623
333 638
334 2
334 335
335 2
335 41
335 364
336 2
336 337
336 338
336 339
336 464
337 2
337 78
337 338
337 339
337 464
338 2
338 339
338 464
339 2
339 11
339 19
339 37
339 41
339 43
339 82
339 110
339 112
339 118
339 197
339 235
339 327
339 331
339 332
339 333
339 379
339 381
339 388
339 407
339 445
339 511
339 514
339 517
339 528
339 530
339 533
339 534
339 550
339 584
339 588
339 601
339 606
339 607
339 614
339 616
339 623
339 638
340 2
340 41
340 78
340 341
341 2
342 16
342 45
342 47
343 2
343 41
343 43
343 324
344 2
344 78
344 112
344 113
344 312
344 345
345 77
345 78
345 344
346 2
346 11
346 19
346 41
346 43
349 23
350 2
350 11
350 41
350 43
350 178
351 2
351 11
351 41
351 43
351 314
353 2
353 37
353 41
353 354
354 2
354 37
354 38
354 39
354 41
354 323
354 526
356 37
356 38
356 353
357 77
357 78
357 358
358 78
359 2
359 11
359 41
359 43
359 327
360 2
360 43
360 78
360 107
361 2
361 41
361 362
362 2
362 11
362 43
362 360
363 2
363 19
363 77
363 78
363 333
364 2
364 5
364 41
364 112
364 113
364 237
365 2
365 11
365 192
365 314
366 2
366 11
366 314
366 367
367 2
367 314
368 2
368 11
368 314
368 332
369 2
369 11
369 199
369 314
370 2
370 11
370 314
370 371
371 43
372 2
372 11
372 78
372 112
372 113
372 296
372 381
372 590
373 11
373 183
373 374
374 11
375 2
376 2
376 78
376 95
376 333
377 2
377 376
379 2
379 37
379 41
379 43
379 77
379 78
379 88
379 110
379 112
379 118
379 197
379 331
379 332
379 460
379 461
379 511
379 514
379 517
379 528
379 530
379 533
379 534
379 550
379 584
379 588
379 601
379 606
379 607
379 614
379 616
379 623
379 638
380 2
380 291
381 2
381 37
381 41
381 43
381 78
381 110
381 112
381 118
381 197
381 235
381 331
381 332
381 379
381 382
381 388
381 407
381 445
381 511
381 514
381 517
381 528
381 530
381 533
381 534
381 550
381 584
381 588
381 601
381 606
381 607
381 614
381 616
381 623
381 638
383 2
383 41
383 43
383 296
384 2
384 39
384 41
384 385
385 2
385 41
385 78
385 611
386 78
386 267
386 387
387 78
388 2
388 37
388 38
388 41
388 43
388 110
388 112
388 118
388 133
388 197
388 235
388 331
388 332
388 379
388 389
388 407
388 445
388 511
388 514
388 517
388 528
388 530
388 533
388 534
388 550
388 584
388 588
388 601
388 606
388 607
388 614
388 616
388 623
388 638
389 417
390 2
390 37
390 38
390 43
390 388
391 43
391 390
392 2
392 41
392 43
392 388
393 133
393 394
394 11
394 133
394 630
395 23
395 112
395 113
395 396
396 2
396 41
396 105
396 112
396 207
396 223
396 463
396 464
397 2
397 23
397 41
397 112
397 113
397 162
397 398
397 399
398 23
399 43
399 607
400 18
400 391
401 78
401 95
401 104
402 47
402 579
402 580
402 581
403 2
403 19
403 101
403 404
404 2
404 11
404 19
404 400
405 2
405 5
405 11
405 406
406 5
406 11
406 276
406 332
406 614
407 2
407 6
407 19
407 37
407 41
407 43
407 77
407 78
407 110
407 112
407 118
407 197
407 235
407 331
407 332
407 379
407 407
407 408
407 409
407 445
407 511
407 514
407 517
407 528
407 530
407 533
407 534
407 550
407 584
407 588
407 601
407 606
407 607
407 614
407 616
407 623
407 638
408 77
408 78
408 409
409 78
410 2
410 41
410 43
410 407
411 5
411 412
413 2
413 11
413 37
413 38
413 414
413 415
414 2
414 5
414 8
414 38
415 11
415 416
416 2
416 23
417 2
417 11
417 300
418 5
418 11
418 23
418 38
418 42
418 112
418 113
418 419
418 436
418 437
419 11
419 112
419 187
419 291
419 314
419 423
419 424
419 425
419 431
419 432
419 433
419 434
419 435
419 437
420 2
420 5
420 11
420 23
420 38
420 42
420 112
420 113
420 421
420 424
420 431
420 435
421 11
421 112
422 5
422 11
422 23
422 38
422 42
422 112
422 113
422 423
422 434
422 439
423 11
423 112
423 187
423 291
423 314
423 424
423 425
423 431
423 432
423 433
423 434
423 435
423 437
423 571
424 11
424 112
424 187
424 291
424 314
424 425
424 431
424 432
424 433
424 434
424 435
424 437
424 571
425 187
425 432
426 5
426 23
426 68
426 69
426 112
426 113
426 427
426 429
427 5
427 23
428 2
428 5
428 68
428 112
428 113
428 426
428 429
429 5
429 68
429 112
431 11
431 112
431 187
431 291
431 314
431 425
431 432
431 433
431 434
431 435
431 437
432 187
433 11
433 112
433 187
433 291
433 314
433 425
433 432
433 434
433 435
433 437
434 11
434 112
434 187
434 291
434 314
434 425
434 432
434 435
434 437
434 571
435 11
435 112
435 187
435 291
435 314
435 425
435 432
435 437
435 571
436 11
436 112
437 11
437 112
437 187
437 291
437 314
437 425
437 432
437 571
438 112
439 11
439 112
440 2
440 41
440 43
440 441
441 2
441 43
441 133
441 441
441 499
442 2
442 443
443 2
443 37
443 38
443 47
444 10
444 45
444 47
445 2
445 8
445 19
445 37
445 41
445 43
445 110
445 112
445 118
445 186
445 197
445 235
445 331
445 332
445 379
445 445
445 511
445 514
445 517
445 528
445 530
445 533
445 534
445 550
445 584
445 588
445 601
445 606
445 607
445 614
445 616
445 623
445 638
446 2
446 41
446 43
446 445
447 5
448 77
448 78
448 449
449 78
450 2
450 41
450 43
450 235
451 2
451 37
451 38
451 47
451 293
452 13
452 23
452 43
452 453
453 23
454 2
454 41
454 43
454 452
455 47
456 45
456 47
456 455
457 11
457 264
458 2
458 78
458 188
458 208
459 2
459 37
459 118
459 212
459 379
460 77
460 78
460 461
461 78
462 2
462 41
462 43
462 379
463 2
463 39
463 41
463 105
463 223
463 271
463 464
464 11
464 41
464 207
464 493
464 511
464 524
465 2
465 41
465 43
465 466
466 43
467 379
467 468
468 379
469 43
469 371
470 45
470 47
470 451
471 2
471 41
471 43
471 472
472 2
472 43
472 472
473 2
473 41
473 43
473 474
474 43
475 2
475 11
475 94
475 476
475 588
476 2
476 39
476 41
476 94
476 478
477 2
477 113
477 116
478 2
478 41
480 78
480 95
480 133
480 486
481 2
481 37
481 77
481 78
481 133
482 483
482 484
482 485
483 484
483 485
484 485
486 78
486 481
487 11
487 327
487 488
488 327
490 133
490 480
492 11
492 524
493 11
493 41
493 494
493 524
494 11
494 524
495 11
495 524
496 41
496 497
496 511
497 2
497 219
497 496
497 511
498 11
498 133
499 133
499 441
500 2
500 41
500 43
500 501
501 43
502 2
502 503
503 11
503 37
503 112
503 217
503 498
503 503
503 504
503 505
504 2
504 11
504 216
504 217
504 257
504 503
505 503
505 504
506 2
506 18
506 113
506 154
507 23
507 251
509 2
509 47
509 113
509 154
510 5
510 78
510 95
510 259
510 511
511 2
511 41
511 43
511 464
511 638
512 2
512 5
512 124
512 513
513 124
514 2
514 41
514 43
514 110
514 118
514 222
514 332
514 511
514 514
514 516
514 546
514 584
514 588
514 601
514 606
514 607
514 614
514 616
514 623
514 638
516 2
516 11
516 19
516 37
516 38
516 112
516 113
516 514
516 546
517 2
517 41
517 43
517 110
517 118
517 197
517 332
517 511
517 514
517 528
517 530
517 533
517 534
517 550
517 584
517 588
517 601
517 606
517 607
517 614
517 616
517 623
517 638
518 2
518 41
518 78
518 539
519 511
519 520
519 521
520 511
520 521
521 2
521 464
521 511
521 621
522 2
522 11
522 75
522 86
522 87
522 207
522 225
522 244
522 464
522 492
522 493
522 494
522 495
522 523
522 524
523 524
524 112
524 522
525 141
525 276
526 2
526 18
526 19
526 38
526 551
527 11
527 43
527 326
528 2
528 41
528 43
528 110
528 118
528 332
528 511
528 514
528 530
528 533
528 534
528 584
528 588
528 601
528 606
528 607
528 614
528 616
528 623
528 638
529 43
529 197
530 2
530 19
530 41
530 43
530 110
530 118
530 332
530 511
530 514
530 531
530 533
530 534
530 584
530 588
530 601
530 606
530 607
530 614
530 616
530 623
530 638
532 2
532 530
533 2
533 41
533 43
533 110
533 118
533 332
533 511
533 514
533 534
533 584
533 588
533 601
533 606
533 607
533 614
533 616
533 623
533 638
534 2
534 41
534 43
534 110
534 118
534 332
534 511
534 514
534 584
534 588
534 601
534 606
534 607
534 614
534 616
534 623
534 638
536 11
536 43
536 238
536 304
536 560
537 39
537 41
537 538
538 2
538 41
538 78
538 385
538 611
539 2
539 41
539 78
539 186
539 208
539 210
539 540
540 2
540 5
540 76
540 78
540 186
541 43
541 218
542 5
542 19
542 38
543 2
543 19
543 41
543 43
543 119
544 545
546 2
546 99
546 216
546 217
546 306
547 2
547 41
547 43
547 514
548 43
548 194
549 5
549 550
550 2
550 41
550 43
550 110
550 118
550 197
550 332
550 511
550 514
550 528
550 530
550 533
550 534
550 584
550 588
550 601
550 606
550 607
550 614
550 616
550 623
550 638
551 43
551 332
552 553
554 110
554 156
555 43
555 94
555 280
556 133
556 557
557 133
558 299
558 559
560 11
560 43
560 304
560 536
561 2
561 41
561 93
562 2
562 41
562 563
564 2
564 41
564 43
564 561
565 276
565 293
565 568
566 2
566 39
566 78
566 567
567 78
568 241
568 293
569 43
569 78
569 96
569 105
570 14
570 47
571 2
571 11
571 19
571 37
571 39
571 41
571 43
571 77
571 82
571 85
571 102
571 110
571 112
571 118
571 132
571 154
571 164
571 186
571 197
571 198
571 210
571 224
571 235
571 243
571 277
571 306
571 310
571 311
571 327
571 331
571 332
571 333
571 339
571 379
571 381
571 388
571 407
571 445
571 511
571 514
571 517
571 528
571 530
571 533
571 534
571 550
571 584
571 588
571 598
571 601
571 606
571 607
571 614
571 616
571 623
571 628
571 638
572 2
572 38
572 299
573 19
573 236
573 574
573 575
574 41
574 43
574 99
574 124
574 546
576 77
576 78
576 577
578 2
578 41
578 43
578 332
579 47
579 580
579 581
580 11
580 47
580 581
580 591
582 2
582 37
582 38
582 583
583 2
583 584
584 2
584 41
584 43
584 118
584 511
584 588
584 601
584 606
584 607
584 614
584 616
584 623
584 638
585 2
585 41
585 548
586 2
586 50
586 133
586 211
586 574
587 2
587 41
587 43
587 588
588 2
588 41
588 43
588 118
588 511
588 601
588 606
588 607
588 614
588 616
588 623
588 638
589 183
589 184
591 77
591 78
591 507
592 13
592 299
593 47
593 298
594 2
594 41
594 43
594 569
595 2
595 39
595 78
595 596
596 78
597 2
597 43
597 59
597 464
597 511
597 521
597 598
597 599
597 600
597 620
597 621
598 2
598 11
598 19
598 37
598 39
598 41
598 43
598 77
598 78
598 82
598 85
598 102
598 110
598 112
598 118
598 130
598 132
598 154
598 164
598 186
598 197
598 198
598 210
598 224
598 235
598 243
598 277
598 306
598 310
598 311
598 315
598 322
598 327
598 331
598 332
598 333
598 336
598 337
598 338
598 339
598 379
598 381
598 388
598 407
598 445
598 464
598 511
598 514
598 517
598 528
598 530
598 533
598 534
598 550
598 584
598 588
598 599
598 601
598 606
598 607
598 614
598 616
598 623
598 628
598 638
599 2
599 77
599 78
599 186
599 322
599 336
599 337
599 338
599 464
600 2
600 322
600 464
600 511
600 601
601 2
601 41
601 43
601 118
601 464
601 511
601 606
601 607
601 614
601 616
601 623
601 638
603 2
603 604
604 2
604 41
604 222
604 277
604 604
605 2
605 41
605 43
605 606
606 2
606 41
606 43
606 511
606 607
606 614
606 616
606 623
606 638
607 2
607 36
607 41
607 43
607 50
607 77
607 78
607 133
607 327
607 511
607 608
607 609
607 614
607 616
607 623
607 638
608 77
608 78
608 609
610 2
610 607
612 13
612 16
613 47
613 612
614 2
614 41
614 43
614 511
614 616
614 623
614 638
615 2
615 614
616 2
616 19
616 41
616 43
616 511
616 542
616 623
616 638
617 2
617 616
618 2
618 41
618 43
618 619
619 2
619 41
619 43
619 520
620 112
620 623
621 464
622 2
622 41
622 43
622 618
623 2
623 41
623 43
623 511
623 622
623 638
624 2
624 41
624 519
625 78
625 267
625 626
627 322
627 464
627 628
628 2
628 11
628 19
628 37
628 41
628 43
628 82
628 110
628 112
628 118
628 197
628 235
628 243
628 277
628 306
628 310
628 327
628 331
628 332
628 333
628 339
628 379
628 381
628 388
628 407
628 445
628 464
628 511
628 514
628 517
628 528
628 530
628 533
628 534
628 550
628 584
628 588
628 601
628 606
628 607
628 614
628 616
628 623
628 638
630 2
630 5
630 114
630 201
630 582
631 5
631 632
633 2
633 281
635 2
635 88
635 114
635 636
636 2
636 114
637 219
637 222
638 1
638 2
638 19
638 41
638 43
638 638
639 2
639 41
639 43
639 638
640 641
641 2
641 78
641 363
641 641
643 2
643 41
643 43
643 644
