795 5747
1 2
1 3
1 4
1 5
1 6
1 12
1 17
2 3
2 4
2 5
2 6
2 8
2 9
2 11
2 12
2 15
2 17
2 18
2 20
2 22
2 23
2 25
2 26
2 29
2 32
2 35
2 37
2 38
2 39
2 40
2 42
2 45
2 46
2 47
2 53
2 56
2 58
2 60
2 64
2 67
2 68
2 71
2 72
2 76
2 77
2 80
2 82
2 85
2 86
2 87
2 88
2 89
2 90
2 91
2 93
2 94
2 95
2 97
2 98
2 100
2 101
2 102
2 105
2 108
2 120
2 127
2 130
2 131
2 132
2 133
2 134
2 138
2 139
2 141
2 142
2 143
2 151
2 159
2 160
2 168
2 171
2 172
2 174
2 175
2 179
2 180
2 184
2 185
2 187
2 189
2 191
2 193
2 196
2 197
2 198
2 200
2 202
2 207
2 210
2 211
2 212
2 213
2 215
2 219
2 223
2 224
2 227
2 228
2 229
2 232
2 233
2 236
2 241
2 243
2 244
2 261
2 262
2 263
2 264
2 266
2 273
2 276
2 282
2 283
2 284
2 287
2 288
2 291
2 292
2 296
2 298
2 306
2 307
2 309
2 311
2 313
2 314
2 315
2 316
2 319
2 326
2 327
2 338
2 346
2 349
2 354
2 355
2 356
2 359
2 369
2 370
2 371
2 372
2 374
2 375
2 376
2 377
2 378
2 379
2 392
2 393
2 399
2 419
2 421
2 424
2 425
2 428
2 429
2 430
2 433
2 436
2 458
2 459
2 463
2 466
2 467
2 471
2 472
2 473
2 477
2 478
2 479
2 490
2 491
2 492
2 493
2 494
2 495
2 496
2 497
2 498
2 499
2 500
2 501
2 502
2 503
2 506
2 507
2 508
2 509
2 510
2 514
2 518
2 520
2 522
2 531
2 539
2 541
2 543
2 560
2 565
2 566
2 569
2 570
2 575
2 576
2 577
2 578
2 583
2 584
2 585
2 596
2 597
2 610
2 611
2 629
2 633
2 636
2 637
2 649
2 651
2 659
2 660
2 662
2 664
2 665
2 667
2 669
2 680
2 697
2 709
2 711
2 714
2 716
2 717
2 725
2 730
2 731
2 732
2 744
2 745
2 746
2 749
2 764
2 767
2 769
2 782
2 785
2 786
2 796
2 798
2 803
2 806
2 807
2 808
2 809
2 811
2 812
2 813
2 815
2 816
2 818
2 824
2 825
2 826
3 4
3 5
3 6
3 8
3 12
3 17
3 18
3 20
3 26
3 32
3 35
3 37
3 38
3 42
3 47
3 189
3 313
3 372
3 380
3 393
3 399
3 400
3 414
3 610
3 773
3 774
3 775
4 2
4 5
4 6
4 9
4 12
4 15
4 17
4 21
4 23
4 26
4 29
4 35
4 37
4 38
4 40
4 42
4 46
4 72
4 75
4 87
4 88
4 89
4 90
4 95
4 98
4 100
4 104
4 172
4 180
4 185
4 228
4 311
4 313
4 314
4 315
4 316
4 366
4 369
4 375
4 377
4 379
4 382
4 383
4 384
4 385
4 386
4 387
4 388
4 389
4 390
4 391
4 393
4 429
4 502
4 522
4 622
4 624
4 625
4 626
4 627
4 649
4 659
4 664
5 1
5 3
5 6
5 17
6 15
6 17
6 46
6 51
6 53
6 87
6 100
6 162
6 196
6 315
6 334
6 369
6 379
6 474
6 475
6 500
6 514
6 649
6 722
6 726
6 796
7 2
7 4
7 6
7 8
7 9
7 12
7 17
8 4
8 6
8 9
8 12
8 17
8 20
8 32
8 35
8 38
8 42
8 315
8 373
8 393
8 396
8 403
8 409
8 610
8 671
8 799
9 6
9 7
9 8
9 17
11 4
11 6
11 12
11 17
11 42
11 58
11 77
11 141
11 786
11 788
12 1
12 3
12 4
12 5
12 6
12 7
12 8
12 9
12 13
12 14
12 15
12 17
12 18
12 20
12 21
12 22
12 28
12 29
12 30
12 32
12 34
12 35
12 37
12 38
12 42
12 43
12 45
12 46
12 48
12 52
12 53
12 57
12 58
12 63
12 64
12 68
12 70
12 73
12 75
12 76
12 77
12 80
12 87
12 88
12 91
12 96
12 98
12 99
12 100
12 101
12 107
12 108
12 112
12 113
12 114
12 115
12 117
12 118
12 120
12 121
12 123
12 124
12 125
12 126
12 128
12 130
12 131
12 132
12 133
12 138
12 140
12 147
12 148
12 157
12 159
12 160
12 166
12 168
12 174
12 179
12 185
12 187
12 188
12 189
12 190
12 191
12 193
12 195
12 196
12 202
12 204
12 209
12 211
12 215
12 220
12 221
12 224
12 227
12 230
12 236
12 243
12 244
12 247
12 249
12 260
12 262
12 263
12 264
12 266
12 267
12 276
12 278
12 279
12 280
12 283
12 288
12 289
12 290
12 291
12 293
12 297
12 302
12 305
12 307
12 308
12 309
12 311
12 312
12 313
12 314
12 315
12 316
12 325
12 330
12 336
12 337
12 344
12 345
12 348
12 354
12 356
12 361
12 368
12 369
12 370
12 371
12 372
12 374
12 378
12 380
12 381
12 383
12 385
12 387
12 389
12 391
12 393
12 396
12 398
12 400
12 402
12 403
12 404
12 405
12 408
12 409
12 410
12 411
12 412
12 413
12 414
12 415
12 416
12 417
12 418
12 421
12 424
12 425
12 428
12 436
12 443
12 463
12 469
12 470
12 471
12 472
12 475
12 482
12 492
12 500
12 506
12 511
12 514
12 516
12 517
12 518
12 525
12 526
12 531
12 533
12 534
12 535
12 537
12 538
12 543
12 544
12 545
12 546
12 548
12 549
12 560
12 564
12 565
12 566
12 569
12 570
12 575
12 576
12 577
12 578
12 581
12 584
12 585
12 587
12 591
12 592
12 595
12 596
12 597
12 601
12 602
12 606
12 607
12 608
12 609
12 610
12 611
12 613
12 614
12 616
12 618
12 620
12 621
12 622
12 624
12 625
12 626
12 627
12 632
12 634
12 638
12 640
12 643
12 650
12 651
12 652
12 660
12 662
12 671
12 673
12 677
12 680
12 684
12 687
12 688
12 692
12 693
12 694
12 695
12 696
12 701
12 704
12 706
12 709
12 710
12 718
12 722
12 725
12 726
12 727
12 728
12 729
12 730
12 735
12 738
12 740
12 741
12 745
12 748
12 749
12 750
12 751
12 757
12 758
12 767
12 769
12 773
12 775
12 776
12 777
12 778
12 779
12 783
12 788
12 790
12 791
12 792
12 793
12 794
12 795
12 797
12 798
12 799
12 800
12 803
12 813
12 814
12 819
12 825
12 826
12 827
13 14
13 15
14 15
15 2
15 4
15 6
15 12
15 15
15 17
15 18
15 35
15 38
15 52
15 56
15 58
15 60
15 68
15 96
15 99
15 138
15 184
15 266
15 276
15 280
15 311
15 357
15 358
15 459
15 467
15 477
15 494
15 496
15 498
15 524
15 525
15 546
15 560
15 584
15 610
15 643
15 650
15 651
15 662
15 665
15 667
15 669
15 697
15 737
15 749
15 782
15 783
15 789
15 806
15 807
15 808
15 809
15 810
15 811
15 815
15 816
15 818
15 826
16 17
16 18
16 19
16 20
17 2
17 3
17 5
17 6
17 8
17 9
17 12
17 15
17 17
17 18
17 19
17 20
17 21
17 22
17 27
17 29
17 30
17 32
17 35
17 36
17 37
17 38
17 41
17 42
17 43
17 45
17 46
17 47
17 48
17 51
17 52
17 53
17 58
17 59
17 61
17 70
17 72
17 76
17 77
17 82
17 86
17 87
17 92
17 97
17 100
17 101
17 102
17 104
17 107
17 108
17 116
17 118
17 120
17 121
17 123
17 124
17 128
17 129
17 132
17 140
17 148
17 149
17 154
17 156
17 157
17 160
17 163
17 164
17 166
17 167
17 169
17 174
17 185
17 189
17 190
17 191
17 192
17 193
17 195
17 198
17 204
17 210
17 214
17 216
17 217
17 218
17 221
17 222
17 225
17 243
17 255
17 259
17 260
17 263
17 266
17 267
17 268
17 270
17 271
17 272
17 276
17 277
17 278
17 279
17 280
17 290
17 296
17 298
17 305
17 307
17 309
17 311
17 313
17 314
17 315
17 316
17 320
17 322
17 325
17 341
17 343
17 346
17 349
17 352
17 353
17 359
17 360
17 362
17 370
17 371
17 372
17 373
17 374
17 378
17 380
17 381
17 382
17 383
17 384
17 385
17 386
17 387
17 388
17 389
17 390
17 391
17 392
17 394
17 395
17 396
17 397
17 398
17 399
17 400
17 401
17 402
17 403
17 404
17 405
17 406
17 407
17 408
17 409
17 410
17 411
17 412
17 413
17 414
17 415
17 416
17 417
17 418
17 426
17 428
17 429
17 436
17 437
17 440
17 441
17 443
17 445
17 460
17 461
17 464
17 469
17 471
17 472
17 474
17 475
17 482
17 483
17 484
17 490
17 493
17 494
17 495
17 496
17 497
17 498
17 503
17 506
17 514
17 520
17 525
17 531
17 532
17 534
17 536
17 537
17 543
17 548
17 551
17 556
17 557
17 558
17 559
17 560
17 566
17 567
17 568
17 569
17 571
17 572
17 573
17 575
17 577
17 579
17 580
17 583
17 584
17 585
17 587
17 593
17 594
17 595
17 607
17 610
17 611
17 614
17 615
17 616
17 617
17 618
17 619
17 620
17 621
17 622
17 624
17 625
17 626
17 627
17 628
17 629
17 631
17 632
17 633
17 634
17 638
17 643
17 645
17 646
17 653
17 655
17 656
17 657
17 659
17 660
17 661
17 662
17 663
17 664
17 669
17 671
17 672
17 673
17 674
17 676
17 677
17 678
17 679
17 680
17 681
17 682
17 683
17 684
17 688
17 690
17 692
17 694
17 695
17 697
17 700
17 701
17 702
17 704
17 705
17 706
17 707
17 708
17 712
17 713
17 717
17 718
17 721
17 722
17 723
17 724
17 726
17 728
17 729
17 731
17 732
17 733
17 734
17 742
17 744
17 746
17 747
17 748
17 749
17 755
17 756
17 757
17 760
17 762
17 763
17 764
17 765
17 766
17 768
17 773
17 774
17 775
17 776
17 777
17 778
17 779
17 782
17 783
17 784
17 785
17 796
17 797
17 799
17 800
17 802
17 804
17 805
17 806
17 807
17 808
17 809
17 810
17 811
17 812
17 813
17 814
17 815
17 816
17 817
17 818
17 819
17 820
17 821
17 822
17 823
17 826
18 3
18 8
18 12
18 15
18 19
18 20
18 21
18 22
18 29
18 35
18 38
18 42
18 48
18 124
18 132
18 167
18 189
18 193
18 255
18 267
18 270
18 272
18 298
18 313
18 314
18 315
18 316
18 320
18 322
18 325
18 326
18 349
18 360
18 370
18 371
18 372
18 373
18 374
18 380
18 381
18 394
18 395
18 396
18 398
18 400
18 401
18 402
18 403
18 404
18 405
18 406
18 407
18 408
18 409
18 410
18 411
18 412
18 413
18 414
18 415
18 416
18 417
18 418
18 440
18 461
18 464
18 503
18 520
18 594
18 595
18 607
18 614
18 616
18 618
18 634
18 638
18 653
18 662
18 677
18 678
18 683
18 704
18 705
18 707
18 708
18 728
18 729
18 764
18 810
18 812
18 813
19 20
20 8
20 12
20 15
20 17
20 18
20 28
20 30
20 35
20 42
20 46
20 56
20 132
20 183
20 184
20 189
20 193
20 233
20 248
20 267
20 270
20 276
20 298
20 316
20 325
20 349
20 370
20 372
20 374
20 375
20 380
20 396
20 398
20 402
20 405
20 408
20 409
20 410
20 412
20 413
20 415
20 417
20 436
20 439
20 468
20 503
20 583
20 594
20 628
20 638
20 662
20 678
20 683
20 703
20 704
20 708
20 728
20 729
20 764
20 812
20 813
21 2
21 3
21 4
21 6
21 12
21 17
21 20
21 22
21 23
21 25
21 26
21 35
21 42
21 47
21 70
21 120
21 121
21 123
21 172
21 173
21 377
21 378
21 379
21 383
21 385
21 387
21 389
21 391
21 397
21 398
21 614
21 616
21 618
21 706
21 728
22 4
22 6
22 20
22 23
23 6
23 21
23 121
23 122
23 123
24 2
24 4
24 6
24 21
24 25
24 58
25 4
25 6
25 12
25 17
25 18
25 20
25 21
25 42
25 397
25 398
26 6
26 21
26 119
26 120
27 28
27 29
27 30
27 42
28 13
28 17
28 18
28 20
28 29
28 30
28 38
28 42
28 58
28 63
28 66
28 77
28 85
28 107
28 141
28 191
28 321
28 323
28 464
28 535
28 557
28 559
28 571
28 572
28 660
28 661
28 700
28 701
28 720
28 735
28 748
28 750
28 751
28 758
28 785
28 800
28 822
29 4
29 6
29 12
29 13
29 15
29 17
29 20
29 27
29 28
29 30
29 35
29 37
29 38
29 42
29 46
29 55
29 58
29 63
29 77
29 85
29 98
29 132
29 191
29 193
29 243
29 326
29 464
29 466
29 499
29 500
29 502
29 503
29 535
29 545
29 559
29 656
29 701
29 735
29 751
29 758
29 782
30 17
30 18
30 38
30 58
30 193
30 759
31 17
31 32
31 33
31 34
31 38
31 138
31 193
32 2
32 4
32 6
32 12
32 15
32 17
32 18
32 20
32 29
32 33
32 34
32 35
32 38
32 42
32 45
32 46
32 47
32 50
32 55
32 60
32 64
32 133
32 137
32 191
32 204
32 228
32 274
32 276
32 374
32 393
32 443
32 457
32 505
32 541
32 542
32 564
33 34
33 35
33 193
34 2
34 4
34 6
34 12
34 17
34 32
34 35
34 38
34 42
34 46
34 60
34 63
34 77
34 115
34 124
34 159
34 191
34 227
34 677
35 3
35 4
35 6
35 8
35 12
35 15
35 17
35 18
35 20
35 21
35 22
35 32
35 37
35 38
35 42
35 43
35 46
35 48
35 58
35 70
35 71
35 72
35 133
35 136
35 137
35 138
35 165
35 172
35 193
35 195
35 204
35 313
35 314
35 315
35 316
35 328
35 369
35 370
35 371
35 372
35 374
35 375
35 376
35 377
35 378
35 379
35 380
35 392
35 393
35 394
35 395
35 396
35 397
35 398
35 400
35 401
35 402
35 403
35 404
35 405
35 406
35 407
35 408
35 409
35 410
35 411
35 412
35 413
35 414
35 415
35 416
35 417
35 418
35 428
35 429
35 443
35 506
35 544
35 585
35 605
35 622
35 624
35 625
35 626
35 627
35 649
35 659
35 728
35 729
35 751
35 767
36 12
36 17
36 32
36 34
36 35
36 37
36 38
36 42
36 58
36 351
37 4
37 6
37 8
37 15
37 17
37 18
37 20
37 28
37 29
37 30
37 31
37 32
37 34
37 38
37 42
37 46
37 58
37 72
37 77
37 132
37 133
37 147
37 148
37 183
37 191
37 193
37 201
37 202
37 225
37 248
37 270
37 277
37 318
37 361
37 370
37 372
37 393
37 420
37 436
37 475
37 477
37 482
37 483
37 506
37 514
37 534
37 562
37 587
37 605
37 638
37 656
37 662
37 681
37 689
37 703
37 704
37 720
37 757
37 758
37 760
37 761
37 762
37 814
38 6
38 12
38 15
38 17
38 20
38 37
38 58
38 72
38 77
38 148
38 156
38 191
38 193
38 270
38 272
38 273
38 277
38 278
38 305
38 341
38 437
38 464
38 506
38 514
38 593
38 607
38 634
38 638
38 656
38 662
38 704
38 757
38 760
38 762
38 814
39 6
39 15
39 17
39 40
39 41
39 46
40 4
40 6
40 12
40 15
40 17
40 41
40 42
40 46
40 53
40 87
40 88
40 98
40 101
40 103
40 108
40 133
40 191
40 215
40 280
40 311
40 336
40 337
40 345
40 445
40 518
40 522
40 523
40 539
40 580
40 749
41 6
41 17
41 96
41 97
41 98
42 3
42 5
42 6
42 8
42 9
42 12
42 15
42 17
42 18
42 20
42 22
42 30
42 35
42 38
42 43
42 44
42 45
42 46
42 48
42 53
42 58
42 72
42 77
42 88
42 135
42 151
42 207
42 247
42 256
42 259
42 260
42 296
42 298
42 311
42 359
42 362
42 370
42 371
42 372
42 374
42 380
42 394
42 395
42 396
42 398
42 400
42 401
42 402
42 403
42 404
42 405
42 406
42 407
42 408
42 409
42 410
42 411
42 412
42 413
42 414
42 415
42 416
42 417
42 418
42 428
42 429
42 482
42 526
42 551
42 585
42 614
42 616
42 618
42 622
42 624
42 625
42 626
42 627
42 633
42 661
42 679
42 688
42 701
42 705
42 707
42 713
42 717
42 728
42 729
42 748
42 821
43 12
43 44
44 4
44 12
44 17
44 35
44 42
44 383
44 385
44 387
44 389
44 391
44 622
44 624
44 625
44 626
44 627
45 15
45 17
45 29
45 46
45 47
45 58
45 72
45 134
45 187
45 191
45 399
46 2
46 4
46 6
46 12
46 15
46 17
46 18
46 20
46 29
46 35
46 40
46 42
46 47
46 58
46 64
46 67
46 85
46 87
46 88
46 89
46 90
46 94
46 95
46 98
46 102
46 108
46 120
46 127
46 131
46 138
46 139
46 168
46 174
46 187
46 191
46 202
46 207
46 211
46 224
46 233
46 236
46 243
46 244
46 262
46 263
46 264
46 266
46 282
46 284
46 288
46 292
46 298
46 306
46 307
46 311
46 326
46 354
46 355
46 356
46 399
46 419
46 424
46 428
46 436
46 458
46 463
46 466
46 467
46 471
46 473
46 478
46 489
46 492
46 494
46 496
46 498
46 499
46 520
46 531
46 543
46 560
46 566
46 569
46 575
46 577
46 585
46 594
46 595
46 610
46 611
46 636
46 637
46 660
46 662
46 665
46 667
46 669
46 697
46 725
46 731
46 732
46 744
46 746
46 749
46 782
46 806
46 807
46 808
46 809
46 811
46 815
46 816
46 818
46 826
47 3
47 8
47 12
47 15
47 18
47 20
47 22
47 32
47 35
47 42
47 48
47 189
47 370
47 371
47 372
47 373
47 374
47 394
47 395
47 396
47 397
47 398
47 399
47 728
47 729
48 12
48 18
48 20
48 21
48 42
48 43
48 397
48 614
48 616
48 618
49 12
49 34
49 115
50 6
50 17
50 35
50 51
50 263
51 15
51 17
51 52
51 53
51 54
51 471
51 493
51 495
51 497
51 670
51 698
51 810
51 817
52 53
52 54
52 666
52 668
52 669
52 670
52 697
52 698
53 15
53 46
53 54
53 280
53 471
54 17
54 355
54 469
55 2
55 17
55 35
55 46
55 56
55 63
56 17
56 18
56 46
57 17
57 42
57 58
57 59
57 77
57 159
57 193
58 4
58 6
58 12
58 15
58 17
58 32
58 36
58 38
58 42
58 46
58 59
58 61
58 133
58 141
58 165
58 191
58 277
58 311
58 324
58 359
58 583
58 660
58 682
59 17
59 18
59 20
59 42
59 322
60 35
60 46
61 17
61 18
61 20
61 42
61 320
62 12
62 28
62 29
62 34
62 55
62 63
62 66
63 15
63 17
63 29
63 179
63 464
64 15
64 17
64 34
64 35
64 191
65 18
65 20
65 28
65 42
65 193
65 505
66 15
66 17
66 18
66 20
66 29
66 56
67 6
67 12
67 15
67 17
67 68
67 392
68 17
68 46
68 67
69 17
69 21
69 35
69 70
70 4
70 15
70 267
70 595
70 774
71 4
71 6
71 72
71 138
72 6
72 15
72 17
72 46
72 71
72 138
72 193
72 399
73 227
75 2
75 4
75 12
75 15
75 17
75 40
75 46
75 76
75 77
75 88
75 94
75 95
75 99
75 125
75 737
76 15
76 17
76 46
76 77
76 108
76 546
76 560
76 737
77 15
77 17
77 46
77 58
77 85
77 147
77 189
77 190
77 191
77 193
77 263
77 264
77 280
77 493
77 494
77 495
77 496
77 497
77 498
77 525
77 687
77 740
77 741
77 748
78 17
78 29
78 58
78 79
79 6
79 17
79 58
79 327
79 338
80 2
80 15
80 17
80 29
80 39
80 46
80 81
80 82
80 83
81 2
81 15
81 17
81 46
81 82
82 2
82 15
82 17
82 39
82 46
82 87
83 2
83 15
83 17
83 39
83 46
84 15
84 17
84 24
84 29
84 58
84 78
84 85
84 161
84 225
84 550
84 583
85 4
85 6
85 12
85 15
85 17
85 18
85 20
85 29
85 37
85 45
85 46
85 58
85 78
85 80
85 98
85 100
85 106
85 115
85 161
85 185
85 187
85 243
85 263
85 264
85 500
85 514
85 553
85 554
85 680
85 725
86 2
86 12
86 15
86 17
86 29
86 46
86 80
86 85
86 87
87 6
87 46
88 6
88 12
88 15
88 17
88 40
88 46
88 53
88 95
88 169
88 311
88 445
88 580
88 594
88 595
89 46
89 90
90 46
90 89
91 6
91 12
91 15
91 17
91 18
91 20
91 34
91 42
91 92
91 124
91 125
91 150
91 151
91 154
91 156
91 157
91 251
91 252
91 253
91 254
91 255
91 256
91 382
91 384
91 386
91 388
91 390
91 442
91 531
91 614
91 615
91 616
91 617
91 618
91 619
91 620
91 621
91 672
91 673
91 674
91 675
91 676
91 677
91 678
91 679
91 683
91 690
91 705
91 707
91 708
91 819
92 17
92 42
92 117
92 612
92 766
93 4
93 6
93 12
93 17
94 4
94 12
94 17
94 87
94 95
94 652
95 12
95 17
95 46
95 94
95 595
96 17
96 97
96 98
97 17
97 87
97 98
98 6
98 12
98 15
98 17
98 46
98 88
98 518
99 4
99 6
99 100
99 126
99 737
100 4
100 6
100 29
100 42
100 53
100 98
100 108
100 162
100 196
100 301
100 358
100 500
100 514
100 525
100 633
100 643
101 2
101 6
101 15
101 17
101 46
101 88
101 102
102 17
102 70
102 267
102 594
102 595
102 610
102 774
103 4
103 15
103 17
103 88
103 104
104 12
104 17
104 154
104 155
104 156
104 157
104 192
104 193
104 335
104 392
104 443
105 15
105 17
105 46
105 104
105 106
106 2
106 15
106 17
106 29
106 46
106 104
106 131
106 132
106 133
106 554
107 2
107 4
107 6
107 12
107 15
107 17
107 29
107 40
107 42
107 46
107 77
107 85
107 88
107 103
107 104
107 105
107 108
107 164
107 179
107 180
107 184
107 185
107 187
107 188
107 189
107 190
107 191
107 192
107 193
108 6
108 15
108 17
108 37
108 38
108 76
108 88
108 103
108 131
108 514
109 12
109 110
109 111
109 114
110 12
110 111
111 12
112 15
112 109
112 113
112 114
112 170
112 515
113 17
113 109
113 114
113 471
114 6
114 15
114 17
114 88
114 100
114 170
114 301
114 303
114 445
114 451
114 515
115 29
116 12
116 42
116 117
116 118
117 17
117 118
117 612
117 766
118 42
118 77
119 21
119 23
119 26
119 120
119 121
120 6
120 15
120 214
120 293
121 6
121 216
122 21
122 23
122 123
123 6
123 217
124 12
124 17
124 20
124 42
124 75
124 99
124 125
124 126
124 154
124 156
124 157
124 252
124 253
124 254
124 256
124 382
124 384
124 386
124 388
124 390
124 531
124 615
124 617
124 619
124 620
124 621
124 672
124 673
124 675
124 676
124 677
124 679
124 683
124 690
124 708
125 12
125 17
125 58
125 77
125 124
125 132
125 275
125 276
125 531
125 599
125 600
127 2
127 15
127 17
127 42
127 45
127 46
127 128
127 129
127 134
127 135
128 2
128 15
128 17
128 40
128 46
128 88
128 129
128 263
128 264
128 282
128 471
128 539
128 788
129 15
129 17
130 12
130 15
130 17
130 46
130 106
130 131
130 132
130 133
130 431
130 432
130 478
130 479
131 15
131 132
132 12
132 15
132 17
132 38
132 42
132 46
132 77
132 130
132 137
132 160
132 482
132 485
132 782
133 4
133 6
133 15
133 17
133 37
133 38
133 42
133 46
133 130
133 131
133 132
133 204
133 362
133 429
134 15
134 17
134 46
135 2
135 15
135 17
135 46
135 105
135 107
135 134
136 137
136 138
137 17
137 37
137 38
137 77
137 138
137 482
137 681
138 17
138 33
138 35
138 193
138 195
138 325
138 544
138 751
139 2
139 12
139 15
139 17
139 46
139 140
139 665
139 667
139 669
139 697
139 807
139 808
139 809
139 816
140 2
140 12
140 15
140 17
140 46
140 58
140 77
140 139
140 189
140 190
141 2
141 4
141 6
141 12
141 15
141 17
141 29
141 35
141 37
141 38
141 42
141 46
141 58
141 77
141 140
141 142
141 143
141 149
141 158
141 163
141 165
141 197
141 487
141 520
141 754
141 755
141 811
141 812
141 813
141 818
142 4
142 6
142 143
143 4
143 6
144 17
144 141
144 145
145 17
145 141
146 12
146 17
146 37
146 38
146 133
147 17
147 38
147 148
149 35
149 42
149 91
149 150
149 151
150 151
151 15
151 17
151 46
151 207
152 12
152 34
152 77
153 6
153 17
153 42
153 91
153 124
153 154
154 193
154 334
154 335
155 6
155 17
155 37
155 38
155 42
155 91
155 124
155 156
155 157
155 193
155 437
155 505
155 511
156 12
156 17
156 37
156 58
156 157
156 189
156 193
156 334
156 634
156 646
157 37
157 38
157 58
157 156
157 193
157 334
157 505
157 634
158 12
158 159
158 160
158 487
159 4
159 6
159 11
159 12
159 15
159 17
159 29
159 42
159 46
159 58
159 77
159 141
159 160
159 193
159 197
159 207
159 215
159 227
159 228
159 275
159 282
159 359
159 499
159 544
159 716
159 785
159 786
159 787
159 788
160 12
160 15
160 17
160 37
160 38
160 42
160 46
160 77
160 132
160 478
160 482
160 483
160 484
160 500
160 520
161 6
161 17
161 29
161 58
161 100
161 162
163 35
163 42
163 149
164 2
164 4
164 6
164 17
164 42
164 58
164 141
164 165
164 349
164 664
165 32
165 37
165 38
165 42
166 17
166 18
166 20
166 77
166 167
167 12
167 15
167 20
167 710
168 12
168 15
168 17
168 110
168 112
168 114
168 169
168 170
168 171
168 515
169 12
169 110
169 170
170 12
170 110
171 17
171 46
171 298
172 6
172 35
172 173
173 12
173 17
173 18
173 20
173 35
173 42
173 47
173 399
173 728
174 15
174 17
174 174
174 175
175 17
175 46
175 744
176 2
176 12
176 15
176 17
176 46
176 168
177 2
177 12
177 15
177 17
177 46
177 174
178 12
178 17
178 35
178 42
178 77
178 104
178 116
178 138
178 179
178 195
179 4
179 6
179 15
179 17
179 77
179 180
180 6
180 17
180 104
180 178
182 6
182 100
182 114
182 303
183 12
183 15
183 17
183 18
183 20
183 38
183 58
183 184
183 324
184 17
184 18
184 46
185 6
185 12
185 17
185 29
185 77
185 107
186 17
186 185
187 15
187 17
187 29
187 63
187 179
187 188
188 15
188 17
189 12
189 15
189 17
189 18
189 20
189 34
189 35
189 42
189 46
189 58
189 77
189 147
189 157
189 190
189 191
189 233
189 260
189 269
189 276
189 277
189 278
189 313
189 314
189 315
189 316
189 370
189 371
189 372
189 375
189 380
189 381
189 425
189 428
189 505
189 583
189 584
189 585
189 645
189 674
189 676
189 686
189 687
189 688
189 703
189 704
189 738
189 739
189 740
189 741
189 812
189 813
190 12
190 58
190 77
190 146
190 147
190 189
190 191
190 531
190 590
190 591
190 592
190 687
190 740
190 741
191 15
191 17
191 35
191 42
191 46
191 64
191 88
191 311
192 12
192 15
192 193
192 643
193 15
193 46
193 71
193 104
193 138
193 193
193 393
193 771
193 772
194 17
194 107
195 42
195 77
195 748
196 6
196 17
196 726
197 6
197 17
197 198
197 209
198 6
199 17
199 164
200 12
200 15
200 17
200 18
200 20
200 31
200 35
200 37
200 38
200 42
200 46
200 189
200 233
200 276
200 296
200 316
200 375
200 428
200 583
200 584
200 585
201 12
201 17
201 37
201 38
201 202
202 15
202 17
202 38
203 17
203 204
203 205
204 17
204 18
204 20
204 205
204 520
204 628
205 12
205 17
205 73
205 227
207 15
207 17
207 141
207 197
207 208
207 209
208 197
208 209
209 17
209 18
209 20
209 34
209 159
209 267
210 12
210 15
210 17
210 46
210 210
210 211
211 15
211 17
212 17
212 82
212 87
213 17
213 87
213 97
214 6
214 12
214 17
214 120
214 215
214 220
214 221
214 276
214 463
214 692
214 733
215 6
215 12
215 15
215 17
215 46
215 88
215 120
215 121
215 123
215 221
215 222
215 279
215 282
215 692
215 694
215 695
215 733
215 734
216 6
216 12
216 17
216 121
216 215
216 220
216 222
216 463
216 694
217 6
217 12
217 17
217 123
217 215
217 463
217 695
218 2
218 6
218 17
218 46
218 219
219 17
219 46
219 215
219 588
220 15
220 17
220 215
220 221
220 222
221 17
221 293
221 548
222 17
222 88
222 446
223 12
223 15
223 17
223 46
223 224
224 15
224 17
224 37
224 38
224 201
225 12
225 38
225 42
225 701
225 720
226 15
226 84
227 4
227 6
227 17
227 228
228 6
228 17
228 35
228 204
229 12
229 15
229 17
229 46
229 64
230 15
230 231
230 232
231 232
232 17
232 46
232 463
233 12
233 15
233 17
233 18
233 35
233 42
233 234
233 235
233 236
234 235
235 233
235 236
236 12
236 15
236 17
236 46
236 236
236 392
236 424
237 17
237 42
237 238
238 17
238 42
241 12
241 15
241 17
241 46
241 243
241 244
243 6
243 15
243 17
243 46
243 244
244 15
244 17
244 37
244 38
244 273
245 12
245 17
245 42
245 246
245 247
245 249
246 12
246 17
246 42
246 247
246 362
247 17
248 12
248 17
248 18
248 38
248 42
248 245
248 249
249 17
249 18
249 20
249 37
249 38
249 42
249 248
251 17
251 124
251 252
252 17
252 124
252 253
253 17
253 124
253 254
254 17
255 17
255 20
255 42
255 124
255 256
256 17
257 17
257 18
257 20
257 255
259 12
259 17
259 42
259 189
259 260
260 12
260 425
261 12
261 15
261 17
261 46
261 262
262 15
262 17
263 6
263 12
263 15
263 17
263 29
263 46
263 51
263 53
263 264
263 307
263 471
263 474
263 475
263 539
263 595
264 6
264 12
264 15
264 17
264 29
264 77
264 120
264 121
264 123
264 159
264 214
264 215
264 216
264 217
264 218
264 263
264 282
264 539
264 716
265 17
265 266
265 267
265 268
266 17
266 267
266 268
267 268
267 595
269 12
269 17
269 58
269 270
269 271
269 272
269 567
270 17
270 271
270 272
271 12
271 17
271 58
271 189
271 269
271 272
272 20
272 37
272 270
273 17
273 37
273 86
273 87
274 17
274 34
274 35
274 159
274 209
275 12
275 17
275 57
275 58
275 77
275 125
275 159
275 193
276 12
276 15
276 17
276 18
276 35
276 42
276 46
276 58
276 77
276 132
276 160
276 215
276 233
276 274
276 275
276 351
276 428
276 482
276 733
276 734
276 800
277 12
277 17
277 278
277 634
278 37
278 58
278 277
278 334
278 505
279 12
279 15
279 17
279 40
279 77
279 88
279 215
279 280
280 17
280 53
280 88
281 17
281 279
282 12
282 15
282 17
282 46
282 264
282 284
282 594
282 595
283 6
283 12
283 15
283 17
283 46
283 284
283 308
284 12
284 46
284 306
284 595
287 12
287 15
287 17
287 46
287 288
288 12
288 15
288 17
288 46
288 288
289 12
289 15
289 17
289 77
289 99
289 290
289 357
290 15
290 77
290 357
290 546
291 6
291 12
291 15
291 17
291 46
291 289
291 292
292 12
292 46
292 595
292 637
293 2
293 15
293 17
293 46
293 120
293 548
294 17
294 140
295 2
295 15
295 17
295 42
295 46
295 296
295 806
295 807
295 815
295 816
296 12
296 15
296 17
296 18
296 20
296 35
296 42
296 46
296 189
296 233
296 276
296 316
296 375
296 428
296 583
296 584
296 585
296 806
296 808
296 809
297 193
298 17
298 133
298 299
298 746
299 12
299 15
299 17
299 133
299 743
300 6
300 12
300 15
300 17
300 114
300 305
300 722
301 6
301 12
301 15
301 302
302 15
302 112
303 6
303 12
303 15
303 112
304 6
304 300
304 305
304 329
304 347
304 722
305 6
305 37
305 300
305 304
305 329
305 341
305 342
305 347
305 722
306 6
306 12
306 17
306 77
306 283
306 307
307 6
307 12
307 17
307 77
307 356
307 595
308 12
308 15
308 17
308 77
308 309
309 15
309 17
309 46
309 77
309 356
309 357
309 358
310 12
310 15
310 17
310 37
310 38
310 311
310 312
310 351
310 361
310 421
310 746
311 2
311 6
311 15
311 51
311 58
311 226
311 312
311 732
311 810
312 15
312 339
313 3
313 6
313 12
313 17
313 20
313 35
313 314
313 449
313 450
313 582
314 6
314 20
315 8
315 12
315 17
315 20
315 35
315 316
316 6
316 12
316 15
316 35
316 42
316 46
316 276
316 428
316 583
316 584
316 585
317 17
317 37
317 38
317 318
318 17
318 38
319 12
319 15
319 46
319 95
319 652
320 12
320 20
320 321
321 12
321 17
321 29
321 32
321 35
321 132
321 348
321 482
321 564
322 12
322 20
322 323
323 12
323 29
324 12
324 17
324 18
324 20
324 325
325 35
325 751
326 15
326 17
326 18
326 20
326 132
326 354
327 6
327 15
327 17
327 29
327 46
327 326
328 6
328 12
328 17
328 18
328 20
328 37
328 38
328 42
328 153
328 155
328 329
328 607
329 6
329 17
329 42
329 153
329 155
330 15
330 17
330 129
330 331
330 332
331 2
331 4
331 17
331 129
331 433
332 2
332 4
332 17
332 129
332 338
333 12
333 17
333 154
333 156
333 157
333 188
333 277
333 278
333 334
333 335
334 100
334 277
335 154
335 193
335 334
336 6
336 12
336 17
336 77
336 133
336 166
337 6
337 12
337 17
337 77
337 133
337 166
338 4
338 6
338 17
338 327
339 12
339 15
339 340
340 12
340 17
340 18
340 20
340 764
341 6
341 12
341 37
341 305
341 342
342 6
342 304
342 305
343 12
343 37
343 38
343 305
343 341
344 6
344 12
344 15
344 17
344 330
345 6
345 12
345 17
345 133
345 344
346 6
346 17
346 35
346 46
347 6
347 305
347 722
348 17
348 18
348 20
348 132
348 349
349 4
349 6
349 17
349 664
350 36
350 351
351 12
351 15
351 17
351 37
351 38
351 42
351 58
351 310
351 359
351 421
351 477
351 770
351 800
351 801
352 17
352 353
353 58
353 77
354 6
354 12
354 15
354 17
354 46
354 355
354 651
355 17
355 46
355 441
355 458
355 469
355 747
356 6
356 12
356 15
356 17
356 46
356 309
356 326
356 354
356 482
356 636
357 99
357 358
357 524
357 546
357 789
358 6
358 12
358 53
358 827
359 4
359 6
359 11
359 12
359 17
359 18
359 20
359 42
359 141
359 360
359 785
359 786
360 6
360 17
360 20
360 218
360 264
361 17
361 37
361 38
361 656
362 17
362 247
363 12
363 311
364 4
364 17
364 365
364 366
365 4
365 17
365 366
366 17
368 17
368 463
369 17
369 35
369 370
370 3
370 4
370 6
370 12
370 17
370 20
370 32
370 35
370 38
370 42
370 369
370 371
370 393
371 4
371 6
371 17
371 20
371 32
371 37
371 38
371 314
371 393
372 4
372 6
372 17
372 32
372 38
372 316
372 393
373 2
373 4
373 6
373 12
373 17
373 18
373 20
373 35
373 42
373 172
373 399
373 404
374 4
374 6
374 12
374 20
374 22
374 35
374 42
374 375
374 394
375 6
375 12
375 15
375 17
375 18
375 35
375 42
375 46
375 233
375 276
375 583
376 4
376 6
376 377
377 6
377 35
377 398
378 4
378 6
378 42
378 379
378 705
379 35
379 728
380 12
380 20
380 381
380 610
380 773
380 774
380 775
381 20
382 21
382 383
383 4
383 17
383 35
383 42
383 622
384 21
384 385
385 4
385 17
385 35
385 42
385 624
386 21
386 387
387 4
387 17
387 35
387 42
387 625
388 21
388 389
389 4
389 17
389 35
389 42
389 626
390 21
390 391
391 4
391 17
391 35
391 42
391 627
392 3
392 4
392 6
392 8
392 12
392 17
392 32
392 37
392 38
392 104
392 193
392 370
392 371
392 372
392 393
392 424
392 465
392 662
393 6
393 17
393 38
393 104
393 193
393 236
393 392
393 424
394 12
394 17
394 18
394 20
394 35
394 42
394 47
394 395
395 12
395 17
395 18
395 20
395 35
395 42
395 47
395 370
396 12
396 20
396 35
396 42
396 48
397 12
397 18
397 20
397 21
397 42
397 398
397 614
397 616
397 618
398 12
398 20
398 35
398 42
398 729
399 8
399 12
399 15
399 18
399 20
399 22
399 35
399 42
399 72
399 374
399 380
399 398
399 400
399 401
399 402
399 403
399 404
399 405
399 406
399 407
399 408
399 409
399 410
399 411
399 412
399 413
399 414
399 415
399 416
399 417
399 418
399 728
399 729
400 12
400 18
400 20
400 35
400 42
400 399
400 401
401 12
401 17
401 18
401 20
401 35
401 42
401 399
401 402
402 12
402 20
402 35
402 42
402 405
403 12
403 18
403 20
403 35
403 42
403 399
403 406
404 12
404 18
404 20
404 35
404 42
404 399
404 407
405 12
405 20
405 35
405 42
405 408
406 12
406 17
406 18
406 20
406 35
406 42
406 399
406 409
407 12
407 17
407 18
407 20
407 35
407 42
407 399
407 410
408 12
408 20
408 35
408 42
408 411
409 12
409 20
409 35
409 42
409 412
409 610
409 671
409 799
410 12
410 20
410 35
410 42
410 413
411 12
411 18
411 20
411 35
411 42
411 399
411 414
412 12
412 20
412 35
412 42
412 415
413 12
413 684
413 718
414 12
414 18
414 20
414 35
414 42
414 380
414 399
414 417
414 610
414 773
414 774
414 775
415 12
415 20
415 35
415 42
415 416
416 12
416 18
416 20
416 35
416 42
416 399
416 418
418 12
418 18
418 20
418 35
418 42
418 380
418 399
419 12
419 15
419 17
419 351
419 420
419 421
420 12
420 15
420 17
420 38
420 192
420 351
420 423
420 643
421 15
421 17
421 29
421 46
421 85
421 115
421 351
421 419
422 420
422 423
424 15
424 17
424 425
424 426
424 428
424 760
424 762
424 763
425 15
425 17
425 46
425 426
425 428
425 611
427 17
427 424
427 425
427 426
427 428
427 760
427 763
428 15
428 426
428 763
429 6
429 12
429 17
429 35
429 133
430 12
430 15
430 17
430 46
430 424
431 17
431 132
431 432
432 17
432 132
433 4
433 6
433 17
433 79
433 327
434 18
434 20
434 326
435 2
435 12
435 15
435 17
435 46
435 436
436 15
436 17
436 18
436 38
436 130
437 37
437 104
437 155
437 193
437 505
438 17
438 18
438 20
438 439
439 17
439 18
440 17
440 20
440 88
440 441
440 442
441 17
441 88
441 442
442 17
442 88
442 124
442 690
443 17
443 37
443 38
443 42
443 58
443 191
444 17
444 104
445 6
445 12
445 15
445 17
445 88
445 169
445 222
445 446
445 447
445 448
445 450
445 451
445 454
445 455
445 456
445 486
445 515
446 17
446 35
446 88
446 313
446 445
446 449
446 454
447 17
447 88
447 445
447 448
448 17
448 88
449 17
449 35
449 88
449 445
449 450
450 17
450 35
450 88
450 114
450 313
450 451
450 452
450 582
451 17
451 88
451 114
451 452
451 453
452 17
452 114
452 451
452 453
453 17
453 114
454 17
454 35
454 88
454 313
454 445
454 450
454 455
455 17
455 88
455 445
455 456
456 17
456 88
456 445
456 447
457 17
457 35
457 50
458 6
458 12
458 17
458 354
458 459
458 460
459 6
459 17
459 263
459 460
459 467
459 475
459 490
460 6
460 12
460 780
461 20
461 462
461 503
462 12
462 17
462 537
463 15
463 17
463 21
463 23
463 26
463 37
463 38
463 119
463 122
463 215
463 420
463 692
463 694
463 695
464 12
464 15
464 17
464 20
464 37
464 465
465 12
465 17
465 18
465 20
465 29
465 37
465 38
465 393
465 662
466 15
466 17
466 18
466 20
466 37
466 38
466 464
467 12
467 17
467 18
467 20
467 421
467 468
467 471
467 475
467 548
467 797
468 12
468 17
468 18
468 516
469 17
469 113
469 470
469 471
470 17
470 113
470 471
471 12
471 46
471 263
471 595
471 636
471 817
472 17
472 46
472 473
472 492
473 6
473 17
473 263
473 474
474 470
475 17
475 38
475 471
475 474
475 797
475 814
476 17
476 472
477 17
477 38
477 46
478 15
478 17
478 132
478 479
479 12
479 15
479 17
479 29
479 46
479 85
479 132
479 725
481 77
481 132
481 137
481 482
482 18
482 20
482 37
482 38
482 77
482 132
482 326
482 348
482 354
482 436
482 593
483 38
483 42
483 484
484 42
484 77
484 132
484 482
484 485
485 17
485 37
485 38
485 77
485 482
485 483
486 12
486 17
486 18
486 20
486 440
487 141
487 488
488 2
488 12
488 15
488 17
488 29
488 46
488 141
489 15
489 17
489 459
490 6
490 17
490 46
490 489
491 12
491 15
491 17
491 46
491 492
492 12
492 15
492 17
492 46
492 467
493 15
493 17
493 46
493 471
493 494
493 722
493 723
495 15
495 17
495 46
495 471
495 496
495 722
495 724
497 15
497 17
497 46
497 471
497 498
497 721
497 722
499 15
499 17
499 46
499 160
499 520
500 15
500 17
500 46
500 478
501 15
501 17
501 29
501 46
501 806
501 811
501 815
501 818
502 6
502 17
502 18
502 20
502 461
502 503
503 4
503 6
503 502
504 17
504 29
505 12
505 17
505 35
505 37
505 38
505 156
505 190
505 193
505 277
505 443
505 506
506 4
506 6
506 659
507 12
507 15
507 17
507 46
507 202
508 12
508 15
508 17
508 46
508 463
509 17
509 46
509 510
510 2
510 17
510 37
510 38
510 46
510 477
510 689
511 15
511 156
511 157
511 189
511 190
511 277
511 278
511 437
511 505
513 17
513 160
514 4
514 6
514 15
514 17
514 29
514 98
514 650
515 17
515 88
515 169
516 17
516 18
516 20
516 42
516 298
517 12
517 17
518 15
518 17
518 46
518 87
518 98
518 524
518 737
519 17
519 18
519 20
519 204
519 520
519 628
520 15
520 17
520 20
520 158
520 487
520 628
522 17
523 6
523 12
523 17
523 98
524 6
524 12
524 17
524 77
524 98
524 100
524 525
524 737
525 6
525 514
531 6
531 12
531 15
531 91
531 132
531 591
531 592
531 595
532 3
532 17
533 15
533 17
533 37
533 38
533 534
534 38
535 15
535 533
536 17
536 534
537 77
537 538
538 12
538 77
538 819
539 2
539 17
539 46
539 88
539 282
539 471
539 711
540 36
540 58
541 17
541 18
541 20
541 35
541 37
541 38
541 46
541 138
541 183
541 542
541 543
541 544
542 35
543 15
543 584
544 17
544 57
544 77
544 193
544 275
545 28
545 535
546 6
546 100
546 108
546 560
546 737
547 15
547 548
547 549
548 15
548 220
548 549
549 15
549 34
549 227
550 30
550 58
550 660
550 661
550 759
553 17
553 29
553 106
553 554
554 12
554 17
554 29
554 545
555 12
555 17
555 42
555 556
556 12
556 42
556 276
556 351
556 800
556 801
557 29
557 323
558 17
558 557
559 42
559 551
560 17
560 46
560 731
561 12
561 17
561 37
561 38
561 562
561 563
562 17
562 38
562 42
562 572
563 12
563 564
564 17
564 35
565 15
565 17
565 46
565 566
566 15
566 17
566 566
566 630
566 631
567 12
567 17
567 34
567 37
567 38
567 42
567 58
567 156
567 157
567 189
567 271
567 277
567 278
567 567
568 17
568 567
569 15
569 472
569 492
570 15
570 17
570 46
570 569
571 29
571 572
572 29
572 42
573 17
573 571
575 15
575 492
576 15
576 17
576 46
576 577
577 15
577 608
578 15
578 17
578 46
578 575
579 17
579 443
580 6
580 15
580 445
580 581
581 15
581 421
581 606
582 35
583 12
583 15
583 17
583 18
583 35
583 42
583 46
583 233
583 276
583 428
583 584
583 585
584 12
584 15
584 35
584 42
584 46
584 57
584 77
584 585
585 15
586 17
586 37
586 38
586 587
587 17
587 38
587 133
587 204
588 12
588 17
588 215
588 343
590 12
590 146
591 12
591 531
591 594
591 595
592 12
592 531
592 594
592 595
593 17
593 37
593 125
593 132
593 531
594 12
594 17
594 70
594 95
594 263
594 267
594 284
594 292
594 307
594 471
594 531
594 595
594 636
595 20
595 594
596 15
596 17
596 46
596 531
597 15
597 17
597 46
597 425
597 611
599 531
599 600
600 531
601 15
601 220
602 15
602 220
604 35
604 37
604 38
604 42
604 72
605 17
605 38
605 72
606 15
607 12
607 18
607 20
607 37
607 189
607 704
608 609
608 610
609 610
610 12
610 17
610 70
610 575
610 671
610 773
610 774
610 776
610 777
610 778
610 779
610 790
610 791
610 792
610 793
610 794
610 795
610 799
611 15
612 12
612 17
612 99
612 613
612 766
613 99
614 17
614 20
614 124
614 615
615 17
615 124
615 382
616 17
616 20
616 124
616 617
616 620
617 17
617 124
617 384
618 17
618 20
618 124
618 619
618 621
619 17
619 124
619 386
620 17
620 124
620 388
621 17
621 124
621 390
622 12
622 610
622 623
622 776
622 777
622 778
622 779
624 12
624 610
624 622
624 623
624 776
625 12
625 610
625 622
625 623
625 779
626 12
626 610
626 622
626 623
626 777
627 12
627 610
627 622
627 623
627 778
628 18
629 4
629 6
629 12
629 17
629 29
629 37
629 85
630 566
630 631
631 17
631 631
632 6
632 77
632 100
632 633
633 6
633 17
633 629
633 632
633 642
634 12
634 20
634 37
634 77
634 278
634 634
634 635
634 638
634 646
634 647
636 12
636 46
636 307
636 595
637 6
637 12
637 17
637 291
638 12
638 77
640 77
640 632
641 17
641 632
641 633
641 642
642 12
642 15
642 17
642 96
642 632
643 6
643 42
643 633
644 645
644 646
645 189
645 190
645 646
645 704
646 12
646 17
646 157
646 277
646 278
646 634
647 634
647 646
649 35
649 328
650 525
650 737
651 17
651 46
651 354
651 357
651 789
652 15
652 87
652 357
652 524
653 17
653 20
653 54
653 355
653 441
653 469
653 718
653 747
655 8
655 17
656 13
656 28
657 6
657 42
657 53
657 100
657 334
659 6
659 42
659 429
660 15
660 17
660 42
660 661
660 783
661 58
661 660
661 759
662 17
662 393
662 465
662 662
663 17
663 148
664 6
664 17
664 46
664 714
665 52
665 53
665 666
666 17
666 51
666 53
666 471
666 493
667 52
667 53
667 668
668 17
668 51
668 53
668 471
668 495
669 53
669 670
670 17
670 53
670 471
670 497
672 17
672 124
672 673
673 17
673 34
673 124
673 677
674 17
674 124
674 672
675 17
675 37
675 38
675 124
675 676
675 760
676 674
677 20
677 678
678 17
678 42
678 124
678 679
679 680
680 6
680 17
680 29
680 46
680 243
681 38
681 42
681 58
681 682
682 32
682 35
682 42
682 137
683 12
683 413
683 684
686 190
686 687
688 77
688 147
688 190
689 17
689 28
689 29
689 38
689 735
691 12
691 15
691 511
692 15
692 693
693 15
694 15
694 230
695 15
695 696
696 15
697 53
697 698
698 17
698 53
698 471
698 817
700 29
700 42
700 688
700 701
702 17
702 700
703 17
703 18
703 38
703 645
703 704
705 20
705 124
705 683
706 42
706 707
707 20
707 124
707 708
708 12
708 413
708 718
709 15
709 17
709 46
710 12
710 15
710 68
710 299
710 743
711 6
711 17
711 46
711 786
711 796
712 42
712 713
714 2
714 4
714 6
714 15
714 17
714 46
714 159
714 215
714 264
714 282
714 716
716 4
716 6
716 15
716 17
716 42
716 215
716 282
716 717
717 6
717 346
718 17
718 355
718 747
720 29
720 38
720 42
721 722
722 15
722 17
722 52
723 722
724 722
725 15
725 17
725 29
725 46
725 127
726 727
728 17
728 21
728 378
729 17
729 21
729 706
730 15
730 17
730 46
730 662
731 4
731 12
731 17
731 100
731 298
731 351
731 358
731 746
731 770
731 827
732 15
732 226
733 5
733 42
734 9
734 42
735 15
735 276
736 17
736 215
736 276
736 734
737 525
738 77
738 190
738 687
739 190
739 740
740 190
740 741
742 17
742 58
743 12
743 15
743 68
743 710
745 15
745 17
745 46
745 560
746 351
746 421
746 770
747 17
747 355
747 441
748 29
748 758
749 6
749 15
749 88
749 101
750 29
750 193
750 297
750 751
752 17
752 141
752 753
752 754
752 755
753 17
753 141
753 754
753 755
754 17
754 755
756 17
756 276
757 29
757 193
758 17
758 38
758 757
759 12
759 58
759 660
759 767
760 17
760 428
760 763
761 17
761 38
761 762
762 17
762 763
764 17
764 46
764 732
765 17
765 764
767 4
767 6
767 649
768 17
768 193
769 15
769 17
769 46
769 749
770 310
770 421
771 12
771 191
772 193
772 771
774 12
774 775
776 12
776 610
776 777
776 778
776 779
776 790
776 791
776 792
777 12
777 610
777 778
777 779
777 790
777 793
777 794
778 12
778 610
778 779
778 791
778 793
778 795
779 12
779 610
779 792
779 794
779 795
780 12
781 17
781 18
781 20
781 653
783 17
783 128
783 788
784 17
784 584
785 4
785 6
785 11
785 12
785 17
785 29
785 42
785 58
785 77
785 141
785 720
785 786
785 788
786 4
786 6
786 12
786 17
786 42
786 141
786 796
787 11
787 12
787 17
787 42
787 58
787 77
787 785
787 788
788 12
788 17
788 42
788 58
788 77
796 46
796 660
797 15
797 471
797 610
798 15
798 17
798 46
798 610
800 29
800 559
801 12
801 276
801 800
802 17
802 800
803 15
803 17
803 46
803 266
804 17
804 370
805 17
805 785
806 15
806 17
806 46
806 807
806 808
806 809
807 15
807 17
807 46
807 669
808 15
808 46
808 665
809 15
809 46
809 667
810 20
810 812
811 15
811 17
811 46
811 806
812 12
812 15
812 17
812 20
812 46
812 811
812 813
813 15
813 17
813 46
813 818
815 15
815 17
815 46
815 816
816 15
816 17
816 46
816 697
818 15
818 17
818 46
818 815
819 17
819 42
819 124
819 259
819 675
820 42
820 821
822 29
822 321
823 17
823 822
824 17
824 46
824 746
825 15
825 17
825 46
825 826
