1021 6396
1 2
1 3
1 4
2 3
2 4
2 159
2 160
2 161
2 162
2 522
2 694
2 713
2 714
3 4
3 162
3 638
3 714
4 3
4 159
4 160
4 161
4 162
5 6
5 7
5 8
5 20
5 30
5 59
5 99
5 100
5 102
5 198
5 232
5 237
5 238
5 239
5 242
5 244
5 245
5 248
5 249
5 253
5 327
5 412
5 494
5 630
6 7
6 8
6 20
6 30
6 42
6 43
6 84
6 86
6 87
6 88
6 98
6 99
6 100
6 101
6 102
6 133
6 134
6 177
6 197
6 232
6 237
6 238
6 239
6 242
6 244
6 245
6 249
6 320
6 321
6 327
6 329
6 412
6 498
6 499
6 503
6 574
6 584
6 592
6 611
6 644
6 645
6 667
6 715
6 719
6 850
6 976
6 978
6 980
6 988
6 993
7 5
7 6
7 8
7 11
7 16
7 17
7 20
7 30
7 43
7 59
7 83
7 84
7 85
7 88
7 99
7 100
7 101
7 102
7 133
7 139
7 153
7 156
7 176
7 177
7 187
7 198
7 200
7 219
7 221
7 232
7 236
7 237
7 238
7 239
7 242
7 244
7 245
7 248
7 249
7 253
7 293
7 320
7 337
7 350
7 395
7 413
7 415
7 416
7 417
7 458
7 461
7 474
7 492
7 493
7 494
7 496
7 498
7 499
7 502
7 592
7 593
7 604
7 611
7 622
7 624
7 630
7 644
7 657
7 671
7 673
7 675
7 676
7 715
7 804
7 832
7 842
7 843
7 845
7 891
7 969
7 970
7 971
7 974
7 976
7 1043
7 1050
7 1051
7 1052
7 1053
9 10
9 11
9 12
9 24
9 36
9 48
9 51
9 53
9 54
9 60
9 77
9 97
9 114
9 126
9 156
9 174
9 229
9 230
9 233
9 234
9 235
9 240
9 241
9 243
9 246
9 247
9 250
9 251
9 252
9 254
9 495
9 516
9 594
9 605
9 606
9 613
9 663
9 672
9 680
9 802
9 814
9 977
9 1016
9 1031
10 6
10 9
10 11
10 12
10 13
10 14
10 16
10 24
10 31
10 34
10 36
10 44
10 45
10 46
10 48
10 50
10 51
10 53
10 54
10 55
10 60
10 61
10 64
10 65
10 67
10 68
10 69
10 74
10 75
10 77
10 80
10 82
10 89
10 90
10 95
10 96
10 97
10 103
10 104
10 109
10 114
10 115
10 117
10 123
10 139
10 141
10 153
10 154
10 155
10 156
10 170
10 171
10 173
10 174
10 202
10 203
10 206
10 210
10 211
10 212
10 222
10 229
10 230
10 233
10 234
10 235
10 240
10 241
10 243
10 246
10 247
10 251
10 263
10 264
10 265
10 266
10 269
10 270
10 275
10 276
10 283
10 284
10 285
10 286
10 287
10 288
10 289
10 291
10 318
10 324
10 325
10 328
10 330
10 334
10 335
10 343
10 344
10 362
10 363
10 364
10 365
10 366
10 368
10 369
10 370
10 372
10 374
10 379
10 381
10 391
10 392
10 403
10 407
10 440
10 444
10 447
10 448
10 449
10 450
10 452
10 453
10 455
10 457
10 461
10 464
10 467
10 470
10 471
10 486
10 500
10 501
10 504
10 506
10 507
10 509
10 512
10 516
10 517
10 528
10 531
10 533
10 534
10 535
10 537
10 538
10 539
10 540
10 541
10 542
10 543
10 544
10 545
10 546
10 548
10 549
10 550
10 552
10 553
10 554
10 562
10 563
10 572
10 573
10 578
10 582
10 585
10 602
10 615
10 641
10 642
10 650
10 652
10 662
10 664
10 669
10 672
10 674
10 679
10 683
10 692
10 696
10 702
10 703
10 706
10 707
10 709
10 739
10 746
10 748
10 752
10 754
10 755
10 756
10 811
10 820
10 822
10 823
10 824
10 829
10 835
10 839
10 840
10 853
10 872
10 977
10 987
10 992
10 1008
10 1016
10 1018
10 1027
10 1028
10 1030
10 1032
10 1034
10 1035
10 1036
10 1037
10 1038
11 3
11 6
11 7
11 9
11 10
11 12
11 14
11 16
11 21
11 24
11 25
11 26
11 32
11 34
11 36
11 42
11 43
11 45
11 46
11 51
11 52
11 53
11 54
11 59
11 60
11 61
11 62
11 64
11 67
11 68
11 69
11 74
11 75
11 77
11 78
11 80
11 88
11 89
11 95
11 97
11 111
11 114
11 115
11 119
11 122
11 123
11 125
11 126
11 127
11 138
11 139
11 140
11 145
11 153
11 156
11 158
11 161
11 162
11 163
11 171
11 174
11 177
11 178
11 179
11 203
11 204
11 205
11 206
11 208
11 209
11 210
11 211
11 215
11 218
11 223
11 229
11 230
11 233
11 234
11 235
11 240
11 241
11 243
11 246
11 247
11 250
11 251
11 252
11 254
11 263
11 264
11 265
11 266
11 269
11 270
11 275
11 276
11 291
11 294
11 318
11 319
11 324
11 325
11 326
11 328
11 335
11 355
11 356
11 358
11 361
11 364
11 366
11 368
11 369
11 370
11 372
11 374
11 378
11 381
11 394
11 406
11 407
11 411
11 413
11 423
11 425
11 433
11 440
11 441
11 442
11 447
11 448
11 449
11 453
11 461
11 482
11 484
11 487
11 495
11 497
11 500
11 501
11 502
11 507
11 509
11 512
11 516
11 517
11 531
11 533
11 534
11 535
11 537
11 538
11 548
11 553
11 554
11 559
11 561
11 562
11 568
11 585
11 587
11 588
11 589
11 591
11 594
11 595
11 598
11 599
11 600
11 612
11 625
11 626
11 634
11 635
11 636
11 639
11 640
11 641
11 642
11 643
11 646
11 647
11 649
11 650
11 654
11 658
11 662
11 663
11 665
11 669
11 672
11 690
11 697
11 698
11 699
11 700
11 705
11 706
11 707
11 710
11 712
11 720
11 740
11 745
11 747
11 748
11 752
11 754
11 755
11 756
11 757
11 760
11 762
11 764
11 766
11 768
11 770
11 777
11 778
11 779
11 780
11 785
11 786
11 789
11 794
11 800
11 801
11 805
11 807
11 809
11 810
11 811
11 812
11 813
11 814
11 819
11 820
11 821
11 822
11 823
11 831
11 832
11 835
11 839
11 840
11 841
11 845
11 858
11 860
11 864
11 869
11 872
11 874
11 891
11 901
11 903
11 911
11 913
11 915
11 919
11 969
11 970
11 971
11 977
11 990
11 994
11 995
11 997
11 1006
11 1009
11 1010
11 1015
11 1016
11 1024
11 1028
11 1029
11 1036
11 1044
11 1061
12 11
12 45
12 46
12 48
12 54
12 60
12 141
12 171
12 223
12 505
13 9
13 10
13 11
13 14
13 15
13 16
13 36
13 54
13 122
13 291
13 461
13 465
13 479
13 480
13 605
13 610
13 634
13 635
13 646
13 647
13 662
13 665
13 794
13 795
13 807
14 10
14 11
14 15
14 16
14 60
14 111
14 174
14 206
14 318
14 418
14 472
14 473
14 482
15 10
15 11
15 14
15 16
15 480
15 486
15 634
15 635
15 647
15 665
15 795
15 807
16 13
16 34
16 36
16 54
16 318
16 476
16 477
17 5
17 6
17 7
17 18
17 19
17 20
17 28
17 30
17 41
17 42
17 43
17 102
17 137
17 197
17 231
17 293
17 715
17 988
18 19
18 20
18 22
19 17
19 18
19 20
19 22
20 5
20 6
20 7
20 17
20 18
20 28
20 30
20 59
20 101
20 102
20 106
20 177
20 178
20 187
20 189
20 190
20 198
20 199
20 221
20 293
20 592
20 611
20 715
20 804
21 9
21 10
21 11
21 12
21 22
21 23
21 24
21 32
21 34
21 36
21 48
21 51
21 53
21 54
21 123
21 125
21 206
21 207
21 223
21 229
21 230
21 292
21 294
21 376
21 384
21 406
21 478
21 568
21 569
21 987
21 1008
21 1017
22 23
22 24
22 382
23 18
23 19
23 22
23 24
23 382
24 10
24 11
24 21
24 34
24 36
24 51
24 53
24 224
24 229
24 230
24 233
24 234
24 235
24 240
24 241
24 243
24 246
24 247
24 250
24 251
24 252
24 254
24 263
24 264
24 265
24 266
24 269
24 270
24 275
24 276
24 294
24 393
24 581
24 650
24 798
24 805
25 7
25 26
25 27
25 28
25 29
25 30
25 42
25 43
26 6
26 7
26 11
26 17
26 20
26 27
26 28
26 29
26 30
26 32
26 42
26 99
26 101
26 106
26 164
26 165
26 175
26 177
26 178
26 180
26 181
26 187
26 189
26 190
26 320
26 329
26 332
26 336
26 337
26 341
26 350
26 385
26 386
26 412
26 458
26 459
26 460
26 474
26 475
26 494
26 496
26 502
26 592
26 593
26 742
26 743
26 832
26 833
26 834
26 845
26 846
26 847
26 969
26 970
26 971
26 974
26 998
26 999
26 1002
26 1003
26 1019
26 1020
26 1039
26 1040
26 1045
26 1046
26 1047
26 1056
26 1057
26 1058
27 28
27 29
27 30
28 7
28 26
28 29
28 30
28 101
28 165
28 178
28 181
28 341
28 386
28 460
28 564
28 565
28 566
28 567
28 834
28 847
28 999
28 1003
28 1020
28 1040
28 1047
28 1058
29 30
30 7
30 177
30 834
30 999
30 1003
30 1040
31 3
31 7
31 9
31 10
31 11
31 25
31 32
31 33
31 34
31 35
31 36
31 38
31 39
31 45
31 46
31 47
31 48
31 49
31 50
31 54
31 142
31 169
31 174
31 323
31 333
31 350
31 351
31 440
31 553
31 599
31 681
31 700
31 701
32 7
32 9
32 10
32 11
32 12
32 13
32 16
32 21
32 24
32 33
32 34
32 35
32 36
32 45
32 46
32 47
32 48
32 49
32 50
32 51
32 53
32 54
32 56
32 57
32 60
32 65
32 66
32 69
32 75
32 77
32 79
32 80
32 97
32 111
32 116
32 117
32 127
32 128
32 129
32 141
32 142
32 146
32 167
32 168
32 169
32 171
32 174
32 182
32 183
32 204
32 205
32 206
32 208
32 209
32 211
32 212
32 213
32 214
32 215
32 223
32 235
32 240
32 241
32 243
32 246
32 247
32 255
32 263
32 264
32 265
32 266
32 269
32 270
32 275
32 276
32 318
32 319
32 322
32 328
32 330
32 333
32 335
32 347
32 348
32 356
32 357
32 359
32 360
32 363
32 368
32 369
32 374
32 387
32 388
32 389
32 390
32 394
32 397
32 401
32 402
32 406
32 407
32 408
32 409
32 410
32 421
32 422
32 423
32 424
32 425
32 426
32 440
32 444
32 446
32 448
32 449
32 452
32 461
32 462
32 463
32 476
32 477
32 495
32 497
32 505
32 509
32 512
32 513
32 516
32 517
32 518
32 519
32 520
32 525
32 528
32 530
32 531
32 538
32 541
32 544
32 545
32 546
32 547
32 548
32 549
32 551
32 553
32 554
32 555
32 556
32 557
32 558
32 562
32 577
32 594
32 595
32 596
32 598
32 600
32 605
32 606
32 612
32 620
32 621
32 636
32 639
32 640
32 641
32 643
32 648
32 650
32 651
32 655
32 660
32 661
32 678
32 679
32 681
32 682
32 683
32 684
32 689
32 699
32 702
32 703
32 704
32 705
32 706
32 707
32 740
32 744
32 747
32 752
32 754
32 755
32 756
32 796
32 797
32 798
32 802
32 818
32 819
32 820
32 821
32 822
32 825
32 829
32 830
32 835
32 836
32 837
32 840
32 841
32 848
32 849
32 864
32 869
32 872
32 891
32 911
32 919
32 1000
32 1001
32 1004
32 1005
32 1009
32 1010
32 1021
32 1022
32 1041
32 1042
32 1048
32 1049
32 1059
32 1060
32 1061
33 34
33 35
33 36
34 10
34 11
34 32
34 35
34 36
34 45
34 48
34 50
34 53
34 54
34 75
34 129
34 168
34 169
34 170
34 174
34 183
34 214
34 240
34 241
34 246
34 255
34 264
34 266
34 270
34 276
34 333
34 388
34 390
34 402
34 410
34 440
34 448
34 449
34 463
34 477
34 486
34 543
34 544
34 553
34 555
34 556
34 598
34 821
34 837
34 849
34 1001
34 1005
34 1022
34 1042
34 1049
34 1060
35 36
36 11
36 54
36 67
36 129
36 241
36 246
36 276
36 361
36 378
36 402
36 449
36 452
36 453
36 509
36 516
36 683
36 691
36 789
36 820
36 837
36 1001
36 1005
36 1013
36 1042
37 38
37 39
37 40
37 148
37 149
37 193
37 194
37 994
37 997
38 39
38 40
38 45
39 38
39 40
39 45
40 110
40 111
40 196
41 5
41 6
41 7
41 20
41 25
41 42
41 43
41 44
41 58
41 59
41 100
41 102
41 134
41 150
41 198
41 200
41 715
41 842
41 970
41 975
41 983
41 990
41 1043
41 1045
41 1056
42 7
42 20
42 28
42 30
42 41
42 43
42 59
42 100
42 102
42 136
42 137
42 138
42 385
42 386
42 973
43 7
43 20
43 197
44 3
44 9
44 11
44 31
44 45
44 46
44 49
44 51
44 55
44 60
44 75
44 77
44 139
44 140
44 151
44 152
44 174
44 379
44 403
44 457
44 585
44 601
44 709
44 712
44 840
44 842
44 864
44 869
44 891
44 907
44 911
44 919
44 960
44 982
44 989
44 1016
44 1044
45 3
45 7
45 9
45 10
45 11
45 34
45 36
45 42
45 44
45 46
45 48
45 49
45 51
45 53
45 54
45 60
45 75
45 77
45 140
45 146
45 161
45 174
45 318
45 319
45 348
45 379
45 381
45 387
45 388
45 403
45 455
45 457
45 544
45 577
45 683
45 708
45 709
45 839
45 852
45 869
45 972
45 973
45 1016
46 7
46 9
46 11
46 24
46 40
46 43
46 48
46 54
46 97
46 103
46 104
46 585
47 11
47 48
47 51
47 52
47 53
47 54
48 7
48 9
48 10
48 11
48 24
48 26
48 32
48 34
48 45
48 46
48 49
48 53
48 54
48 60
48 66
48 69
48 80
48 97
48 116
48 117
48 141
48 146
48 178
48 204
48 205
48 208
48 209
48 211
48 223
48 255
48 319
48 322
48 328
48 333
48 348
48 356
48 357
48 360
48 369
48 394
48 407
48 423
48 425
48 426
48 440
48 444
48 446
48 448
48 505
48 512
48 513
48 516
48 517
48 518
48 519
48 520
48 525
48 528
48 530
48 544
48 547
48 553
48 555
48 556
48 557
48 558
48 577
48 606
48 612
48 639
48 640
48 641
48 643
48 648
48 651
48 661
48 679
48 682
48 684
48 698
48 699
48 705
48 706
48 707
48 744
48 752
48 755
48 802
48 821
48 825
48 829
48 1010
49 3
49 10
49 11
49 12
49 34
49 36
49 45
49 48
49 50
49 54
49 60
49 75
49 77
49 141
49 158
49 174
49 353
49 369
49 376
49 389
49 390
49 391
49 444
49 449
49 451
49 454
49 456
49 509
49 544
49 679
49 683
50 7
50 10
50 11
50 31
50 32
50 34
50 36
50 45
50 174
50 179
50 182
50 183
51 9
51 10
51 24
51 34
51 36
51 52
51 53
51 54
51 74
51 80
51 115
51 119
51 127
51 140
51 145
51 174
51 203
51 209
51 211
51 229
51 230
51 233
51 234
51 235
51 240
51 241
51 243
51 246
51 247
51 250
51 251
51 252
51 254
51 264
51 266
51 270
51 276
51 291
51 318
51 326
51 335
51 368
51 406
51 600
51 613
51 654
51 745
51 754
51 756
51 777
51 778
51 779
51 780
51 785
51 786
51 789
51 794
51 801
51 807
51 809
51 810
51 811
51 812
51 813
51 814
51 839
51 841
51 858
51 860
51 1009
51 1028
52 11
52 51
52 53
52 54
52 75
52 77
52 406
53 9
53 11
53 36
53 44
53 51
53 54
53 74
53 75
53 95
53 115
53 121
53 127
53 174
53 203
53 209
53 229
53 230
53 233
53 235
53 240
53 241
53 246
53 247
53 264
53 266
53 276
53 318
53 328
53 379
53 507
53 600
53 613
53 614
53 754
53 756
53 789
53 794
53 805
53 811
53 839
53 860
53 989
53 1009
53 1015
54 3
54 7
54 11
54 36
54 64
54 77
54 92
54 106
54 111
54 162
54 177
54 206
54 319
54 324
54 421
54 508
54 531
54 532
54 533
54 534
54 536
54 537
54 540
54 543
54 548
54 587
54 589
54 677
54 703
54 754
54 756
54 822
54 835
54 973
54 995
55 11
55 32
55 34
55 36
55 45
55 56
55 57
55 60
55 80
55 114
55 174
55 391
55 408
55 575
55 576
56 34
56 36
56 57
57 34
57 36
58 42
58 59
59 5
59 17
59 102
59 106
59 1050
59 1052
60 7
60 9
60 11
60 46
60 48
60 54
60 59
60 111
60 484
60 710
61 62
61 63
62 63
64 62
64 65
64 589
65 11
65 48
65 51
65 53
65 66
65 74
65 426
66 11
66 51
66 53
66 67
66 68
66 69
66 117
66 426
66 614
67 11
67 68
67 69
67 90
67 91
67 92
67 93
67 361
68 54
68 64
68 69
69 10
69 48
69 211
69 369
69 513
70 10
70 71
70 72
70 73
70 185
70 186
70 750
70 751
70 826
70 827
70 828
70 829
71 11
71 72
71 73
71 364
72 11
72 73
72 79
72 829
74 11
74 77
74 79
75 9
75 11
75 36
75 44
75 46
75 48
75 53
75 54
75 74
75 76
75 77
75 78
75 79
75 117
75 121
75 156
75 174
75 328
75 404
75 421
75 461
75 469
75 500
75 504
75 509
75 573
75 710
75 811
75 814
75 815
75 839
75 840
75 860
75 985
75 989
75 1015
75 1036
75 1037
75 1038
75 1061
76 11
76 77
76 78
77 34
77 36
77 45
77 46
77 54
77 75
77 78
77 140
77 145
77 153
77 156
77 174
77 394
77 406
77 509
77 814
77 841
77 1036
77 1061
79 11
79 48
79 77
79 117
80 10
80 11
80 53
80 54
80 75
80 77
80 81
80 82
80 89
80 469
80 575
80 576
80 578
80 579
81 82
82 11
82 80
82 89
83 6
83 7
83 11
83 59
83 84
83 85
83 88
83 153
83 156
84 59
84 85
84 102
85 6
85 7
85 11
85 59
85 83
85 153
85 236
86 7
86 87
86 88
87 7
87 88
88 59
88 85
89 7
89 88
90 10
90 11
90 69
90 91
91 10
91 11
91 54
91 69
91 92
92 11
92 36
92 66
92 67
92 361
92 369
93 10
93 11
93 65
93 69
94 10
94 11
94 69
94 95
94 96
95 9
95 10
95 11
95 14
95 16
95 21
95 24
95 32
95 34
95 36
95 51
95 60
95 96
95 174
95 212
95 418
96 11
97 32
97 54
97 60
97 992
97 1010
97 1012
98 5
98 7
98 43
98 54
98 59
98 99
98 100
98 101
98 102
98 115
98 197
98 585
99 5
99 7
99 41
99 42
99 59
99 100
99 101
99 132
99 177
99 232
99 237
99 238
99 239
99 242
99 249
99 320
99 337
99 604
99 676
99 719
99 976
100 5
100 6
100 59
100 99
100 176
100 177
100 219
100 232
100 236
100 237
100 238
100 239
100 242
100 244
100 245
100 248
100 249
100 253
100 337
100 604
100 675
100 676
100 1051
100 1053
101 5
101 7
101 17
101 30
101 41
101 42
101 43
101 59
101 84
101 99
101 102
101 130
101 131
101 132
101 134
101 156
101 177
101 178
101 200
101 327
101 337
101 399
101 412
101 415
101 498
101 503
101 584
101 719
101 842
101 976
102 43
102 59
102 101
102 153
102 156
102 395
102 412
102 842
103 11
103 24
103 104
104 11
104 24
105 59
105 106
106 98
106 115
106 156
106 177
106 178
106 187
106 188
106 351
107 40
107 108
107 109
107 110
107 111
107 112
107 192
107 196
107 217
107 226
107 228
107 257
107 258
107 262
107 272
107 278
107 280
107 282
107 308
107 309
107 382
107 383
108 109
108 110
108 111
108 112
109 40
109 107
109 110
109 111
109 112
109 192
109 194
109 196
109 216
109 217
109 218
109 228
109 240
109 241
109 246
109 257
109 262
109 264
109 266
109 268
109 270
109 272
109 274
109 276
109 278
109 305
109 307
109 308
109 309
109 310
109 311
109 312
109 313
109 314
109 317
109 482
109 483
109 484
109 995
109 996
110 107
110 109
110 111
110 112
110 192
110 194
110 216
110 217
110 226
110 228
110 256
110 257
110 258
110 259
110 260
110 261
110 262
110 267
110 268
110 271
110 272
110 273
110 274
110 277
110 278
110 279
110 280
110 281
110 282
110 307
110 308
110 309
110 310
110 311
111 11
111 34
111 40
111 48
111 112
111 192
111 216
111 218
111 228
111 255
111 268
111 272
111 274
111 278
111 296
111 298
111 300
111 302
111 304
111 308
111 309
111 310
111 311
111 482
111 484
111 994
111 995
112 40
112 46
112 111
112 216
112 228
112 585
113 9
113 44
113 51
113 53
113 114
113 115
114 60
114 115
114 174
114 408
115 54
115 106
115 170
116 10
116 11
116 54
116 117
116 322
116 419
117 11
117 45
117 48
117 49
117 54
117 77
117 116
117 174
117 357
117 376
117 419
118 11
118 51
118 53
118 119
119 53
120 11
120 51
120 53
120 75
120 77
120 121
121 11
121 51
121 77
122 9
122 11
122 123
122 124
122 125
122 126
123 11
123 24
123 124
123 125
123 154
123 155
123 156
123 1008
124 11
124 123
124 125
125 11
125 24
125 1017
126 11
126 123
126 124
127 34
127 36
127 128
127 129
128 34
128 36
128 129
130 7
130 102
130 131
131 6
131 7
131 42
131 101
131 102
132 6
132 7
132 100
132 101
132 102
132 133
132 134
133 6
133 7
133 101
133 102
133 134
134 7
134 42
134 102
134 150
135 10
135 11
135 51
135 53
135 127
136 41
136 42
136 137
136 138
137 7
137 20
137 26
137 138
137 175
137 178
138 7
138 139
139 9
139 11
139 45
139 54
139 126
139 140
139 142
139 171
140 10
140 11
140 53
140 54
140 75
140 135
141 11
141 45
141 54
141 139
141 142
142 11
142 34
142 36
142 54
142 169
143 7
143 99
143 100
143 101
143 102
143 132
144 11
144 51
144 53
144 75
144 77
144 145
145 53
145 75
146 11
146 51
146 53
146 54
146 75
146 77
146 140
147 6
147 7
147 42
147 99
147 100
147 131
148 39
148 149
149 39
150 42
151 45
151 152
152 45
153 9
153 75
153 101
153 106
153 123
153 154
153 155
153 156
153 188
153 350
153 691
154 155
154 156
155 156
156 11
156 85
156 153
157 2
157 3
157 4
157 158
157 159
157 160
157 161
157 162
157 510
157 511
157 514
157 515
157 637
157 638
158 2
158 3
158 4
158 159
158 160
158 161
158 162
159 2
159 3
159 160
159 161
159 162
159 511
159 515
159 521
159 522
159 529
159 638
160 3
160 161
160 162
160 694
161 3
161 162
163 7
163 26
163 28
163 30
163 164
163 165
164 28
164 30
164 165
165 30
166 7
166 10
166 11
166 32
166 34
166 36
166 139
166 163
166 167
166 168
166 170
166 171
167 34
167 36
167 168
168 36
169 11
169 36
169 166
169 170
170 10
170 11
170 106
170 115
170 350
170 585
171 11
171 48
171 54
171 505
172 10
172 173
172 174
173 174
174 11
174 34
174 36
174 48
174 49
174 54
174 60
174 75
174 115
174 291
174 369
174 444
174 531
174 533
174 578
174 702
174 703
174 706
174 1036
175 7
175 99
175 100
175 176
175 177
175 178
176 41
176 42
176 99
176 136
176 177
177 6
177 7
177 26
177 54
177 98
177 106
177 115
177 187
177 488
177 489
177 491
178 6
178 7
178 11
178 20
178 26
178 32
178 99
178 177
178 187
178 190
178 320
178 565
178 567
178 743
179 7
179 26
179 28
179 30
179 180
179 181
180 28
180 30
180 181
181 30
182 34
182 36
182 183
183 36
184 11
184 50
184 70
184 185
184 186
184 829
185 11
185 31
185 186
185 829
187 5
187 20
187 673
188 6
188 98
188 106
188 115
188 156
188 170
188 350
189 177
189 178
189 190
190 177
191 37
191 113
191 192
191 193
191 194
191 196
192 37
192 193
192 194
193 194
194 107
194 111
194 192
194 228
194 274
194 307
194 308
194 310
194 311
195 5
195 41
195 99
195 100
195 101
195 102
195 113
195 197
196 110
196 111
196 112
196 113
196 201
196 585
197 7
197 20
197 97
197 113
197 195
197 585
198 187
198 199
199 7
199 101
199 102
199 187
199 200
199 327
199 412
200 5
200 102
200 198
200 417
201 11
201 97
201 98
201 112
201 113
201 191
201 195
201 196
201 197
201 585
201 980
202 11
202 14
202 51
202 53
202 95
202 203
202 212
203 211
204 36
204 54
204 205
205 11
205 32
205 36
205 48
205 54
205 208
206 7
206 9
206 10
206 11
206 24
206 34
206 36
206 60
206 174
206 207
206 318
206 325
206 401
206 402
206 408
206 413
206 418
206 419
206 549
206 626
206 757
206 872
207 11
207 24
207 95
207 202
207 212
208 11
208 203
208 209
208 210
208 211
209 10
209 11
209 69
209 203
209 210
209 211
209 369
209 513
209 517
209 518
209 519
209 520
209 525
209 528
209 530
210 34
210 54
210 203
210 211
211 53
211 209
212 9
212 10
212 11
212 34
212 36
212 45
212 48
212 54
212 60
212 95
212 115
212 174
212 213
212 214
212 381
212 408
212 418
212 448
212 470
212 549
212 577
212 597
212 612
212 819
213 34
213 36
213 214
214 36
215 7
215 36
215 75
215 111
215 218
215 502
216 40
216 107
216 111
216 192
216 194
216 217
216 218
216 225
216 228
216 257
216 262
216 274
216 306
216 307
216 308
216 309
216 310
216 311
217 11
217 32
217 34
217 111
217 218
217 255
217 257
217 258
217 260
217 262
217 268
217 272
217 274
217 278
217 280
217 282
219 5
219 6
219 17
219 20
219 99
219 220
219 221
219 231
219 232
219 237
219 238
219 239
219 242
219 244
219 245
219 248
219 249
219 253
220 20
220 221
221 5
221 6
221 99
221 100
221 219
221 232
221 236
221 237
221 238
221 239
221 242
221 244
221 245
221 248
221 249
221 253
222 11
222 21
222 24
222 223
222 224
222 235
222 243
222 247
222 251
222 263
222 265
222 269
222 275
222 292
223 9
223 10
223 24
223 51
223 53
223 54
223 224
223 229
223 230
223 233
223 234
223 235
223 240
223 241
223 243
223 246
223 247
223 250
223 251
223 252
223 254
225 107
225 110
225 111
225 226
225 228
227 111
227 216
227 225
227 228
228 40
228 192
228 216
228 296
228 298
228 300
228 302
228 304
228 309
229 9
229 10
229 24
229 53
229 254
230 9
230 10
230 24
230 53
230 252
231 5
231 6
231 7
231 20
231 99
231 100
231 219
231 221
231 232
232 5
232 6
232 99
232 219
232 253
233 9
233 10
233 24
233 53
233 234
234 53
235 9
235 10
235 24
235 34
235 36
235 53
235 233
235 241
236 5
236 6
236 11
236 83
236 99
236 219
236 237
236 238
236 239
236 245
236 249
236 666
236 667
236 724
236 726
237 5
237 6
237 99
237 219
237 238
237 239
237 242
240 9
240 10
240 24
240 36
240 53
240 111
240 206
240 241
240 246
240 270
240 272
240 393
240 650
240 653
240 654
240 757
240 995
240 996
241 10
241 24
241 53
241 111
241 246
241 266
241 309
241 393
241 650
241 653
241 654
241 995
241 996
243 9
243 10
243 24
243 34
243 36
243 51
243 53
243 223
243 235
243 240
244 5
244 6
244 99
244 100
244 219
244 236
244 237
244 245
245 99
246 9
246 10
246 24
246 53
246 111
246 240
246 276
246 278
246 393
246 581
246 650
246 653
246 654
246 995
246 996
247 9
247 10
247 24
247 34
247 36
247 53
247 243
247 246
248 5
248 6
248 7
248 99
248 100
248 219
248 221
248 236
248 244
248 249
250 9
250 10
250 11
250 24
250 51
250 53
250 223
250 240
250 241
250 246
250 264
250 266
250 270
250 322
250 393
250 394
250 650
250 653
250 654
251 9
251 10
251 11
251 24
251 51
251 53
251 223
251 247
252 9
252 10
252 11
252 24
252 51
252 53
252 223
252 240
252 241
252 246
252 250
252 264
252 266
252 270
252 322
252 393
252 394
252 650
252 653
252 654
253 5
253 6
253 7
253 99
253 100
253 219
253 221
253 248
254 9
254 10
254 11
254 24
254 51
254 53
254 223
254 251
255 11
255 107
255 109
255 110
255 111
255 217
255 240
255 241
255 246
255 256
255 257
255 258
255 259
255 260
255 261
255 262
255 264
255 266
255 267
255 268
255 270
255 271
255 272
255 273
255 274
255 276
255 277
255 278
255 279
255 280
255 281
255 282
255 309
255 310
255 311
255 995
255 996
256 217
256 257
256 258
257 107
257 111
257 228
257 258
257 308
258 262
258 274
258 278
259 217
259 258
259 260
260 258
260 307
260 308
260 317
261 217
261 258
261 262
262 107
262 111
262 228
262 308
262 309
263 34
263 36
263 264
264 24
264 36
264 111
264 240
264 241
264 246
264 266
264 310
264 393
264 650
264 653
264 654
264 995
264 996
265 34
265 36
265 266
266 10
266 24
266 36
266 53
266 111
266 240
266 241
266 246
266 264
266 311
266 393
266 650
266 653
266 654
266 995
266 996
267 217
267 258
267 268
268 107
268 111
268 192
268 194
268 216
268 228
268 258
268 307
268 308
268 995
269 34
269 36
269 270
270 24
270 36
270 53
270 111
270 240
270 241
270 246
270 264
270 266
270 268
270 393
270 650
270 653
270 654
270 995
270 996
271 217
271 258
271 272
272 258
272 308
272 313
273 217
273 258
273 274
274 107
274 111
274 192
274 228
274 308
275 34
275 36
275 276
276 111
276 274
276 995
276 996
277 217
277 258
277 278
278 308
278 314
279 217
279 258
279 280
280 258
280 307
280 308
280 315
281 217
281 258
281 282
282 258
282 307
282 308
282 316
283 11
283 222
283 263
284 11
284 222
284 265
285 11
285 222
285 235
286 11
286 222
286 269
287 11
287 222
287 243
288 11
288 222
288 275
289 11
289 222
289 247
290 10
290 11
290 222
290 251
291 9
291 10
291 11
291 15
291 53
291 174
291 236
291 240
291 241
291 246
291 264
291 266
291 270
291 276
291 335
291 572
291 578
291 582
291 672
291 691
291 702
291 703
291 704
291 705
291 706
291 707
291 721
291 754
291 756
291 777
291 778
291 779
291 780
291 785
291 786
291 794
291 801
291 807
291 809
291 811
291 813
291 872
291 1007
291 1008
291 1018
291 1023
291 1025
291 1028
291 1031
292 24
293 6
293 17
293 20
294 10
294 21
294 24
295 107
295 110
295 111
295 216
295 228
295 272
295 296
296 109
296 216
296 312
297 107
297 110
297 111
297 216
297 228
297 278
297 298
298 109
298 216
298 313
299 107
299 110
299 111
299 216
299 228
299 280
299 300
300 109
300 216
300 314
301 107
301 110
301 111
301 216
301 228
301 282
301 302
302 109
302 216
302 315
303 107
303 110
303 111
303 216
303 228
303 257
303 304
304 109
304 216
304 316
305 111
305 216
305 228
305 306
306 107
306 110
306 111
306 228
306 262
307 107
307 111
307 192
307 228
307 257
307 262
307 272
307 274
307 278
307 308
307 309
307 310
307 311
307 312
307 313
307 314
307 315
307 316
307 317
308 109
308 192
308 228
308 307
308 309
308 312
308 313
308 314
308 317
309 308
309 312
310 107
310 111
310 192
310 228
310 308
310 995
311 107
311 111
311 192
311 228
311 308
311 995
315 109
315 308
316 109
316 308
317 305
318 10
318 11
318 48
318 54
318 319
318 325
318 330
318 408
320 7
320 100
320 177
320 321
320 329
321 7
321 26
321 177
321 178
321 320
322 10
322 11
322 24
322 54
322 75
322 77
322 240
322 241
322 246
322 264
322 266
322 270
322 323
322 324
322 394
322 400
322 419
322 428
322 653
323 10
323 11
323 54
323 324
324 9
324 36
324 495
325 11
325 51
325 53
325 75
325 77
325 318
325 326
325 328
325 348
325 547
325 602
326 14
326 16
326 53
326 318
327 7
327 99
327 100
327 102
327 320
327 412
328 51
328 54
328 77
328 330
329 7
329 177
329 178
329 337
329 341
329 342
330 11
330 48
330 54
330 318
330 456
330 678
330 684
330 692
331 6
331 7
331 26
331 28
331 332
331 339
331 340
331 346
332 7
332 28
332 30
332 339
332 340
333 10
333 11
333 36
333 48
333 54
333 209
333 211
333 334
333 335
333 355
333 358
333 440
333 516
333 519
333 531
333 549
333 553
333 697
333 698
333 701
333 746
333 796
333 798
334 10
334 11
334 36
334 54
334 335
334 343
334 344
335 9
335 10
335 11
335 36
335 48
335 53
335 54
335 75
335 77
335 80
335 153
335 156
335 318
335 330
336 177
336 178
336 329
336 337
337 5
337 6
337 102
337 177
337 178
337 199
337 327
337 329
337 411
337 412
337 414
338 10
338 32
338 48
338 54
338 328
338 330
339 6
339 30
339 340
340 6
340 30
341 7
341 30
341 337
341 342
342 7
342 337
343 10
343 11
343 36
343 54
343 344
344 11
344 54
345 7
345 331
345 346
346 7
347 45
347 48
347 54
347 348
348 11
348 51
348 53
348 54
348 318
348 547
349 7
349 99
349 100
349 337
350 30
350 106
350 115
350 156
350 188
350 323
350 351
350 395
350 396
350 744
351 106
351 115
351 153
351 156
351 170
351 188
351 323
351 350
352 11
352 45
352 49
352 54
352 60
352 353
352 391
352 736
352 1015
353 11
353 45
353 60
353 354
354 11
354 60
355 36
355 356
355 358
356 117
357 10
357 11
357 54
357 117
358 11
358 36
358 439
358 440
358 759
358 760
358 761
358 762
358 763
358 764
358 765
358 766
358 767
358 768
358 769
358 770
359 11
359 48
359 116
359 322
359 400
360 11
360 36
360 67
360 92
360 361
360 369
362 363
362 364
363 11
363 48
363 65
363 74
363 360
363 364
363 368
363 372
363 374
365 74
365 363
366 65
367 10
367 363
367 368
368 11
368 48
368 53
368 54
368 394
369 10
369 11
369 36
369 45
369 48
369 54
369 67
369 69
369 211
369 361
369 378
369 444
369 517
369 796
370 65
370 363
371 10
371 363
371 372
372 11
372 54
372 549
372 636
373 10
373 363
373 374
374 11
374 48
374 356
375 10
375 65
375 363
376 10
376 11
376 24
376 45
376 117
376 174
376 384
377 11
377 36
377 369
377 378
378 11
378 69
378 94
379 11
379 51
379 115
381 9
381 10
381 11
381 44
381 45
381 60
381 95
381 174
381 379
381 819
382 110
382 383
383 22
383 23
383 110
383 382
384 11
384 24
384 377
385 28
385 30
385 386
386 30
387 34
387 36
387 388
388 36
389 34
389 36
389 390
390 36
391 11
391 36
391 45
391 60
391 449
391 1013
392 11
392 24
392 54
392 240
392 241
392 246
392 250
392 252
392 264
392 266
392 270
392 393
392 549
392 635
392 642
392 646
392 649
392 658
392 759
392 761
392 763
392 765
392 767
392 769
392 771
392 772
392 773
392 774
392 775
392 776
394 10
394 11
394 24
394 54
394 75
394 240
394 241
394 246
394 264
394 266
394 270
394 368
394 654
395 7
395 101
395 351
395 396
395 623
395 644
396 7
396 101
396 102
396 351
396 395
397 11
397 48
397 322
398 7
398 101
398 102
398 399
399 6
399 7
399 99
399 100
399 101
399 102
399 719
400 11
400 51
400 53
400 368
401 34
401 36
401 402
403 54
403 206
404 11
404 44
404 45
404 77
404 403
405 11
405 32
405 48
405 75
405 77
405 404
405 421
406 11
406 24
406 48
406 53
406 75
406 407
406 478
407 54
407 835
408 7
408 9
408 10
408 11
408 34
408 36
408 48
408 54
408 60
408 80
408 95
408 174
408 325
408 381
408 409
408 410
408 411
408 448
408 612
408 683
408 684
408 819
408 835
409 34
409 36
409 410
410 36
411 5
411 6
411 7
411 20
411 101
411 102
411 187
411 200
411 327
411 337
411 412
411 415
411 416
411 417
411 673
412 7
412 28
412 30
412 101
413 6
413 7
413 327
413 337
413 411
413 623
413 624
414 7
414 101
414 102
414 327
414 412
414 415
415 5
415 102
415 416
416 5
416 327
416 337
416 412
416 414
417 5
417 199
417 327
417 337
417 412
418 10
418 11
418 14
418 60
418 115
418 174
418 212
418 471
419 10
419 11
419 54
419 75
419 77
419 117
419 421
419 422
419 428
419 872
420 10
420 97
421 11
421 48
421 77
421 429
422 11
422 48
422 117
422 423
422 428
423 322
423 428
424 11
424 48
424 425
426 11
428 10
428 54
428 97
428 117
428 419
428 612
428 992
429 11
430 431
430 432
430 433
430 434
430 435
430 436
430 437
431 432
431 433
431 434
432 11
432 431
432 433
432 434
432 436
432 437
432 440
432 559
432 560
432 561
433 431
433 434
433 436
433 437
433 559
433 561
433 631
433 632
433 633
434 432
434 433
434 436
435 431
435 432
435 433
436 432
436 433
436 437
438 11
438 358
438 439
438 440
438 441
438 442
439 440
439 441
439 442
439 443
440 10
440 11
440 48
440 54
440 209
440 211
440 333
440 433
440 516
440 528
440 544
440 697
440 760
440 762
440 764
440 766
440 768
440 770
441 442
441 443
442 443
442 617
442 619
442 790
442 791
442 792
442 793
442 817
444 10
444 11
444 36
444 45
444 54
444 209
444 211
444 212
444 438
444 445
444 446
444 518
444 549
444 597
444 625
444 648
444 649
444 650
444 658
444 796
444 798
445 11
445 438
445 446
446 10
446 11
446 48
446 209
446 211
446 438
446 444
446 525
447 9
447 114
447 171
447 174
448 9
448 10
448 11
448 34
448 60
448 95
448 174
448 381
448 419
448 422
448 449
448 533
448 612
448 613
448 674
448 819
449 9
449 34
449 36
449 45
449 324
449 452
449 495
449 508
449 509
449 516
449 533
449 544
449 553
449 683
449 1013
451 11
451 45
451 454
451 456
452 11
452 36
452 453
453 450
454 10
454 11
454 45
454 455
455 44
455 457
456 11
456 45
456 170
456 318
456 454
456 692
457 54
457 464
458 11
458 28
458 30
458 459
458 460
458 461
459 28
459 30
459 460
460 30
461 11
461 15
461 34
461 36
461 77
461 462
461 463
461 465
462 34
462 36
462 463
463 36
464 11
464 54
464 75
464 77
464 461
465 11
465 15
466 10
466 11
466 467
467 10
467 11
467 171
467 447
468 11
468 75
468 77
468 117
469 10
469 11
469 77
469 80
469 335
470 11
470 115
470 174
470 418
470 471
471 11
471 115
471 174
471 212
472 16
472 473
473 16
474 11
474 16
474 28
474 30
474 341
474 475
475 28
475 30
475 341
476 34
476 36
476 477
477 36
478 9
478 10
478 11
478 14
478 16
478 24
478 60
478 95
478 174
478 202
478 212
478 381
478 408
478 418
478 448
478 485
478 612
478 819
479 11
479 15
479 480
480 11
481 109
481 482
481 483
481 484
482 483
482 484
483 484
485 11
485 16
485 95
486 10
486 11
486 14
486 32
486 34
486 48
486 54
486 174
486 532
486 538
486 543
486 562
487 7
487 177
487 488
487 489
488 489
490 177
490 489
490 491
491 489
492 5
492 30
492 493
492 494
493 5
493 30
493 494
494 30
494 496
495 36
495 497
496 7
496 28
496 30
496 101
496 412
497 11
497 34
497 36
497 75
497 174
498 412
498 499
499 30
499 412
499 492
499 494
500 174
500 501
501 36
501 174
501 449
501 495
502 30
502 101
503 7
503 498
504 11
504 500
505 9
505 10
505 11
505 54
505 174
506 174
506 507
507 51
507 174
508 36
508 509
509 11
509 34
509 36
509 45
509 54
509 534
509 544
510 159
510 511
511 2
511 522
512 10
512 11
512 36
512 48
512 54
512 174
512 325
512 348
512 513
512 547
512 554
513 10
513 48
513 211
513 517
514 159
514 515
515 2
515 511
515 522
516 48
516 54
516 69
516 531
517 10
517 11
517 36
517 174
517 211
517 512
518 10
518 11
518 174
518 211
518 517
519 10
519 11
519 54
519 211
519 528
520 10
520 211
520 440
520 530
520 544
521 2
521 511
521 515
521 522
521 524
521 527
521 529
523 2
523 521
523 522
523 524
524 2
524 522
525 10
525 48
525 211
525 518
526 2
526 521
526 522
526 527
527 2
527 522
528 10
528 11
528 48
528 54
528 211
528 519
528 545
529 2
529 522
530 10
530 48
530 211
530 440
530 520
531 11
531 48
531 440
531 516
531 532
531 533
532 448
532 508
532 533
533 10
533 36
533 516
533 674
534 508
534 532
535 11
535 54
535 174
535 536
535 537
536 533
536 537
536 540
536 543
536 677
537 36
537 174
537 449
537 532
537 553
538 11
538 48
538 54
538 174
538 532
538 537
538 553
539 11
539 54
539 536
539 540
540 11
540 36
540 449
540 532
540 544
540 562
541 7
541 10
541 11
541 48
541 54
541 487
541 532
541 540
541 544
541 562
542 10
542 11
542 54
542 174
542 535
542 536
542 543
543 10
543 11
543 34
543 36
543 174
543 448
543 449
543 532
543 537
543 562
544 10
544 11
544 36
544 48
544 54
544 440
544 530
544 541
545 10
545 11
545 48
545 54
545 528
545 539
546 10
546 11
546 48
546 54
546 530
546 542
547 10
547 11
547 48
547 54
547 548
547 557
548 11
548 48
548 536
548 547
548 677
549 10
549 11
549 36
549 48
549 54
549 440
549 446
549 448
549 550
549 563
549 626
549 635
549 636
549 646
550 10
550 11
550 54
550 174
550 333
550 440
550 531
550 549
551 10
551 11
551 48
551 54
551 174
551 512
551 525
551 552
552 10
552 11
552 54
552 174
552 554
553 11
553 36
553 54
553 75
553 77
553 174
553 440
553 509
553 538
553 692
553 701
554 11
554 48
554 54
554 174
554 512
554 533
554 536
555 48
555 556
556 48
556 555
557 48
557 558
559 433
559 560
559 561
560 433
560 561
561 433
561 559
561 591
562 11
562 48
562 448
563 10
563 11
563 174
563 448
563 533
564 178
564 565
566 178
566 567
568 11
568 24
568 569
569 11
569 24
570 10
570 45
570 174
571 10
571 55
571 174
572 11
572 75
572 77
572 174
572 573
573 10
573 11
573 77
573 95
573 381
574 7
574 84
574 101
574 102
575 576
577 11
577 48
577 54
577 80
577 408
578 10
578 174
578 291
578 572
578 579
578 691
578 702
578 703
578 706
579 10
579 11
579 51
579 53
579 80
580 24
580 246
580 581
582 10
582 174
582 291
582 572
582 578
583 6
583 7
583 101
583 102
583 584
584 7
584 102
585 11
585 40
585 46
585 54
585 75
585 77
585 98
585 106
585 112
585 115
585 177
585 201
586 11
586 61
586 587
586 588
586 589
587 61
587 588
587 589
588 61
588 589
589 61
589 62
589 587
589 627
589 628
589 629
590 11
590 433
590 559
590 561
590 591
591 433
591 559
592 30
592 593
592 611
593 7
593 20
593 30
593 178
594 36
594 595
595 11
595 24
595 36
595 48
596 11
596 36
596 48
596 212
596 444
596 549
596 597
597 9
597 11
597 36
597 549
597 594
598 11
598 36
598 48
598 596
599 9
599 11
599 32
599 34
599 36
599 598
599 600
600 11
600 34
600 36
600 598
601 10
601 11
601 21
601 24
601 45
601 318
601 325
601 602
601 987
602 11
602 51
602 53
602 318
602 600
603 7
603 99
603 100
603 604
605 11
605 48
605 54
605 606
606 11
606 54
606 607
606 608
607 11
607 608
608 11
609 11
609 13
609 605
609 610
610 605
612 9
612 10
612 60
612 95
612 117
612 174
612 381
612 419
612 422
612 819
613 11
613 335
613 612
613 741
614 10
614 11
614 51
614 615
615 9
615 11
615 51
615 53
615 613
616 442
616 617
616 618
616 619
617 442
617 618
617 619
618 442
618 619
619 617
619 790
619 791
619 792
619 793
619 817
620 11
620 48
620 621
621 11
621 48
622 7
622 30
622 395
622 413
622 623
622 624
622 644
622 645
622 659
623 7
623 624
623 644
624 5
624 630
625 11
625 36
625 206
625 372
625 549
625 626
625 636
627 628
627 629
628 629
631 632
631 633
632 633
634 11
634 15
634 635
636 11
636 48
636 392
636 639
636 640
636 759
636 761
636 763
636 765
636 767
636 769
636 771
636 772
636 773
636 774
636 775
636 776
637 3
637 159
637 638
639 11
639 48
639 641
640 11
640 48
640 643
641 11
641 392
641 642
644 177
644 645
645 7
645 177
645 623
645 659
646 11
646 15
646 647
647 11
647 15
647 634
648 11
648 36
648 649
648 753
649 11
649 36
649 549
649 646
650 36
650 48
650 54
650 392
650 625
650 651
651 10
651 11
651 54
651 650
652 54
652 372
653 11
653 24
653 51
653 53
653 654
654 24
654 53
654 240
654 241
654 246
654 250
654 252
654 264
654 266
654 270
654 650
655 11
655 48
655 648
656 7
656 30
656 622
656 657
657 30
657 622
658 11
658 36
658 549
658 635
659 7
659 623
660 11
660 48
660 661
661 11
661 36
661 444
661 658
662 9
662 11
662 15
662 663
662 665
663 9
663 10
663 11
663 291
663 672
664 10
664 174
664 662
666 6
666 667
667 7
667 671
668 10
668 11
668 669
669 174
669 664
670 7
670 667
670 671
673 5
673 20
675 99
675 676
677 11
677 874
678 10
678 11
678 45
678 48
678 49
678 54
678 318
678 679
679 11
679 45
679 48
679 54
679 682
680 11
680 31
680 32
680 48
680 54
680 681
681 11
681 48
681 54
681 170
681 456
682 9
682 11
682 54
682 680
682 823
682 831
683 11
683 48
683 54
683 684
684 11
684 54
684 318
684 678
685 10
685 11
685 549
686 10
686 11
686 544
687 10
687 11
687 553
688 10
688 11
688 546
689 10
689 11
689 34
689 36
690 9
690 36
690 449
690 516
690 691
691 156
691 449
692 318
693 2
693 3
693 694
694 3
694 162
695 10
695 11
695 153
695 156
695 291
695 578
695 691
695 696
696 11
697 54
698 54
699 10
699 11
699 48
699 54
700 3
700 160
700 162
700 694
701 11
701 34
701 54
701 170
701 440
702 11
702 48
702 578
702 703
702 706
703 11
703 48
703 707
704 11
704 48
704 578
704 702
704 705
705 578
705 706
707 54
707 174
707 578
707 703
707 706
708 44
708 709
709 54
709 853
710 9
710 10
710 11
710 51
710 53
710 77
710 95
710 408
710 835
711 2
711 3
711 712
711 713
711 714
712 2
712 3
712 713
712 714
713 3
713 714
715 6
715 844
716 11
716 75
716 77
716 80
716 469
717 11
717 75
717 77
717 710
718 107
718 110
718 217
718 255
718 258
719 7
719 17
719 20
719 26
719 28
719 30
719 100
719 102
720 9
720 291
720 721
722 9
722 11
722 36
722 720
723 236
723 724
724 7
724 725
724 727
724 728
725 7
725 236
725 726
725 728
726 7
726 156
726 727
726 728
727 7
727 156
727 725
727 728
728 7
728 156
729 3
729 730
729 731
729 732
730 3
730 731
730 732
731 3
731 732
732 3
733 30
733 734
733 735
734 30
734 735
735 30
736 36
736 60
736 722
736 737
737 36
737 722
738 10
738 54
738 739
738 740
739 10
739 54
739 738
739 740
739 741
740 11
740 48
740 744
741 10
741 11
741 54
741 335
741 738
742 7
742 178
742 743
743 7
743 30
743 350
743 744
744 11
744 36
744 747
745 10
745 53
745 54
745 739
746 10
746 11
746 36
746 174
746 335
746 748
747 36
747 350
747 743
747 744
748 11
748 51
748 53
748 174
748 745
749 70
749 750
749 751
750 11
750 54
750 751
750 827
751 11
751 740
752 54
752 648
752 753
752 756
754 11
754 24
754 48
754 755
754 779
754 780
754 784
755 54
755 648
755 754
755 758
756 10
756 11
756 24
756 48
756 53
756 752
756 754
756 781
756 782
756 784
757 9
757 11
757 24
757 51
757 53
757 756
758 648
759 11
759 440
759 760
760 392
760 636
760 771
761 11
761 440
761 762
762 392
762 636
762 772
763 11
763 440
763 764
764 392
764 636
764 773
765 11
765 440
765 766
766 392
766 636
766 774
767 11
767 440
767 768
768 392
768 636
768 775
769 11
769 440
769 770
770 392
770 636
770 776
777 10
777 53
777 392
777 636
777 759
778 10
778 53
778 392
778 636
778 761
779 10
779 11
779 24
779 51
779 53
779 291
779 392
779 636
779 763
779 777
780 10
780 11
780 24
780 51
780 53
780 291
780 392
780 636
780 765
780 778
781 10
781 11
781 24
781 51
781 53
781 291
781 392
781 636
781 767
781 779
781 785
782 10
782 11
782 24
782 51
782 53
782 291
782 392
782 636
782 769
782 780
782 786
783 11
783 24
783 754
783 756
783 779
783 781
784 11
784 24
784 780
784 782
785 10
785 53
786 10
786 53
787 70
787 73
788 11
788 36
788 51
788 53
788 789
790 617
790 791
790 792
790 793
791 617
791 792
791 793
792 617
792 793
793 617
794 10
794 11
794 15
794 795
794 807
795 11
795 808
796 11
796 32
796 48
796 69
796 440
796 446
796 797
797 9
797 32
797 48
797 54
797 802
798 11
798 48
798 51
798 53
798 69
798 369
798 440
798 446
798 796
798 805
800 10
800 51
800 53
800 291
800 335
800 801
801 10
801 11
801 51
801 53
801 335
801 812
802 36
802 54
802 788
802 803
802 806
803 36
803 802
803 806
804 6
804 17
804 293
805 10
805 21
805 51
805 294
806 36
806 788
806 802
807 10
807 11
807 53
808 10
808 11
808 51
808 53
808 291
808 809
809 10
809 11
809 51
809 53
809 291
809 807
810 10
810 11
810 51
810 53
810 291
810 811
811 9
811 11
811 77
811 814
812 10
812 11
812 51
812 53
812 291
812 813
813 9
813 10
813 11
813 53
813 75
813 77
813 815
814 53
814 794
815 9
815 11
815 51
815 53
815 77
815 810
816 442
816 617
816 619
816 817
817 617
818 11
818 36
818 48
818 819
818 820
819 9
819 10
819 11
819 36
819 48
819 60
819 95
819 174
819 820
820 48
820 54
820 821
820 822
821 48
821 825
822 11
822 34
822 821
822 823
822 824
823 11
823 32
823 48
823 54
823 824
823 830
823 831
824 11
824 32
824 48
824 819
826 750
826 827
827 11
827 822
828 750
828 827
828 829
829 11
829 13
829 16
829 31
829 44
829 45
829 49
829 50
829 54
829 55
829 60
829 64
829 71
829 79
829 95
829 115
829 123
829 126
829 127
829 139
829 166
829 170
829 171
829 201
829 206
829 212
829 215
829 363
829 364
829 366
829 370
829 372
829 374
829 381
829 408
829 461
829 486
829 531
829 533
829 534
829 535
829 537
829 538
829 539
829 540
829 541
829 542
829 543
829 548
829 550
829 552
829 554
829 562
829 563
829 568
829 585
829 598
829 605
829 608
829 609
829 660
829 668
829 677
829 740
829 750
829 751
829 822
829 827
829 835
829 840
829 861
829 863
829 864
829 865
829 866
829 867
829 868
829 869
829 871
829 872
829 873
829 874
829 875
829 876
829 877
829 880
829 882
829 885
829 886
829 887
829 888
829 889
829 890
829 891
829 892
829 894
829 899
829 900
829 901
829 902
829 903
829 904
829 905
829 906
829 907
829 908
829 909
829 910
829 911
829 912
829 913
829 914
829 915
829 916
829 917
829 918
829 919
829 920
829 921
830 11
830 32
830 48
830 818
831 54
832 28
832 30
832 412
832 833
832 834
832 838
833 28
833 30
833 834
835 7
835 34
835 36
835 174
835 471
835 832
835 836
835 837
836 34
836 36
836 837
838 5
838 7
838 59
838 412
838 1050
839 11
839 44
839 77
839 840
840 7
840 34
840 36
840 77
840 845
840 848
840 849
841 10
841 11
841 34
841 36
841 45
841 51
841 53
841 75
841 839
842 5
842 843
843 5
844 6
844 850
845 28
845 30
845 846
845 847
846 28
846 30
846 847
847 30
848 34
848 36
848 849
849 36
850 7
850 101
850 102
850 842
851 44
851 45
851 852
852 11
852 32
852 34
852 36
852 44
852 51
852 53
852 75
852 77
852 841
853 54
858 53
858 860
860 11
860 77
860 1061
861 11
861 534
863 11
863 864
864 7
864 34
864 36
864 45
864 601
864 969
864 1042
865 11
865 531
866 11
866 171
867 11
867 533
868 11
868 869
869 7
869 34
869 36
869 45
869 111
869 970
869 989
869 994
869 1001
871 11
871 872
872 7
872 34
872 36
872 971
872 1005
872 1007
873 11
873 64
875 11
875 835
876 11
876 548
877 11
877 115
880 11
880 123
882 11
882 206
885 11
885 562
886 11
886 60
887 11
887 126
888 11
888 127
889 11
889 598
890 11
890 891
891 34
891 36
891 45
891 1016
891 1021
891 1022
892 11
892 568
894 11
894 139
899 11
899 215
900 11
900 901
902 11
902 903
904 11
904 16
905 11
905 370
906 11
906 374
907 11
907 585
907 960
908 11
908 366
909 11
909 840
910 11
910 911
911 34
911 36
911 45
911 1044
911 1048
911 1049
912 11
912 913
914 11
914 915
916 11
916 538
917 11
917 372
918 11
918 919
919 34
919 36
919 45
919 982
919 1059
919 1060
920 11
920 537
921 11
921 461
924 11
924 540
924 829
926 11
926 541
926 829
927 11
927 408
927 829
929 11
929 45
929 829
930 11
930 49
930 829
933 11
933 363
933 829
934 11
934 170
934 829
938 11
938 554
938 829
940 11
940 535
940 829
941 11
941 539
941 829
942 11
942 552
942 829
943 11
943 605
943 829
944 11
944 542
944 829
945 11
945 550
945 829
946 11
946 212
946 829
947 11
947 563
947 829
950 11
950 201
950 829
951 11
951 660
951 829
952 11
952 608
952 829
953 11
953 166
953 829
956 11
956 13
956 829
959 11
959 55
959 829
960 11
960 44
960 585
960 829
961 11
961 486
961 829
962 11
962 543
962 829
963 11
963 95
963 829
965 11
965 381
965 829
967 11
967 609
967 829
968 11
968 668
968 829
969 28
969 30
969 1040
970 28
970 30
970 42
970 990
970 999
971 28
971 30
971 1003
972 42
972 54
972 177
972 973
973 177
974 11
974 28
974 30
974 891
974 1019
974 1020
975 44
975 842
976 100
976 102
977 11
977 51
977 53
977 507
978 7
978 99
978 100
978 101
978 102
978 976
979 6
979 177
979 980
979 993
980 97
980 177
980 197
980 993
982 45
983 6
983 42
984 6
984 7
984 17
984 20
984 988
985 9
985 11
985 77
985 1044
986 5
986 7
986 1043
987 11
987 24
988 7
988 20
989 7
989 9
989 11
989 44
989 45
989 51
989 77
989 111
989 291
989 869
989 990
989 997
989 1031
990 7
990 42
992 54
992 1033
993 177
994 39
994 997
995 272
995 274
995 278
995 309
996 11
996 32
996 48
996 111
996 255
996 268
996 272
996 274
996 278
996 309
996 310
996 311
996 995
997 39
997 111
998 28
998 30
998 970
998 999
1000 34
1000 36
1000 869
1000 1001
1002 28
1002 30
1002 971
1002 1003
1004 34
1004 36
1004 872
1004 1005
1006 9
1006 10
1006 206
1006 419
1006 872
1007 10
1007 11
1007 335
1007 1027
1008 10
1008 11
1008 24
1008 291
1008 578
1008 582
1008 1018
1009 11
1009 48
1009 1010
1010 54
1010 1012
1011 10
1011 11
1011 51
1011 53
1011 1009
1012 54
1012 352
1014 9
1014 10
1014 11
1014 1006
1015 9
1015 10
1015 51
1015 77
1015 989
1015 1016
1017 10
1017 11
1017 24
1017 291
1017 578
1017 1008
1017 1018
1018 578
1018 582
1019 28
1019 30
1019 1020
1020 30
1021 34
1021 36
1021 1022
1022 36
1023 9
1023 11
1023 1024
1024 9
1024 10
1024 11
1024 75
1024 77
1024 1037
1025 11
1025 1026
1026 10
1026 11
1026 170
1026 1032
1027 10
1027 11
1027 51
1027 53
1027 55
1027 291
1027 335
1027 391
1027 1028
1028 53
1028 55
1028 1030
1029 9
1029 977
1030 11
1030 55
1030 291
1030 1023
1031 11
1031 291
1031 1025
1032 11
1032 170
1033 10
1033 54
1033 1011
1034 174
1034 507
1035 174
1035 1036
1037 11
1037 77
1038 11
1038 77
1038 1036
1039 28
1039 30
1039 969
1039 1040
1041 34
1041 36
1041 864
1041 1042
1043 5
1043 42
1044 9
1044 45
1045 28
1045 30
1045 42
1045 1043
1045 1046
1045 1047
1046 28
1046 30
1046 1047
1047 30
1048 34
1048 36
1048 1049
1049 36
1050 5
1050 7
1050 99
1050 100
1050 1051
1051 6
1051 99
1051 983
1052 5
1052 7
1052 99
1052 100
1052 1053
1053 6
1053 99
1053 984
1054 10
1054 987
1055 10
1055 11
1055 75
1055 77
1055 985
1055 1054
1056 28
1056 30
1056 42
1056 983
1056 1057
1056 1058
1057 28
1057 30
1057 1058
1058 30
1059 34
1059 36
1059 1060
1060 36
1061 11
1061 48
1061 612
