3176 5465
1 2
3 4
5 6
7 8
9 10
11 12
13 14
15 16
17 18
19 20
21 22
23 24
25 26
27 28
29 30
31 32
33 34
27 35
36 37
38 39
40 41
42 43
44 45
46 47
48 49
50 51
52 53
54 55
56 57
58 59
60 61
62 63
64 65
66 64
67 68
69 70
71 72
69 73
74 75
76 77
23 78
79 80
81 82
83 84
85 86
87 88
89 90
67 91
92 93
94 95
18 96
97 98
99 100
69 101
50 102
103 104
105 106
107 63
108 109
110 9
111 112
113 114
115 116
117 118
119 120
18 121
122 123
124 125
126 127
84 128
129 130
131 132
16 133
134 102
135 75
103 136
137 138
139 69
140 141
58 142
143 144
145 90
146 147
55 148
149 150
151 152
153 154
155 156
157 158
159 160
161 162
163 164
165 166
167 127
168 169
170 171
69 172
18 173
174 118
175 176
177 90
178 179
180 181
182 183
184 185
186 187
188 189
190 191
96 192
193 194
9 195
196 197
119 198
22 199
81 200
81 201
84 202
203 204
205 206
76 207
208 209
210 211
212 213
67 214
215 200
216 16
217 218
219 201
220 101
177 221
222 223
224 225
226 227
228 229
230 63
69 231
232 233
234 177
235 236
50 237
238 6
239 240
241 242
243 244
50 245
246 247
248 197
249 250
251 252
253 254
255 256
257 258
147 259
97 260
261 262
50 90
263 264
265 86
200 93
266 267
19 268
103 269
270 78
271 272
273 274
275 276
277 278
279 280
281 282
283 284
285 286
101 287
288 69
289 290
291 292
293 286
294 295
296 297
298 299
300 301
34 302
50 303
304 305
306 307
308 309
310 311
312 313
314 315
316 317
318 319
18 320
76 321
29 322
323 78
324 63
325 326
327 328
329 330
331 332
333 334
53 335
336 52
337 168
338 86
339 340
213 341
342 343
344 345
346 2
347 348
349 350
90 351
352 69
353 276
354 355
356 272
357 213
119 358
127 359
360 12
361 362
363 364
365 366
76 367
325 368
369 78
370 324
371 315
182 372
25 373
374 375
376 377
378 168
308 379
380 381
382 215
383 384
385 386
387 96
361 388
389 390
202 391
62 392
393 394
308 395
396 200
397 182
398 399
400 401
402 201
403 404
285 405
406 407
408 409
410 171
361 237
411 2
412 103
413 414
415 355
95 416
29 417
240 418
419 420
421 422
423 295
424 425
426 427
428 429
86 430
22 431
432 357
116 433
69 434
410 55
385 435
436 411
119 437
438 101
74 439
285 440
441 442
443 444
445 446
247 447
448 449
164 450
451 452
453 361
294 454
455 456
457 138
458 459
149 286
64 90
310 200
355 460
461 414
138 182
16 462
463 86
464 286
465 299
466 467
406 468
469 470
471 472
314 128
461 467
473 168
381 474
9 475
433 174
476 71
477 416
478 479
480 137
119 416
146 481
482 355
483 355
484 485
486 487
363 488
193 489
286 324
490 491
355 492
493 494
27 495
76 416
475 417
496 497
498 170
499 500
501 502
503 504
505 13
506 507
508 509
510 502
511 95
512 513
514 515
22 516
517 518
519 520
521 95
522 523
524 525
526 527
232 528
529 530
69 531
286 63
532 533
534 535
536 193
520 537
58 538
539 57
540 541
117 16
54 19
286 542
543 544
58 545
546 361
547 487
278 548
284 9
549 550
551 76
552 90
45 553
554 555
492 556
557 532
558 491
54 59
559 182
163 78
560 561
562 563
200 564
286 565
566 567
23 568
569 86
570 571
572 69
69 270
573 574
433 575
576 168
64 577
578 579
64 580
581 582
264 583
394 527
435 584
585 355
84 586
171 587
131 389
588 589
590 591
363 403
592 593
594 595
284 596
150 597
598 436
599 417
165 168
600 436
410 601
602 603
604 605
606 607
408 608
175 158
609 610
403 611
612 392
64 613
500 614
615 485
616 16
617 618
619 485
620 621
362 468
90 622
623 624
625 626
255 627
34 168
213 628
629 630
631 394
632 90
633 634
69 51
50 414
635 636
300 637
638 639
640 267
9 641
642 451
643 41
517 644
645 45
646 647
648 451
649 175
650 651
652 653
654 655
411 656
23 16
101 341
17 127
657 411
69 658
355 659
660 661
662 374
663 664
665 666
69 667
668 202
362 669
670 71
671 324
672 95
264 673
674 675
676 677
678 200
679 680
681 435
340 682
683 684
685 686
687 450
688 298
689 491
514 690
691 692
693 2
694 695
27 696
697 698
699 197
58 700
701 702
703 704
705 706
362 404
707 708
709 710
455 90
45 711
712 713
255 714
171 715
716 607
717 718
168 719
720 223
721 69
722 723
116 724
725 726
727 728
729 408
325 207
730 554
731 732
101 358
733 671
200 734
735 736
737 63
738 739
592 409
722 298
361 341
361 740
53 517
741 742
408 582
743 451
247 744
285 745
443 8
356 8
554 746
747 718
748 355
23 286
424 749
403 134
64 750
751 752
753 286
628 63
754 755
480 756
168 757
758 759
286 760
424 761
658 90
553 762
171 405
537 43
763 764
765 766
562 406
285 767
78 527
679 206
90 768
769 69
110 770
771 772
773 774
775 776
777 63
778 76
103 779
429 404
780 781
54 74
363 602
782 64
783 693
784 785
786 787
788 711
789 790
791 168
245 93
792 81
793 794
795 592
52 403
403 796
797 433
247 798
799 656
800 801
802 76
286 803
804 805
806 807
808 809
406 96
16 434
810 811
812 607
523 813
625 814
103 815
816 247
284 225
90 817
818 819
520 820
821 456
822 441
190 417
740 823
336 162
34 324
824 825
826 827
618 828
193 829
830 831
822 832
833 834
416 835
836 542
55 837
64 838
257 839
393 101
840 14
129 31
841 286
842 182
843 260
844 362
353 618
845 329
846 429
361 847
848 849
850 583
245 16
755 667
523 851
52 429
406 245
852 853
854 6
361 855
856 857
134 858
859 860
592 368
81 861
862 112
23 174
863 213
864 69
11 240
110 865
355 866
475 867
255 868
869 78
487 370
870 487
458 871
90 872
345 873
131 245
537 874
171 875
458 876
877 878
69 879
880 881
882 883
255 884
885 514
213 886
887 389
537 888
174 889
890 891
599 409
234 406
892 893
310 788
158 894
895 274
471 34
896 69
897 634
898 557
899 218
429 403
900 901
902 64
464 903
53 904
146 905
485 906
537 502
907 908
47 909
69 90
692 910
592 911
912 913
914 915
116 23
916 43
917 532
918 919
23 75
920 63
921 593
922 570
34 199
411 923
924 925
235 739
819 450
926 168
927 491
928 258
286 206
440 929
117 930
931 660
119 932
67 933
934 935
936 925
937 938
939 940
58 941
712 942
943 944
945 946
947 609
722 355
69 214
948 727
541 949
950 951
952 953
117 954
308 955
956 355
441 957
958 69
69 959
859 403
960 961
962 963
788 180
964 819
965 58
966 967
455 158
286 968
712 969
277 787
721 138
38 970
971 972
264 492
973 925
363 974
975 976
977 403
541 814
643 45
658 416
978 95
979 980
441 403
981 95
145 95
16 759
406 208
103 982
983 747
675 984
69 985
986 925
9 201
355 323
795 785
363 987
69 988
989 990
78 991
300 656
721 898
286 355
992 395
797 993
994 502
995 996
949 213
643 997
998 208
999 502
355 1000
1001 1002
1003 946
1004 163
116 1005
286 280
1006 630
514 1007
1008 682
1009 298
1010 1011
1012 1013
755 123
1014 119
53 436
4 991
1015 69
1016 182
1017 329
691 101
553 169
1018 169
1019 1020
1021 863
1022 272
1023 16
23 285
69 1024
1025 1026
31 1027
255 296
592 1028
18 1029
1030 168
1031 1032
1033 1034
357 1035
355 1036
403 759
1037 29
1038 1039
1040 63
712 1041
208 1042
285 857
717 656
1043 925
674 1044
937 1045
1046 121
1047 1048
286 1049
219 1050
52 192
1051 850
1052 1053
471 1054
1055 831
69 1056
576 1057
76 1058
9 1059
1060 408
1061 69
140 362
573 411
414 1062
1063 1064
9 687
671 999
195 1065
90 1066
9 759
1067 1068
23 547
1069 69
16 1070
308 1071
546 355
314 1072
1073 63
373 759
410 54
1074 76
114 1075
1076 254
1077 16
1078 858
1079 247
58 1080
1081 245
69 388
1082 286
798 526
373 340
1083 416
119 1084
1078 1085
441 137
362 1086
78 1000
208 242
1087 1088
1089 168
1090 231
115 182
327 1091
755 1092
313 886
1055 553
146 915
286 1093
563 225
9 1094
1095 109
48 1096
1097 1098
478 456
189 392
1098 1099
483 95
478 1100
1101 1102
254 206
822 361
362 692
355 1103
140 1091
937 1104
1105 16
1106 213
189 1107
119 1108
1109 991
1026 1110
1111 1112
1113 264
712 1114
72 1115
541 1116
1117 1118
896 286
231 444
1119 182
767 355
788 1120
427 403
712 1121
1122 1123
117 1124
1125 1126
1127 1128
1129 1130
1131 1013
1132 368
1133 853
1134 1135
537 416
44 1136
48 1137
1138 1139
34 1140
1141 545
286 1142
189 1143
1144 1145
1026 403
692 1146
1147 123
1148 502
127 1149
344 701
1150 1151
517 1128
1152 171
1153 19
1154 1155
627 1156
1157 1158
117 1159
747 436
1160 55
1161 570
1162 1163
214 1164
1165 857
109 1166
1167 4
374 537
370 865
69 945
13 406
362 101
1168 152
1169 182
355 225
355 152
361 542
783 1170
9 508
385 1171
69 763
286 1172
1173 289
231 874
78 182
177 758
1174 1175
34 403
1176 1090
1177 128
567 200
405 416
219 1178
115 1179
1180 1181
1162 1182
1159 1033
9 152
1138 1183
1184 1185
357 1074
109 1186
58 562
461 1187
1188 109
177 433
1031 1189
1190 1191
1042 272
1192 416
1050 1158
1193 1194
548 630
481 387
620 1195
1196 165
361 931
1197 199
1198 1199
697 316
286 1200
1201 168
1202 1203
363 339
827 168
680 34
1204 671
570 1205
1206 1207
357 1208
308 168
783 355
1209 687
193 1210
58 1211
286 1212
1213 1214
1215 154
834 1216
286 1217
1218 697
1219 307
392 3
451 1220
1221 1222
1223 1224
1225 1226
633 416
1227 95
877 1228
9 534
547 123
119 1229
1230 86
1231 456
58 1232
27 1233
1234 128
182 561
1235 441
34 628
942 78
575 168
247 1236
264 587
231 923
1237 361
193 702
19 1238
1239 1240
1241 53
520 53
363 123
711 1242
721 464
1243 76
599 1244
478 1108
1245 365
1246 1247
588 59
1248 1207
747 605
1249 64
1250 1251
492 4
1252 18
182 1253
1254 755
15 274
1255 148
193 717
16 182
1256 112
317 1257
69 1258
455 361
680 90
69 317
1052 59
1129 205
1259 8
1260 448
1261 1128
1262 119
363 1263
213 858
1264 63
361 467
72 1265
624 1044
481 274
355 467
16 1266
81 593
168 1267
1268 805
197 434
103 1269
679 168
738 1270
850 182
200 644
671 252
98 939
683 433
1271 127
1272 9
939 1273
521 444
109 693
424 1274
1275 138
873 1276
114 258
1241 1277
1272 433
1154 231
361 229
1278 451
300 416
1279 963
208 1280
1281 599
1282 1283
1284 656
1285 1286
1287 1288
1289 22
1290 182
1291 69
336 337
551 416
1190 605
1292 884
361 1093
1293 1294
1295 329
1296 361
1297 850
16 280
278 1298
887 805
357 1299
797 381
1300 16
436 1057
458 991
144 1301
441 1302
633 934
1303 1304
1305 1306
440 338
1307 1308
219 788
9 247
1162 1309
542 63
228 1310
747 13
308 1311
1193 86
521 75
117 1312
1313 547
275 1314
1315 128
84 362
1316 182
69 355
933 1317
685 609
1318 329
1319 523
692 517
1320 182
1321 286
930 69
1322 1323
422 127
1169 669
188 69
1324 1325
1326 686
170 1327
34 99
50 200
1328 850
1138 387
1329 208
813 119
212 76
523 121
576 1330
382 119
1272 367
90 1331
1153 1332
533 403
377 16
605 169
998 1333
286 1334
406 1236
755 1335
1336 119
71 348
1052 171
362 1337
605 1338
285 551
81 1070
357 59
385 584
1339 450
1340 656
1341 408
1342 1343
1344 547
1345 886
1346 34
1259 1347
1193 707
989 1348
46 1349
94 43
34 1350
1351 1352
394 168
58 1353
411 295
630 695
1354 9
284 1355
1356 573
703 436
310 1357
48 1358
523 1359
170 537
102 16
686 1360
441 261
27 1361
671 1362
153 1330
1363 1044
508 180
1364 355
117 1131
177 362
1365 63
1366 252
1367 1151
1368 514
129 1369
1370 161
464 1371
274 449
301 1192
9 579
69 1372
755 1373
1157 63
1374 1375
1376 1377
819 1378
361 1379
1380 416
394 542
140 1228
117 1381
108 63
117 517
78 908
361 1382
1383 517
286 1384
599 1385
852 247
260 1386
762 1387
1388 408
1389 1130
127 1390
116 336
117 368
1391 340
1107 1392
285 237
1393 119
1394 252
1395 1396
182 1397
200 1033
844 1398
115 1399
1400 548
1401 711
220 850
323 90
558 850
114 245
24 172
636 119
1402 201
48 1403
177 36
1404 1044
1405 1126
759 1406
74 95
69 1407
537 823
471 1408
1134 1409
1154 1410
16 252
84 127
1411 1412
747 1033
105 1413
1414 103
1415 158
1416 946
562 1417
1418 1419
220 93
298 123
84 96
523 1420
16 1421
221 69
1422 1423
1131 1424
1425 295
1426 355
90 1427
323 197
105 1428
325 1429
264 214
19 1430
342 1431
410 656
58 1432
361 658
461 1433
1434 1435
625 687
247 1436
193 1437
1438 1439
64 1440
355 1302
182 805
629 874
119 1157
230 64
126 1441
140 1442
1443 284
257 299
1444 362
1445 1294
76 855
1446 1447
50 492
783 1365
186 101
618 537
213 957
1448 759
747 1449
1450 1451
1196 86
1015 1452
609 1453
221 946
1454 1455
116 13
1131 81
234 23
361 314
1279 687
54 1456
1457 819
362 69
280 78
1088 1458
284 1459
78 787
633 1460
877 137
963 1461
1462 1463
478 435
84 1464
1465 1466
1467 1468
158 1469
1470 448
1471 707
109 1472
523 1473
606 1474
1475 95
1476 456
1477 656
1478 182
1479 1480
1173 290
617 392
1481 1482
973 1483
1484 63
1485 637
1486 450
355 847
443 213
361 1402
1487 315
1488 1231
116 90
157 361
1489 1151
1162 137
575 90
174 1490
906 1330
1312 28
403 491
1491 1492
1493 81
1494 1495
1496 1497
286 1458
747 887
423 755
1498 19
1499 697
389 280
1500 1501
1129 656
1502 13
1265 1216
18 324
189 1503
1324 407
117 783
1504 1279
53 168
730 1195
712 1505
69 509
50 1506
755 1194
1507 168
247 1151
1508 491
827 1151
278 1130
455 1509
912 416
1510 324
554 1279
1503 168
1511 451
731 1070
1512 1513
119 216
131 1514
346 1515
852 449
119 487
1516 72
483 408
633 1517
1518 78
298 1033
1519 1520
523 1402
572 101
344 1521
1127 308
1522 1132
441 1523
1524 537
1303 1525
1526 534
1527 119
363 1528
1078 1529
275 537
755 1530
1531 1532
219 1533
1202 1534
1475 1535
1134 1536
1537 1484
1538 1539
714 1487
491 1540
1541 261
286 1542
298 239
403 1543
725 1544
850 1545
804 1546
239 200
1388 1547
116 1548
1549 1450
1550 63
1551 1115
58 1552
1553 95
1554 1033
64 1555
1215 1186
967 1556
1 90
1557 16
288 286
286 1558
964 1559
1560 940
46 1561
1562 1563
441 298
1564 1565
286 517
537 1566
1567 267
239 168
52 168
1568 842
1086 1013
56 103
1569 755
363 1093
286 1570
441 881
1163 537
9 78
389 1571
34 991
1572 86
487 1128
357 1052
101 1573
1272 1574
758 337
1479 451
1575 338
48 137
1576 856
1487 492
1577 1578
1579 119
1078 57
64 434
1580 416
507 1581
284 108
1582 1583
1461 1143
1157 8
69 1093
9 560
1584 1034
856 1585
216 63
1586 1272
797 182
103 1587
218 827
1588 1589
1590 355
69 1011
1591 1592
747 788
481 261
277 63
1593 127
348 1594
247 1595
367 152
64 1590
985 416
1527 1596
763 1597
200 491
436 973
1598 1599
64 1600
1601 1602
1603 53
1161 192
74 1053
1604 1044
1605 841
1255 1606
1074 112
1607 671
219 380
1225 1337
805 1149
289 1608
23 131
1609 81
325 1186
69 180
296 356
171 582
284 1610
1611 1612
1548 168
116 1613
294 1070
658 1026
1614 963
175 16
1615 1616
1489 1510
1617 1130
735 1240
1618 8
13 168
1619 110
1155 630
686 1620
741 507
943 1621
1622 1623
1091 16
1078 18
482 34
1136 63
115 912
554 441
1624 187
280 1625
132 1151
625 235
1626 78
1272 1627
1628 63
1629 71
266 1630
1291 1631
69 1632
360 240
24 1633
1458 138
361 1228
103 1634
286 1635
361 2
117 1084
1636 38
362 791
406 1637
1510 1638
1639 110
441 1640
29 1641
1356 63
1642 86
76 1609
117 1643
1644 16
456 507
1645 146
1516 834
1646 1647
1648 111
1649 502
572 205
1127 1390
103 1650
1651 1652
668 262
54 537
558 337
1653 204
1654 1376
140 175
1617 1132
671 1655
1656 1657
1605 714
1079 208
519 1648
58 1658
9 122
540 1659
115 725
1660 605
1661 93
363 1662
1663 182
484 788
765 451
95 835
54 1566
369 16
308 220
1056 14
697 615
1664 1665
286 1666
298 1453
436 169
69 1667
13 310
1078 138
723 1668
285 1669
1670 687
85 168
1173 121
1671 310
177 127
338 1130
930 16
13 1151
600 599
278 1672
381 1673
109 1674
545 1675
355 1676
1677 16
1678 1151
1176 205
69 298
1679 451
1680 1681
1469 1090
274 171
78 613
934 127
13 1682
381 1178
706 123
1683 1684
340 264
355 1058
989 994
680 69
655 537
514 931
555 682
541 1685
48 1686
480 1687
1688 1689
1495 701
1450 128
355 1690
1691 1652
360 1692
1356 1693
1611 525
34 1694
168 1695
844 788
99 1696
1697 1698
797 1539
285 17
1699 1700
1701 29
892 1702
1136 90
69 596
348 1265
1703 81
177 1704
483 110
1705 105
331 1706
1707 1164
27 1708
1467 1709
1710 1711
97 200
1283 1280
1712 1713
945 213
1714 1715
523 1716
1648 1717
1055 326
956 1001
758 798
1718 390
681 385
175 69
188 18
434 78
1719 1720
1130 63
126 168
1424 1702
106 1436
46 1413
368 1721
1722 448
1723 329
286 118
215 1724
24 407
1725 1726
361 354
712 1727
567 1728
13 1175
1729 301
1730 1731
1732 1733
739 759
1272 242
325 1734
29 1735
44 1736
119 485
53 575
1737 1459
685 1737
2 107
69 1738
9 491
1739 127
1590 286
1133 831
132 451
1740 361
163 90
487 701
286 1741
1742 1743
1091 24
74 213
755 492
336 1744
1516 1265
1745 131
9 1746
1747 213
48 1748
11 1294
1134 1749
1750 1751
1752 1753
723 389
1754 119
69 1755
1712 1756
1757 169
355 324
471 1758
284 1759
69 933
1760 8
1559 86
119 206
99 123
108 278
611 95
464 468
116 841
357 1761
264 1762
298 1763
138 874
1122 1764
856 1765
1510 90
1404 1709
285 159
520 337
9 1487
1766 362
1150 1767
361 1082
1551 1278
387 667
355 1768
1769 491
1770 18
355 1771
1307 1772
288 78
1773 1664
324 2
90 388
1774 168
1388 1524
1173 945
1775 1776
1488 1086
109 1777
551 127
286 213
103 817
471 1778
58 1779
1780 63
1157 168
1781 90
1782 574
822 370
247 1783
410 231
1784 202
285 1070
1785 109
1786 1318
103 1787
36 1786
1648 886
1788 1789
1173 436
1790 416
436 1202
1050 1509
115 1791
755 829
703 69
11 290
1225 247
1792 1793
1794 429
55 59
463 442
69 1795
1688 226
707 1796
877 1797
361 1219
1798 687
1799 86
1800 1096
747 97
1801 1802
180 1803
675 251
755 1804
1013 1057
46 671
721 458
1664 1805
175 1111
844 1763
1070 1706
1680 1514
413 1304
841 355
915 951
284 1806
880 1190
355 1807
1808 119
64 1809
90 801
69 1810
1811 451
15 90
64 113
1812 1813
234 628
899 1814
1815 929
417 1816
239 389
213 1630
1817 1609
361 1818
64 1819
1502 674
16 1820
1821 69
1822 16
568 1823
1824 1825
1826 477
1827 1164
856 1828
1562 1829
105 1435
865 128
347 1265
1411 245
338 718
1830 63
116 1831
361 1310
69 389
683 200
1065 86
588 128
1832 103
417 112
69 1833
1118 788
362 14
1834 239
1835 413
370 86
1836 204
280 853
1042 374
1725 545
1837 69
956 361
428 611
1383 53
1751 1838
482 1839
140 1791
880 203
1840 991
355 111
369 295
352 1786
1067 831
314 213
9 1047
90 1841
277 783
84 310
380 1842
534 487
493 294
134 667
1843 392
636 254
1844 393
461 689
64 1626
410 78
633 182
1845 991
1116 1184
1456 374
1846 1847
69 1310
69 1848
247 1849
1412 857
69 1850
1495 280
1851 182
435 1852
1853 963
357 1854
147 1855
117 1847
1856 755
937 211
1383 1857
1649 361
3 907
936 1677
168 1858
747 1159
119 1859
44 251
912 168
1860 1861
1810 605
361 69
717 200
109 1000
1737 1717
1862 144
1863 1001
1864 814
221 921
126 84
1723 888
476 72
1734 1039
1865 1866
36 401
795 254
480 1867
1237 57
1502 635
1188 518
529 4
286 1228
385 1852
967 467
201 1868
507 1484
1337 1767
654 1869
219 990
973 1870
1871 507
84 1013
76 111
355 1872
1873 1874
1875 34
363 991
537 138
558 1876
1877 1878
1879 278
1880 16
23 53
683 1042
285 1881
1882 929
168 295
882 1883
1503 14
833 348
1884 416
1885 1886
763 1157
1887 1888
542 946
1889 1890
298 1026
357 1891
1105 150
1892 340
1893 355
105 47
1297 923
117 1894
50 1895
117 1896
1897 1898
27 1435
34 1366
1899 182
78 467
1900 1295
1901 502
755 1902
78 1149
1579 361
859 1903
812 1044
225 78
1904 436
1905 923
101 168
1086 150
96 1330
64 1388
1291 13
361 1906
361 132
1907 1908
1909 710
674 158
1910 1911
1912 701
1173 1608
9 392
301 492
625 1473
1157 16
409 1107
1598 152
1913 850
1914 406
1915 18
202 280
562 946
570 1792
1916 355
1311 168
90 1917
247 1918
110 1153
86 1919
517 78
1920 200
1121 850
455 168
1921 1383
1922 1151
220 69
286 767
1101 119
64 1923
890 1088
859 95
50 1924
1224 1925
1926 71
769 355
1101 81
241 1927
212 182
361 286
175 913
212 8
1928 1279
769 335
1929 963
392 1930
1931 923
34 1518
554 620
517 18
1630 1276
140 1372
1932 119
747 1034
90 1933
487 1934
1935 774
1936 416
1067 182
1937 1744
1938 1847
1939 63
1940 1941
1189 69
1942 16
81 1208
1943 759
1554 1159
1944 250
285 492
1945 1508
1946 90
231 805
177 1947
1948 1949
1196 1732
1950 63
363 1951
534 1952
1953 95
171 439
1954 365
912 170
1955 687
361 16
218 1956
1754 416
1957 1958
213 1278
69 1959
554 1960
924 973
361 278
23 34
928 405
9 1698
64 1961
193 1962
48 1963
1500 272
1964 158
1626 355
427 1965
1422 723
1966 361
285 361
395 963
293 1340
69 803
1167 526
1788 281
1967 1968
1969 223
348 72
1510 168
355 1970
1971 128
64 556
355 205
355 1417
1972 491
67 774
1369 1973
1974 1975
1976 69
16 292
361 1977
461 1978
1979 507
119 409
344 127
1078 790
1980 395
1052 123
1981 76
357 544
859 13
95 1213
1982 1983
1984 1199
1831 671
90 1985
119 1986
440 1987
1988 1989
1990 1435
859 1052
138 1213
69 1991
1992 518
1684 1719
44 537
101 1993
534 1994
119 1995
403 202
1866 251
357 1996
1081 1997
1573 785
497 1857
53 613
371 1592
69 1998
84 394
1999 507
69 2000
2001 2002
27 416
2003 2004
1723 599
1702 2005
119 976
225 342
101 231
45 57
2006 1752
523 2007
12 2008
1607 499
274 2009
933 2010
116 84
956 16
2011 408
1474 848
769 2012
356 1151
478 182
171 874
110 588
44 119
355 1186
219 2013
2014 554
2015 1447
2016 963
46 29
973 2017
2018 2019
2020 134
361 1034
707 2021
2022 450
1809 991
2023 109
1158 988
833 72
588 95
1510 252
2024 71
1089 2025
1153 2026
1939 2
505 1742
208 1013
50 2027
567 123
1030 34
692 168
423 1840
898 1556
751 2028
202 2029
1582 158
712 2030
286 1906
751 298
2031 487
2032 2033
27 2034
2035 609
27 2036
2037 2017
212 114
69 1228
1817 2038
487 1228
363 355
2039 322
2040 755
2041 1648
714 1447
788 1617
69 1091
285 715
735 2042
1295 2043
2044 450
121 138
942 1652
683 658
1162 300
1542 16
1387 2045
1532 915
1395 2046
2047 1128
2048 96
698 858
71 834
18 1880
2049 491
594 362
1508 274
471 53
2050 408
168 2051
64 2052
117 168
76 403
780 1145
563 407
69 565
64 2053
119 182
1489 924
1891 374
503 1494
34 389
193 2054
476 1516
884 1508
127 908
308 411
325 2055
69 1236
2056 64
1755 686
1154 1133
1382 2057
436 300
649 2058
1133 82
69 2059
930 205
2060 1652
2061 2062
101 2063
2064 480
1729 2065
361 2066
403 2067
2068 1653
1105 168
69 341
1437 1601
2069 1088
2070 491
78 2
1035 2071
361 34
570 2072
395 95
2073 444
1008 18
978 416
69 258
2074 90
2075 150
354 1688
767 63
802 355
2076 114
468 252
398 1457
56 2077
1835 861
1033 718
625 2078
1013 90
2079 2080
635 2081
1162 2082
365 2083
2084 1088
370 2085
2086 630
2087 360
2088 2089
1714 1576
1416 34
1138 1724
406 267
140 1050
505 1115
1004 2090
2091 99
69 781
1030 683
679 2092
52 1756
286 305
877 2093
54 2094
370 1115
769 286
1161 1304
361 2095
788 814
1067 13
90 2096
286 783
238 2017
934 1039
119 2097
2098 759
471 2099
403 223
1598 261
2100 164
380 1051
625 1223
1988 2101
1082 507
2102 497
2103 2104
558 114
2105 281
286 2106
2031 1202
1050 2107
119 2108
545 2107
36 286
585 168
90 78
27 1184
572 286
356 297
712 2109
134 328
2110 545
101 2111
675 169
1020 128
361 985
1050 759
225 831
69 2112
1994 374
945 394
392 656
116 335
355 1084
2113 119
44 551
13 1744
2041 365
1619 193
2114 2115
928 2116
2117 444
2118 245
1680 1186
1823 1710
34 2119
2120 78
74 171
2121 2122
1272 714
721 152
2123 2124
671 847
2125 34
2126 119
1846 963
171 75
692 1212
952 2127
2128 991
182 2129
373 719
886 128
247 485
540 1864
1303 226
2130 272
2131 289
520 34
69 229
115 2132
1874 416
78 1258
424 2133
419 2134
819 200
64 908
1554 2135
69 908
2136 1280
481 90
2137 168
546 90
2138 63
362 1495
458 1773
2139 155
1642 168
2140 2141
693 63
2142 2089
440 408
505 563
2143 2144
428 168
19 2145
2146 103
758 6
193 2147
131 2148
664 200
2149 2150
177 1086
219 1051
23 1547
2151 187
2152 850
952 2153
322 697
2118 286
387 2154
174 405
2155 197
357 588
1596 2156
625 122
2157 2158
455 416
917 1506
1159 310
1252 127
1381 168
763 182
2159 929
2001 2160
16 2161
117 1698
1445 2162
2163 182
54 521
18 2164
44 991
310 37
188 439
1608 240
58 1513
1255 414
175 1154
1434 240
84 406
422 2165
2166 95
458 1890
1132 2167
296 272
254 1596
582 1330
2168 90
2169 1504
1862 2170
2171 2135
1939 278
76 2172
711 280
323 295
1768 390
1219 213
284 991
2173 168
385 236
822 16
1606 1744
402 1424
180 114
476 834
2174 507
27 682
1356 2175
2176 1648
90 2177
286 2178
245 260
1572 168
69 2179
1272 362
78 63
909 2180
537 1447
408 2181
2182 2026
671 605
76 2183
117 36
2163 284
599 2184
2185 96
200 201
2186 1283
341 205
64 323
1275 90
868 1840
2086 138
1205 1276
1066 1775
475 2053
1154 2187
1499 2188
410 1345
2189 1509
382 637
963 1847
1729 466
27 2190
225 197
34 70
2191 2192
620 963
1223 328
1875 427
409 280
2193 200
247 2194
880 103
1388 34
177 690
2195 599
2196 164
414 573
2197 2198
935 2199
429 226
286 2200
478 2201
286 2202
46 2203
2158 63
409 28
519 686
539 2204
119 2205
998 2206
1265 168
422 96
1613 355
852 95
355 2207
2208 2209
22 2210
455 138
27 2211
18 3
2040 213
2212 2213
841 197
76 2214
55 279
989 596
729 1387
685 436
361 1157
1252 261
2215 78
44 403
338 1228
2216 90
119 2217
286 2218
220 16
1298 2219
361 213
1086 1310
54 1052
58 2220
18 565
410 182
1132 2221
64 2222
1458 502
1088 2223
410 441
1475 72
2224 63
481 264
1811 1265
201 2225
27 1468
347 1811
115 2226
286 2182
991 556
355 2227
105 1349
1668 182
67 2228
114 517
558 316
1865 2229
286 908
2230 2231
466 355
2232 2233
1233 182
1030 90
361 101
1173 285
2234 2235
95 128
2236 215
1596 171
2237 2238
692 957
1547 2239
286 393
168 2240
289 240
222 63
2241 16
628 192
2242 2243
199 96
532 1596
1495 504
899 2244
286 1880
1826 1734
247 394
247 2245
2246 991
19 2247
357 2248
599 916
1990 2104
429 1361
1437 16
1880 355
171 521
285 2249
834 1265
131 492
999 112
357 2250
1227 152
532 134
863 1532
567 309
1994 370
11 1608
402 998
971 2251
2252 1744
1381 213
2253 86
440 2254
58 2255
352 2256
812 1887
55 123
1969 2257
361 2258
2259 1503
1737 991
480 2260
338 436
53 442
127 1886
213 2261
2262 101
2092 630
729 1524
1091 329
691 247
2263 278
64 467
2264 618
2265 1717
308 2266
2267 19
1465 346
310 389
1176 69
285 1104
755 2268
69 132
2269 90
131 487
2270 603
218 213
1282 907
1394 134
1418 355
2271 712
9 2272
1563 350
1225 2136
1915 64
2273 81
2274 16
2275 925
829 16
712 822
1495 229
840 2276
1862 15
2277 50
1730 2278
1443 208
64 2077
2279 171
2280 831
2281 448
2282 72
98 1272
2279 1702
1740 16
76 456
769 197
115 1487
517 4
1078 2142
127 137
294 16
116 769
2106 1053
27 1163
27 2283
570 2284
2285 416
965 874
573 2286
2287 95
193 2288
1791 807
284 1151
53 298
16 2289
670 1383
2117 1053
2232 2290
2291 530
1750 1375
177 572
2292 4
683 123
870 2293
109 2294
357 95
2063 138
117 2295
1388 1151
58 2296
78 237
84 34
146 2297
69 2298
2299 242
1599 337
712 2300
2301 1454
558 805
2302 16
723 200
2303 90
493 951
1013 433
2304 2305
285 2306
171 2307
2308 8
177 167
1388 491
119 2309
2197 2310
2311 2107
2312 636
1364 8
789 1388
1272 90
2313 1250
573 613
286 2314
530 830
428 1055
110 171
2315 2161
567 2316
461 147
69 788
882 2317
2064 329
286 1548
109 324
90 434
2318 1115
363 525
422 2319
361 355
377 2320
441 2321
76 2322
1554 1584
480 2323
1826 2324
119 2031
368 1566
168 2325
2215 573
231 1053
1322 414
16 876
76 326
2326 90
1608 418
2066 16
1370 2327
213 1648
570 2328
215 137
1851 34
1307 2329
1196 171
413 2060
285 2029
1356 416
2326 200
357 592
69 2330
105 2331
429 202
172 182
285 2332
747 9
663 2333
1295 2334
284 1302
2335 655
19 2336
2337 2037
755 1638
2338 1285
683 759
790 13
67 2339
2340 451
51 106
2341 200
2342 2343
771 2344
285 69
19 574
639 127
1617 1050
1150 81
1702 2286
934 537
413 1542
2345 1719
117 212
2346 8
2347 1387
363 2348
201 2349
177 84
395 168
2350 2351
16 2320
956 1382
2352 95
1223 545
119 2353
64 527
711 1050
168 2354
2355 853
2356 1171
338 2357
1196 1496
594 1278
2358 411
355 123
451 2359
47 2360
129 2361
821 387
797 1178
542 2
1186 491
403 152
298 182
2362 9
617 692
286 90
101 542
84 2363
2364 170
850 1167
2273 350
25 2365
119 2366
625 1869
127 521
1415 284
592 2367
915 295
50 908
606 2368
115 587
392 337
1680 2369
2370 2371
2372 152
671 111
389 1033
90 2373
58 2374
361 2178
539 892
1740 69
2375 168
547 2376
1826 2377
921 2378
856 2328
9 1283
17 69
557 355
456 63
2379 4
168 2380
1281 1123
2381 609
1952 313
2382 1208
216 168
1582 36
2383 2315
2384 1309
280 805
224 605
380 2385
114 200
1826 2386
2387 857
275 2388
1093 719
2117 930
119 2389
2390 16
731 316
348 916
1306 408
219 2225
433 719
16 388
410 2391
2392 95
923 2393
285 170
52 1599
2394 544
1372 2395
188 286
428 403
434 1547
171 2396
636 1233
406 1874
471 137
64 68
2397 523
281 2210
71 1265
441 1854
2398 2399
274 75
906 582
46 2400
296 1214
69 1070
2401 16
84 575
117 2402
435 236
108 624
2403 1840
2404 1151
19 326
202 404
34 15
834 348
2405 208
84 791
2406 362
998 1660
314 110
2407 2197
168 2029
283 2408
2409 475
72 28
1641 75
1295 2410
257 2157
755 1880
558 37
1876 925
69 2411
442 2412
1449 213
2413 403
281 2007
635 1313
2414 16
859 520
348 2415
859 2416
2417 90
250 2418
336 2419
763 959
939 481
374 2420
2421 119
585 286
1228 1366
12 2422
2279 444
1981 161
1847 719
355 237
1044 2423
84 2413
2424 687
106 137
712 2425
2426 651
1052 923
69 226
856 2427
2428 78
146 271
924 436
623 1510
2429 1199
2033 200
618 2430
285 2431
1345 692
394 90
481 16
2432 182
1945 2045
64 2433
2434 811
436 925
590 2435
361 2106
2436 200
131 127
755 2437
247 2438
441 264
2439 90
599 788
1383 2053
2440 2441
427 2134
58 2442
413 2443
763 907
2444 1730
403 1967
146 857
2445 2053
2171 2125
54 43
2446 502
16 571
189 686
357 537
1604 8
2447 19
1677 182
655 837
81 96
1653 431
2448 923
2252 337
2449 101
529 556
90 907
1450 2450
2313 2451
1134 338
84 401
1082 168
2452 603
2453 147
53 2178
1970 63
2454 164
455 152
36 1551
90 343
2449 507
508 2455
965 2456
69 2457
2458 534
570 642
2459 2460
2461 69
1031 2462
599 970
557 298
272 2463
2016 1847
69 354
2464 844
54 1186
6 2459
841 69
9 2465
570 23
567 1479
348 949
222 278
376 16
177 784
74 55
69 2466
2467 905
2468 2469
69 768
177 168
2252 2470
361 636
9 2471
257 362
286 991
464 1503
636 95
200 1652
836 1168
1880 416
2472 128
822 2473
2474 202
285 2475
361 252
221 436
245 37
537 1143
116 2476
1388 218
116 168
735 2477
90 2478
53 553
340 665
1876 537
355 542
963 991
219 2479
218 1524
2480 171
285 945
348 1508
455 952
180 247
890 2481
2482 34
69 450
1386 2483
69 2484
177 680
467 416
117 1157
64 2485
218 408
406 168
2486 420
551 90
221 158
370 975
2487 2488
455 2481
1388 78
212 50
113 298
58 2489
623 2490
519 2021
914 487
347 71
1523 963
357 2491
2492 138
168 2493
977 404
814 405
1285 2494
2495 316
76 2075
1679 1447
1050 1786
2496 69
64 2497
215 2498
414 850
2499 505
482 340
689 264
69 182
2500 150
2501 502
415 416
9 112
408 2388
355 168
461 81
357 1380
834 485
119 1653
478 385
2502 63
77 106
355 2503
213 2504
403 575
852 34
175 370
34 2161
2329 272
646 264
991 853
377 907
670 1840
9 365
1489 76
617 213
2505 155
285 2506
1598 138
361 857
917 2507
788 112
90 946
2508 687
1347 240
286 341
2509 34
76 1734
69 1820
2510 2
18 2511
2512 128
406 337
854 1447
928 551
1303 1886
426 95
13 441
1154 1356
43 1213
1307 2513
347 72
1356 16
847 16
1172 2065
308 774
1114 1158
1811 348
171 2514
217 2346
2515 314
327 456
23 64
2516 2440
1173 155
554 488
2517 1537
1168 464
1499 86
186 2518
930 101
2328 338
94 416
406 403
247 317
168 2519
2520 686
2521 2522
368 8
54 2523
599 9
2524 374
171 2525
71 2526
2219 2238
411 687
520 441
2527 86
2306 1890
2383 2528
1018 1757
2529 497
2530 1667
2531 2532
284 2533
98 461
286 168
294 69
2534 2100
2535 147
2211 610
168 2536
671 2537
298 2538
361 2539
410 1053
429 2270
1157 907
2312 69
109 216
50 783
714 2540
110 417
2149 2541
1088 1648
707 2542
1380 2246
834 72
1517 2543
1084 16
116 553
1001 696
804 182
85 1033
1756 925
123 2544
2449 34
134 2545
2546 261
284 2112
122 172
1723 727
1130 759
357 777
361 945
1078 1099
92 361
155 2547
308 1545
2548 247
2549 514
55 231
284 2008
1218 247
224 850
395 119
76 182
451 2550
69 1472
274 276
435 1171
69 2551
1752 687
12 240
1132 2158
1723 285
1340 2552
1456 171
633 78
382 1162
127 1514
492 75
424 2553
101 206
290 240
978 2246
6 1070
441 280
116 575
1865 168
18 2554
2299 201
34 1599
2319 63
755 974
519 2063
2555 2209
69 467
285 2277
625 2532
2294 787
2556 1509
2557 197
18 804
1355 863
170 439
117 1198
64 942
286 229
245 1744
50 258
481 2107
827 2558
2559 69
2560 1199
50 462
859 532
274 1669
284 1784
1329 158
1380 43
304 2073
2561 1143
357 94
1913 361
546 1010
288 294
114 2475
2562 86
217 13
492 444
758 2563
1489 9
1938 963
1380 95
1295 2564
519 2394
2565 69
16 2566
13 1159
2567 640
9 1675
1516 348
110 2568
731 34
1383 2569
108 2
865 2570
1196 355
2571 204
2572 2282
934 1734
463 114
2573 699
517 1547
551 618
553 78
182 908
2287 844
2574 76
281 2575
245 122
2524 377
2252 2576
322 2577
2515 2578
709 257
2579 1719
2334 592
2580 1389
475 2147
1340 2581
2001 620
2216 213
428 404
2582 1323
788 534
408 2583
109 1905
34 2584
755 517
357 416
16 537
247 1876
1070 295
924 1756
2585 81
69 2586
868 64
1031 285
435 515
357 978
376 514
1733 2532
58 2587
2588 18
755 2181
1078 272
64 2428
84 1799
1183 69
464 2589
1114 106
832 1228
295 2590
1862 2385
856 2591
1482 2592
103 2593
1524 86
117 2594
2595 168
361 2596
188 1520
2597 475
769 2598
1175 2599
2600 2301
90 2158
481 2481
790 122
530 991
2192 1050
16 2029
85 286
523 2601
285 270
714 2180
361 2602
2462 357
410 127
790 590
34 137
2603 2604
722 949
165 21
304 2605
1252 262
1069 176
2606 170
938 416
52 553
392 2607
1435 2608
2609 168
168 527
23 295
103 2610
1564 2611
286 2
2612 671
280 462
208 2613
456 417
2614 599
683 2615
288 64
270 719
1043 986
54 95
534 2616
2617 14
212 16
262 2618
168 187
152 2619
116 517
274 2620
307 906
345 1479
2621 831
18 975
914 450
1255 1345
134 804
105 1056
362 286
436 403
2622 1151
336 211
64 2623
64 1697
2624 850
270 86
1860 2493
109 78
2625 8
64 2626
659 416
2627 69
471 1065
27 2628
2629 1175
216 1151
2106 444
1324 2630
336 213
219 850
168 95
1083 1571
285 182
2318 436
247 492
119 2265
2631 69
675 2027
1130 2350
336 820
69 542
851 168
69 517
286 2632
285 439
618 1975
286 2633
1714 1903
360 417
110 521
368 1375
2634 29
81 2106
168 2635
435 119
1337 1151
2636 657
1399 2008
519 410
171 2637
221 2638
2639 18
29 697
69 2106
1766 2617
314 946
649 69
69 847
1732 537
117 1497
9 929
2192 2640
258 63
966 898
1990 316
245 850
2641 1033
529 128
1914 295
2642 491
2643 1143
200 304
2174 707
2507 963
707 2644
284 2645
411 853
1113 127
308 413
2646 687
1052 1566
2459 2643
2647 2648
58 846
219 2649
1607 55
247 2650
576 680
505 2651
567 498
1733 1323
2652 651
317 1375
1250 2466
69 324
689 419
1551 2653
546 16
783 2654
534 450
213 168
385 2655
554 2656
2657 1167
254 2658
23 468
2659 158
218 192
692 492
1383 225
1013 1947
2660 365
84 2661
64 294
2662 870
2253 755
64 2663
44 3
13 1272
274 2664
2665 2341
2230 656
76 866
497 312
589 865
2666 340
691 285
774 1164
286 945
278 1155
1175 1874
2667 18
1512 774
2668 63
523 1755
471 2669
1134 9
2670 502
859 521
34 2005
376 69
275 1330
2671 755
2672 278
2673 182
127 1302
2496 90
64 2607
679 2617
308 2674
2675 182
1737 898
1299 603
168 1151
34 1497
1181 260
9 456
16 2676
286 959
588 43
1116 682
338 55
220 286
1055 429
1685 563
97 1559
686 199
1975 16
1364 1487
755 1360
620 1143
658 1055
200 1047
2677 470
1707 2395
17 514
153 86
361 2678
1589 991
285 197
2679 599
1055 611
822 1394
2148 2680
285 414
69 2681
1272 1050
2682 2683
2684 307
519 532
355 1991
2244 2181
119 2685
1862 1334
747 531
193 2686
64 2687
2688 1088
2689 2690
2115 1804
1826 1880
783 78
1060 495
2691 138
1145 2692
288 29
633 69
554 963
485 1330
286 2693
1548 355
877 2694
1070 329
2580 90
1511 128
69 1741
212 286
609 2086
255 2053
64 225
721 960
554 1523
9 164
53 1548
69 676
585 416
2695 285
2696 81
623 1958
2697 86
355 2698
2699 678
588 416
58 2700
1416 394
476 347
546 119
146 1596
1517 200
774 2701
220 224
1052 43
203 1836
2117 413
2702 877
264 1167
200 416
1154 2703
481 355
69 861
582 491
517 556
2704 2705
567 2706
2707 2708
64 1806
2709 90
747 200
1188 408
957 1566
1778 264
180 949
69 1217
69 492
1391 295
168 2710
119 1850
278 1000
1382 537
76 1186
2711 272
307 2712
554 1853
594 2713
512 4
1138 1503
422 587
852 304
2689 2714
286 237
109 2199
405 502
346 653
600 213
2715 247
193 1849
225 1547
355 1083
2215 182
541 967
576 2716
1958 774
115 2717
300 2718
362 394
286 2137
456 810
1712 168
658 355
1694 150
1424 953
286 613
69 2719
2720 19
1175 957
869 69
1756 14
74 1566
44 2721
1458 171
2149 2722
1648 537
255 2291
1988 2723
476 1811
1737 2622
116 1599
1 69
2724 827
2725 1323
2726 1551
1788 2105
2727 618
19 2728
2102 2729
492 416
2730 2731
1326 27
1680 16
520 213
573 182
261 1140
2732 2733
45 534
1725 1459
2734 727
362 205
2735 878
336 1464
692 403
2394 114
327 1304
168 2736
155 2737
1134 2738
2739 2740
76 2055
2741 106
1732 396
360 2742
2743 502
5 69
2744 1184
408 2745
2099 2746
2747 946
368 888
64 2748
174 774
126 371
1862 1351
2749 90
64 411
902 355
481 138
436 1756
993 2532
2750 1303
18 582
1383 991
517 560
2751 416
625 1725
541 1145
1435 1421
2158 2752
656 492
247 2753
9 430
1598 165
671 2754
429 1627
647 2755
50 2756
1714 119
471 1874
2757 441
408 2758
1985 1283
2474 16
64 1666
69 252
29 858
69 2759
36 101
576 2760
1340 2074
711 739
915 182
471 837
686 158
105 2180
1383 423
345 168
225 168
2761 2762
255 2763
394 857
2764 408
197 411
9 2107
27 2765
2453 78
2766 1228
177 53
50 2767
69 2768
90 1000
50 389
34 2769
2649 581
2770 537
424 2771
301 405
551 523
2772 182
2773 174
316 908
609 2774
219 2775
592 2776
235 1195
1811 834
1879 63
284 422
2777 298
245 264
636 43
2778 2779
1013 1055
2780 2781
2751 301
2689 2782
403 1744
478 382
16 2783
119 2201
34 77
23 2784
2785 2190
852 1375
119 2786
357 109
278 2736
9 1055
687 2787
69 1334
103 2788
2789 1018
2790 2791
924 2792
1480 740
168 2793
1601 2794
201 744
34 206
1792 656
517 93
2579 2795
2649 475
1564 2374
2470 2755
2210 431
2796 2469
308 2797
1934 991
168 586
1380 411
1648 182
357 521
9 71
115 2798
2125 788
286 810
2252 831
81 403
1176 182
186 205
58 2799
442 1151
117 2800
751 628
1020 2801
613 1547
2802 491
69 1866
64 2803
210 208
373 215
1733 152
2560 991
1065 502
254 575
2804 342
1862 2805
348 1216
45 605
1065 640
90 739
13 228
508 2806
355 724
1078 64
2807 2808
606 174
880 1744
110 322
27 439
200 2809
952 112
643 553
357 1213
921 2810
487 637
362 2811
2812 2813
2814 518
1329 675
64 2815
2816 2235
278 78
1383 2817
103 2818
2819 857
1311 103
2820 171
355 2821
168 507
2822 420
64 1985
2823 1151
2315 537
2824 413
2825 2826
27 170
551 16
2827 90
2828 132
2829 182
310 1050
377 2
50 2688
208 527
1161 208
362 298
1982 2830
679 930
1885 200
1381 755
790 272
2617 607
739 182
362 946
723 323
2831 1534
2832 57
2291 2833
1219 491
361 245
723 1065
2834 274
29 123
193 2835
485 2836
370 96
103 2837
2838 1309
2124 200
365 417
69 1318
403 850
599 1019
443 923
1416 923
725 1361
140 2106
1050 112
355 2
1614 1847
2839 2840
529 2841
110 59
1849 128
27 2842
703 973
1721 2599
2843 687
286 2844
2845 850
935 591
1914 18
387 303
363 2846
254 1573
1911 2326
110 1542
606 69
23 90
245 127
1914 69
2847 2611
2848 1659
534 1385
202 2437
529 152
285 467
2849 759
34 2138
922 21
1252 507
2061 138
2211 138
355 628
291 2850
2851 76
285 171
2852 394
2702 285
2560 1149
1402 202
2853 448
119 2854
1594 1199
394 355
1804 182
856 2583
64 53
1712 170
2855 614
2856 783
2603 697
2857 1447
1475 2481
453 16
2858 2004
2859 725
153 2860
441 1423
441 1020
247 1449
856 1836
2372 285
342 828
1500 2861
374 2862
2504 158
2863 719
1227 2864
175 67
2865 63
275 895
47 127
2866 1653
387 450
117 1866
534 1202
2867 755
220 394
122 2868
747 229
2549 361
1754 355
147 1556
1508 2869
523 2870
2871 43
1911 1190
2603 9
171 537
923 244
2872 416
2873 827
638 76
551 355
247 1969
114 348
355 1365
202 2874
471 1663
609 274
53 413
155 525
1370 52
1510 1202
1055 403
64 2239
208 2875
1946 197
1566 2637
1479 1721
286 2044
2326 1738
471 1461
725 1435
2308 171
2876 158
213 231
2877 2878
2879 109
2880 671
1613 197
870 2881
103 2861
27 54
119 2260
286 531
1831 69
171 231
355 985
1279 451
547 200
2882 2883
1990 831
1605 200
222 8
1138 322
16 121
692 1299
1161 2682
1487 2884
1487 368
69 2885
2886 168
353 2620
939 9
2887 16
986 2888
2889 755
1134 2890
476 348
274 911
247 433
540 137
171 2891
301 467
1747 759
112 2892
567 2893
298 487
2405 609
1729 2138
1742 53
286 690
50 1557
1556 182
898 2894
403 158
2895 2896
140 221
567 2897
1173 209
812 295
1202 759
218 1710
2234 605
435 2898
657 2161
542 324
2061 171
116 337
392 2899
492 78
1502 298
783 2319
2900 138
2901 1276
27 43
2168 2
1915 357
2902 153
177 298
60 31
299 63
363 2903
285 422
2904 260
2905 86
90 417
19 2906
9 1509
119 1903
795 468
1208 805
355 2907
2908 242
168 96
193 921
314 1592
2909 1814
2910 18
380 2911
2912 168
81 1266
1364 90
914 2153
230 787
478 546
1590 78
286 2486
34 804
497 2591
19 2913
59 2914
539 1237
922 165
44 2103
1666 78
64 1931
573 531
2915 171
2916 2343
2917 1680
274 2918
1500 692
117 1048
2919 182
314 205
193 304
2920 518
27 1544
1173 2921
90 2922
1880 90
1754 16
1093 168
255 1115
86 719
175 439
618 2923
1382 1070
2255 2150
2924 2925
168 1744
103 2926
2076 93
2927 921
250 2928
1755 907
1937 127
2562 2929
2930 103
34 2931
668 261
225 90
64 2598
69 2932
921 131
428 433
930 286
707 2933
116 2419
310 93
671 1648
44 1402
2934 492
9 2935
2718 95
44 2936
433 1744
882 2937
917 971
2938 274
1052 182
231 75
2939 63
545 1495
86 2292
286 252
1009 2940
455 193
424 2941
64 423
864 64
1653 2316
1951 1653
2942 440
310 187
899 1272
2337 201
429 1304
1117 355
58 2943
594 1086
247 1551
410 43
177 217
284 202
2944 1934
1097 1099
176 487
617 201
1192 75
686 2945
2946 110
69 2646
69 2669
2947 2948
1685 697
2949 523
1367 355
1862 1669
1905 16
363 1985
2699 1723
725 416
69 2950
1193 34
2904 2238
1755 158
2951 90
370 182
50 2623
298 16
534 582
1480 2952
127 1334
2237 1195
710 2953
69 942
441 521
95 2954
69 2955
567 827
193 2135
1134 2956
67 1707
1078 2088
58 2957
703 401
113 2958
2959 988
1170 63
2960 322
286 18
2881 365
200 999
285 957
64 1319
363 1280
693 787
1208 96
2961 361
9 1695
2962 213
2471 2963
12 1608
325 2964
109 2965
110 2966
56 2967
58 2787
679 2095
627 69
16 2968
998 1947
93 187
1990 215
570 346
290 2969
1484 2970
9 227
463 804
402 1551
485 582
2125 40
1329 31
2971 16
2654 63
361 206
64 2590
171 1186
517 295
274 537
27 1721
2972 451
284 2973
869 286
428 977
898 284
945 907
1510 245
2462 1295
1716 502
355 2974
1732 2184
19 411
2975 1652
1030 355
114 1157
2976 502
360 9
2523 169
392 90
2623 329
2977 444
987 95
2691 1214
599 2978
519 1081
67 2979
967 485
898 1725
392 200
697 848
76 436
270 2017
323 1547
519 992
798 251
420 2980
476 1216
2695 50
2981 1708
171 1213
2982 1509
275 2620
286 2306
117 1635
1817 200
542 8
408 200
58 28
84 2983
487 182
168 2984
1000 416
165 1167
1364 502
265 2985
2840 491
2986 589
1117 16
298 427
114 2987
2988 2158
298 850
2160 1195
1293 2989
1324 2990
19 2991
146 2992
1450 2841
1503 1194
2993 8
2994 759
2995 545
1298 1151
680 286
2996 168
361 2770
103 2166
363 886
353 1314
361 2997
1914 78
1252 2546
458 2998
90 2999
2210 168
212 285
380 485
521 43
3000 567
84 239
1680 361
115 137
407 205
721 1721
737 213
69 1428
1134 714
537 95
2702 3001
3002 69
385 2898
3003 3004
1159 481
492 243
683 324
689 34
952 788
361 2086
200 280
67 1682
117 2687
357 3005
2697 134
200 3006
35 804
286 3007
3008 436
53 1132
69 1345
755 1334
1937 1767
93 718
285 985
2493 138
1000 63
29 2811
361 1677
2603 1421
497 3009
422 414
1291 19
573 280
1914 286
1404 416
285 300
53 527
90 3010
748 286
180 834
69 1666
420 2591
1416 692
833 1265
1596 3011
127 1786
1145 3012
55 43
119 3013
417 138
471 89
612 112
9 3014
461 200
3015 170
1990 182
2113 365
3016 342
3017 171
921 3018
329 2158
1601 3019
2048 63
2895 3020
1272 680
2117 599
2687 78
714 16
427 3021
69 583
1161 575
260 2261
563 202
103 3022
69 173
2346 502
34 758
9 340
102 152
3023 963
3024 3025
1990 1199
3026 138
103 3027
1862 245
759 3028
284 2453
103 3029
284 1672
1423 128
3030 106
599 1194
1679 95
797 2569
101 521
1915 34
960 329
27 274
3031 3032
219 3033
338 544
3034 671
521 874
877 3035
58 137
3036 3037
3038 188
818 86
129 3039
361 3040
2717 914
2857 95
210 84
403 3041
2641 747
902 69
545 1589
1289 123
286 3042
27 76
3043 3044
481 416
1 286
2104 324
13 1710
1579 2
625 264
707 3045
101 1679
380 850
275 332
572 439
814 3046
480 1237
523 3047
1043 1755
1161 1055
3048 991
406 90
427 1452
531 182
333 158
1675 3049
1609 2490
1531 3050
110 1592
3051 3052
1382 229
2864 3053
3054 63
1009 763
16 3055
2260 491
1381 3056
2453 2
76 1121
2940 3057
712 3058
712 1322
59 43
1817 2563
483 416
3059 95
298 1817
1510 542
23 50
478 3060
1257 3061
116 1851
69 127
13 880
2064 69
69 3062
64 3063
703 109
2749 1070
69 3064
453 69
274 1790
200 3065
101 2861
911 295
1955 441
729 1388
755 1202
103 3066
1723 247
272 121
69 3067
633 116
54 171
286 2484
119 574
212 78
114 182
2413 78
545 3068
618 3056
117 3069
2146 13
103 3070
103 3071
3072 95
101 2306
9 29
2135 16
915 1934
150 3073
3074 881
76 3075
1890 86
180 913
13 52
247 1947
1127 134
3076 18
845 3077
64 1000
3078 128
9 3079
930 362
331 346
441 1487
58 3080
58 2955
668 2546
766 3081
45 3082
1278 491
998 3083
1202 1825
119 3084
119 3085
1186 95
680 14
1826 3086
3087 407
2996 171
175 110
721 1163
3088 925
3089 3090
1792 1295
1228 251
3091 158
13 69
69 280
3092 16
1818 628
357 1186
1212 456
3093 814
257 3094
1766 543
934 3095
2104 838
2404 866
1653 3096
1459 3097
16 237
1619 850
2796 2468
1412 298
1449 365
34 1508
3098 755
784 44
64 847
115 314
2695 805
1151 1767
635 725
2603 132
247 3099
790 439
69 2178
3100 1719
1026 86
76 3101
798 2791
402 182
361 2158
1138 3102
3103 2107
568 3
1734 416
76 1508
109 1557
119 3104
84 1086
101 1310
1009 168
116 1291
27 3105
599 300
117 2717
699 374
2689 3106
1027 130
293 410
286 3073
116 492
361 174
3107 3108
594 3109
1524 1151
1391 95
441 323
1067 3089
945 78
90 439
2128 3110
345 3111
3112 408
1388 526
278 216
362 96
1863 119
618 2474
3113 1002
286 583
402 403
286 3114
110 95
480 1390
868 1383
3115 109
3116 3117
3038 925
333 805
52 1388
408 3118
1900 1500
247 2840
90 96
576 3119
3059 1702
3120 408
90 911
478 3065
1475 531
1086 758
69 1463
1176 286
316 450
34 200
3038 3121
9 486
3122 128
3123 3124
2124 158
1383 90
1946 64
2657 414
84 512
357 1335
1840 2053
1026 804
93 1033
3125 2742
34 341
177 930
3126 300
649 3127
3128 2010
2117 69
69 2158
3129 264
790 3130
288 827
706 697
3131 3132
23 134
23 355
858 687
1252 2544
3133 1482
286 1084
989 403
355 1694
113 3134
751 1310
537 301
1639 355
532 213
168 1767
34 216
2416 171
476 1265
822 127
712 3135
558 286
27 3136
3137 1890
59 95
1367 547
274 1314
943 1299
1052 444
934 1747
90 3138
3139 427
6 2353
1218 295
127 876
361 3140
856 2135
788 345
697 603
1233 3141
669 3142
1252 781
1265 1115
841 90
554 430
2136 2180
424 3143
781 187
193 1475
90 3144
498 710
1046 272
373 2275
1236 138
1885 1721
6 414
588 1143
2453 2579
643 3145
15 81
34 1510
2014 76
731 225
1089 1208
2136 3006
2130 365
1835 364
1174 475
3146 278
1714 398
2215 69
410 444
84 2726
239 485
1412 1310
284 3147
69 3148
289 3149
9 72
609 1475
69 1542
532 2419
64 517
408 3150
6 355
633 3151
3152 247
3153 1719
1047 468
298 337
286 1050
3063 78
63 3154
1031 3155
29 3156
225 3157
347 242
116 468
3158 2161
9 260
1168 3159
2924 2481
609 1086
127 3160
2585 3161
131 2408
2076 81
594 3162
3163 2532
102 719
3164 69
110 3165
2260 560
594 1304
2163 69
235 3166
202 3167
110 3168
635 123
1489 881
1608 290
1458 1566
3169 408
540 814
117 188
18 908
717 298
285 1906
175 361
693 278
200 3170
245 1803
50 3171
2088 18
64 1169
22 1952
34 2106
357 43
411 3172
1510 16
1472 355
84 213
788 260
1340 3173
576 13
1605 523
38 1065
134 127
44 87
788 1242
410 3174
2193 1065
558 69
1320 1755
2812 90
9 646
1382 1304
3175 3176
354 1303
2195 29
53 628
36 205
