3866 7707
1 2
3 4
5 6
7 8
9 10
11 12
13 14
15 16
17 18
19 20
21 22
23 24
25 26
27 15
28 29
30 31
32 33
34 35
36 37
38 39
40 38
41 42
43 41
44 45
46 47
48 49
50 51
36 52
53 54
55 56
11 57
58 59
60 61
62 63
11 64
38 65
66 67
68 69
48 70
71 72
73 24
74 46
75 76
77 47
78 79
80 81
82 83
82 84
85 86
87 88
89 90
91 89
24 92
93 94
95 96
97 98
99 100
97 101
102 103
104 105
32 106
107 108
109 110
111 112
113 114
115 116
73 117
95 118
119 120
121 122
11 123
11 124
11 125
15 126
127 128
129 130
97 131
68 132
133 134
135 136
137 88
138 139
140 13
141 142
11 143
82 144
145 146
147 148
149 150
151 152
153 154
15 155
46 156
157 158
159 160
161 162
82 163
112 164
165 166
167 168
26 169
170 132
93 171
172 103
11 173
133 174
175 176
177 97
178 179
80 180
181 182
183 117
184 47
76 185
186 24
187 188
189 190
82 191
192 193
194 195
196 197
198 199
93 200
49 47
201 202
203 204
205 206
207 208
209 162
210 211
212 213
214 215
97 216
15 217
218 152
219 220
221 117
222 223
224 225
226 227
228 46
229 230
38 231
232 233
234 47
235 236
237 172
238 239
240 241
126 242
224 47
243 244
11 245
13 246
15 247
170 199
248 249
250 251
153 252
31 253
109 254
109 255
112 256
257 18
258 259
104 260
186 47
261 262
263 47
264 265
266 267
268 269
270 93
95 271
272 254
273 26
274 275
276 82
277 255
40 278
279 280
281 131
221 282
283 284
285 286
287 288
289 290
291 88
97 292
293 294
38 24
295 221
296 71
297 298
299 211
68 300
301 26
302 303
304 305
306 307
68 308
309 310
311 312
313 17
314 251
315 316
317 318
319 320
321 322
323 199
324 325
326 327
328 329
330 331
23 46
48 332
127 333
334 335
224 336
337 46
338 339
340 341
68 117
342 343
344 47
11 345
346 114
11 347
254 120
348 349
28 350
9 351
133 352
353 106
354 355
356 357
11 358
359 360
43 199
361 362
363 364
340 365
366 367
368 369
131 370
371 97
372 373
374 375
376 369
377 41
378 42
17 379
65 380
381 382
383 47
384 385
386 46
17 108
387 46
51 388
68 389
390 391
392 393
11 394
395 199
11 396
397 398
399 400
401 402
403 404
405 406
82 407
408 409
15 410
48 411
104 412
413 199
38 414
11 415
416 417
418 88
419 82
420 421
422 423
11 424
425 426
11 427
224 428
158 429
430 431
432 433
434 38
72 435
82 270
436 71
437 24
438 114
170 439
440 211
281 369
269 441
442 443
444 445
446 2
447 448
449 450
451 452
117 453
363 454
455 97
456 360
457 458
82 459
11 460
461 269
153 462
162 463
464 11
465 199
466 20
467 82
248 468
386 469
470 471
472 57
104 473
420 474
38 320
475 106
476 418
477 404
478 479
229 480
249 481
34 482
483 24
46 484
24 485
486 198
487 488
489 490
491 492
493 212
397 494
495 496
497 272
498 499
500 501
13 452
502 126
386 503
504 505
42 47
506 507
256 508
87 509
510 15
340 511
512 513
397 514
515 254
516 229
517 518
519 520
521 255
11 522
11 523
368 524
525 526
527 528
529 215
386 300
530 2
531 133
532 533
11 534
535 458
336 41
48 198
122 536
38 537
303 538
539 540
82 541
11 530
542 543
544 42
545 546
547 11
548 38
549 550
551 552
114 553
31 554
555 461
556 82
97 557
529 76
500 558
559 530
153 560
561 131
11 562
102 563
368 541
564 565
566 567
568 569
310 570
571 135
206 572
82 573
574 575
576 386
378 577
578 579
580 176
581 582
583 17
187 369
89 117
399 254
48 584
458 585
586 533
176 229
26 587
588 114
481 589
590 369
591 382
592 593
594 479
82 595
596 597
598 599
600 601
403 164
586 593
602 279
603 24
604 212
496 605
13 606
607 218
11 47
82 608
609 99
48 610
611 536
612 613
416 175
48 614
11 615
153 536
616 617
48 618
619 458
479 247
11 620
621 458
11 622
623 624
625 626
470 627
243 628
369 418
629 630
458 631
452 632
633 634
36 635
104 536
606 537
614 93
636 637
93 638
639 214
640 641
642 47
643 644
645 646
647 21
648 199
649 650
651 644
652 122
653 654
655 17
428 656
31 657
658 659
660 661
74 47
662 122
663 664
665 454
11 666
667 668
669 670
671 672
293 673
674 675
97 676
369 88
452 677
678 679
680 243
681 254
682 38
683 24
80 684
685 47
686 687
151 26
75 28
340 688
82 689
369 690
43 691
692 693
80 694
695 386
11 82
696 626
265 697
367 13
11 698
699 700
46 459
11 701
702 117
63 703
704 705
631 706
707 452
11 708
709 630
199 710
75 81
711 712
713 229
11 42
205 106
714 715
716 717
254 718
369 719
720 721
224 199
32 722
38 723
724 114
725 726
727 97
97 353
728 729
607 730
731 212
337 41
603 46
48 171
89 732
17 733
734 735
11 736
737 738
547 533
89 739
740 741
343 742
513 670
558 743
744 458
112 745
464 324
215 746
167 506
747 11
748 749
470 78
750 263
751 752
367 753
48 754
11 755
224 74
188 756
757 559
82 758
415 537
207 212
11 759
760 559
11 761
383 46
529 762
11 763
764 765
766 767
395 224
768 769
770 452
771 41
41 24
527 772
219 197
773 17
774 775
78 776
777 509
754 93
89 778
641 779
780 624
781 26
782 783
784 624
370 47
785 786
24 94
787 788
469 789
790 791
117 792
793 794
795 796
326 797
51 212
269 798
799 800
801 198
802 513
803 117
556 93
48 804
805 806
97 69
68 533
807 808
38 809
38 575
384 810
811 812
48 42
813 349
47 814
13 815
82 816
82 817
11 79
818 46
819 574
820 59
658 821
822 63
823 47
739 38
824 825
826 574
11 827
38 199
828 219
829 421
38 830
831 832
833 834
530 835
32 26
48 606
131 441
172 733
836 224
27 162
837 530
97 838
458 839
840 841
299 82
842 48
38 186
843 487
844 845
846 847
97 848
849 256
469 850
851 99
11 852
853 24
854 418
855 122
343 856
857 858
859 860
861 254
862 863
224 370
864 558
865 38
211 866
867 868
869 870
600 452
871 572
872 24
873 381
874 630
428 875
876 877
878 2
879 880
881 47
36 198
882 883
139 884
11 885
191 148
80 886
887 888
889 890
413 46
891 892
599 893
82 491
481 703
894 895
896 897
898 899
38 41
578 117
63 900
901 17
902 903
326 904
215 905
906 769
907 93
908 909
11 910
212 911
912 284
913 97
452 355
914 467
150 915
916 917
918 919
920 527
548 46
93 921
420 260
922 704
47 923
924 925
131 462
926 854
616 330
927 928
492 199
929 88
930 931
750 528
914 381
386 441
386 932
11 933
934 935
936 937
381 938
527 741
939 574
310 940
941 46
368 942
313 943
11 944
566 8
82 165
945 8
191 38
704 946
947 909
948 458
32 369
545 949
78 170
89 950
951 952
953 369
798 88
954 955
416 956
212 957
369 958
808 122
838 117
703 959
215 524
11 487
960 61
961 962
963 964
716 525
368 965
106 670
151 966
967 968
93 969
117 970
46 971
972 97
340 973
199 974
140 975
9 787
976 977
978 38
548 452
979 980
981 982
106 229
983 88
984 104
133 985
552 79
986 987
75 102
470 764
988 89
989 878
990 991
992 993
994 900
150 703
995 212
11 996
308 120
997 109
998 999
1000 750
11 1001
38 465
78 1002
1003 607
310 1004
1005 835
1006 1007
1008 104
48 355
1009 1010
1011 1012
1013 1014
525 126
11 1015
1016 334
41 1017
26 557
1018 1019
1020 769
664 1021
795 1022
133 1023
1024 310
1025 17
11 1026
367 286
117 1027
1028 324
1029 681
177 17
661 1030
1031 579
1032 564
240 537
932 1033
436 204
51 418
11 1034
1035 1036
1037 452
1038 42
783 1039
243 1040
497 452
1041 1042
11 1043
1032 1044
1045 1046
536 1047
451 690
76 1048
89 1049
328 1050
512 131
150 938
1037 22
165 44
1051 369
1052 229
1053 333
1054 24
1055 199
340 247
456 783
1056 425
1057 552
386 1058
1059 1060
1061 742
308 26
47 1062
955 848
199 1063
664 1064
1065 47
71 552
403 1066
1067 1068
1069 6
386 1070
1071 1072
170 1073
989 1074
11 1075
420 1076
109 1077
1078 1079
32 218
139 1080
1081 269
1082 97
1083 41
19 303
1084 24
140 1085
458 1086
606 1087
326 1088
1089 106
626 476
1090 626
581 1091
1092 47
80 716
445 1093
479 1094
167 308
11 1095
960 1096
215 1097
581 1098
1099 1100
97 1101
1102 411
11 1103
326 1104
703 17
1105 428
269 1106
1107 506
960 1108
218 1109
82 1110
415 528
295 525
1111 481
43 1112
399 994
197 1113
1114 357
11 1115
1116 88
9 989
600 51
1117 97
11 1118
38 42
1119 806
1120 707
1121 275
221 381
340 594
40 10
552 78
1122 1123
1124 89
590 1125
72 1126
82 893
624 1127
960 644
1128 1129
1130 363
497 46
312 1131
97 117
877 1132
416 17
750 1133
865 41
11 1134
1135 1136
1137 1138
1139 176
1140 61
556 41
10 17
973 452
1141 1142
1143 46
32 103
1144 93
153 528
1145 263
1146 725
461 121
530 1147
13 99
556 224
395 82
76 93
297 931
681 572
1148 212
1149 630
1150 329
38 200
369 259
541 1151
93 1152
151 1153
1154 93
1155 840
1156 17
153 1157
95 1158
1159 1160
11 1153
1161 1162
1163 1164
1165 1166
80 1167
902 1168
340 1169
224 497
1170 1171
38 1172
1173 1066
1174 774
914 458
97 271
48 762
47 733
1175 918
573 24
687 1176
191 275
1177 1178
1179 17
486 1180
1181 11
11 1182
151 1183
397 1184
1185 46
1186 458
564 1187
1188 97
97 1189
1190 78
1191 1192
1193 1194
994 226
1195 681
603 38
1196 1197
578 197
369 1198
902 1199
1200 993
395 47
913 176
55 1201
1202 1203
82 1204
343 631
1205 1162
344 41
470 1206
47 1017
1207 1208
1209 78
687 1022
820 63
838 536
1210 671
1211 122
1212 1213
564 78
1214 122
224 1215
183 122
26 1216
224 1217
1218 47
525 261
133 1219
1220 947
11 1221
41 1222
858 1223
97 1224
790 1162
13 255
458 1225
11 1226
1000 991
470 1227
1228 47
224 682
340 467
97 1229
1230 1231
106 1232
384 835
913 1120
369 458
1233 514
1003 1234
1235 644
1236 1237
603 93
1176 269
1238 733
820 1239
395 261
1240 644
458 1241
249 1242
491 93
1243 1066
1244 205
150 1245
38 47
369 362
1246 800
428 1247
428 17
1248 866
1249 381
1250 1251
1252 142
11 1253
1254 153
72 559
4 1232
1255 199
1256 97
11 1094
1257 229
599 425
876 131
221 1258
1259 213
1260 1261
1262 1081
1263 355
1264 26
47 1265
11 1266
32 368
97 1267
1268 1269
1270 47
44 1271
326 65
750 1272
15 1273
1274 41
603 212
1275 1276
1277 1278
461 1279
458 1280
78 1216
11 1281
48 1282
1283 38
1284 1285
1286 88
902 1287
261 1288
11 1289
368 1072
383 199
614 38
908 835
1290 1162
1190 122
857 1291
1163 1292
1293 155
1294 1295
369 1296
277 1297
71 242
224 1298
589 788
1299 1061
1300 199
672 1301
600 1302
829 1042
97 1303
731 1304
104 1305
13 1306
1307 527
1308 97
771 24
178 469
598 1309
728 530
533 1310
1311 1312
13 871
854 1240
246 1313
117 1314
13 1216
1315 1316
32 696
1054 97
26 1038
1317 47
687 93
397 1318
695 458
403 1319
1320 88
482 1216
529 75
11 1321
1322 104
146 1323
1324 322
1325 26
1016 1073
1326 310
1327 46
38 1328
224 1329
80 1330
1331 308
97 503
492 632
11 1332
1333 369
1004 669
482 211
1334 536
687 199
1016 1335
564 175
469 141
106 1241
261 305
40 1336
584 1337
1338 212
1339 213
1340 24
149 229
9 1341
1342 452
422 1343
955 1344
402 1106
829 703
616 1138
369 1345
717 286
13 1346
1347 139
66 1348
1349 1350
9 1351
612 579
11 1352
239 509
1350 1353
621 122
82 534
38 70
612 1354
1355 1356
322 259
1032 386
1143 38
469 877
1357 199
458 1358
82 1359
178 1343
1360 46
1163 1361
11 1362
1363 6
1364 269
239 1365
153 1366
1367 41
521 78
1368 46
1369 1232
1269 1370
1371 1372
11 1373
1374 343
902 1375
100 1376
687 1377
1378 1379
1117 369
292 567
11 1331
1380 229
965 458
199 1381
994 1382
550 78
902 1383
1384 1385
151 1386
1387 93
1388 1389
1390 1391
1392 1393
1394 142
1395 474
1217 1068
1396 865
960 536
1309 17
62 1397
340 1398
66 1399
24 163
602 1400
51 1401
1402 694
369 1403
340 1404
211 1405
239 1406
1407 46
1269 78
11 1408
877 1409
1410 158
1411 644
162 1412
444 887
125 47
1413 47
1414 148
1415 93
658 1391
1416 215
1417 28
894 1418
797 1419
966 1420
151 1421
947 559
1422 452
1423 38
1424 38
1425 76
1426 1427
271 1428
1429 1072
1336 452
1329 251
1430 82
1431 4
487 960
476 1085
11 1432
224 687
97 1173
21 525
469 131
1433 190
1434 229
279 46
1016 1435
458 190
386 690
989 1436
13 649
500 1437
97 961
369 1438
11 1439
1440 372
292 1096
11 1441
221 1442
17 537
881 24
1443 1444
11 1445
51 78
1446 1447
47 1448
1449 164
721 254
524 536
277 1450
149 1451
1452 1453
1426 1454
11 1455
1421 1277
13 190
602 1456
1457 1458
461 1322
9 1459
117 1460
586 1461
1462 139
221 607
1275 1463
1464 671
1465 38
38 1466
1288 355
1467 536
1297 1420
82 830
682 82
1468 1469
697 800
617 502
738 38
785 1470
1471 207
600 46
386 1155
1472 253
1473 935
882 405
369 1474
11 224
199 893
9 1309
1475 212
1476 1477
470 440
1478 212
863 51
1238 199
340 1479
773 324
1480 854
725 1481
703 47
1016 199
340 33
11 1482
47 1483
461 1484
397 212
989 458
1485 871
11 1486
730 212
80 1487
837 24
369 1488
968 1489
11 1065
48 428
212 1490
1491 193
369 1492
1493 882
1494 393
1254 47
509 3
82 171
574 1495
1496 1497
1498 1499
1500 1501
805 536
1502 122
1099 1503
13 678
696 158
153 1504
1505 114
1506 579
80 1507
36 1508
491 24
1509 164
292 1147
1510 564
11 1511
51 798
671 199
1168 106
243 1512
310 1513
343 746
762 41
11 1514
40 386
38 263
243 888
38 1092
1515 1516
1357 72
661 72
43 487
46 1328
470 158
11 1517
48 1518
479 47
93 1073
900 1519
913 590
1520 104
415 1521
612 1366
1522 472
1523 47
1524 81
1525 1526
313 324
1527 199
452 1329
9 655
1528 38
1529 89
1530 1531
631 4
1532 15
229 1533
11 237
1534 955
199 1328
25 357
1535 185
243 908
41 893
82 13
26 229
204 17
1536 1079
406 1537
97 1538
11 1539
26 960
578 386
43 224
863 117
97 406
46 1540
672 81
1392 258
1541 8
46 969
1542 711
1543 1391
1544 198
1545 153
470 1546
269 1073
1547 88
386 593
1430 17
100 1548
93 42
794 1291
1200 265
617 357
458 593
26 1549
109 263
212 1550
1551 1010
251 557
1552 11
133 1553
362 106
930 1554
1061 229
254 821
854 320
128 1165
867 607
1555 47
1556 162
1557 13
1430 48
1165 1558
662 567
139 878
1559 41
72 778
1560 176
1561 1562
1093 1563
146 329
1357 1564
1557 607
337 24
894 292
11 1565
1566 574
384 536
1567 1194
261 1568
1569 415
1570 1571
1572 835
1573 1574
1575 1576
881 38
1577 31
600 224
1578 229
1579 97
436 938
703 172
1580 536
1581 1582
1464 767
1583 1104
386 1345
853 199
1584 1585
1586 425
1587 386
1588 1061
38 198
26 362
265 1589
1107 1010
461 1590
1003 496
1591 26
47 1592
47 24
559 1304
581 1232
182 1593
564 1594
805 1159
1016 198
1595 1596
1597 1598
1599 24
541 438
276 47
11 1357
277 994
9 733
13 310
38 370
11 270
82 1600
9 1601
1426 1602
690 88
289 1603
947 21
573 47
397 1604
1468 114
662 103
151 1605
1606 696
1607 1608
200 164
603 199
1609 229
9 1610
1158 1611
869 774
1612 425
1613 664
877 658
1614 229
51 47
1615 369
647 46
1616 1617
543 162
1434 850
11 313
11 1618
1309 1238
238 97
1619 9
1620 870
214 1621
51 129
68 254
1622 1061
1557 469
11 1623
602 502
1624 261
1021 153
268 104
46 198
690 172
11 1625
664 155
731 1626
11 1627
497 153
1557 473
117 1628
1417 1629
48 485
677 78
490 26
767 213
395 1630
11 1631
369 1632
525 1513
955 1633
1634 153
224 1073
99 448
672 215
40 18
11 1635
452 573
469 1636
767 1637
11 49
368 1580
109 1038
461 81
598 48
212 1638
1639 572
1640 835
1641 11
1642 527
1643 17
464 40
1644 1645
771 82
1646 696
1210 1106
1647 51
383 38
1541 1648
82 1649
1650 452
1230 1651
311 92
771 46
121 61
1652 24
51 483
1653 1654
416 1238
513 212
299 38
80 1655
1656 452
11 945
800 880
11 1451
1657 13
367 1658
1659 728
889 559
399 1660
66 1661
664 1662
214 960
428 199
132 26
870 1663
564 338
36 1664
1665 479
11 1666
854 1667
1668 452
1669 1291
11 1670
48 632
1671 199
649 226
1672 458
151 1394
655 1405
221 469
807 916
1673 199
1674 320
1675 148
1676 428
165 1677
80 1678
296 203
590 1679
357 712
385 1467
11 1680
97 1681
955 1682
1468 896
966 88
1254 24
1683 325
1684 1685
681 1686
386 1687
1688 536
11 1689
762 172
11 1690
11 1691
682 46
513 690
178 1503
151 1692
138 88
151 658
106 1129
386 1693
1694 24
1695 658
11 1696
369 1697
415 1698
1067 310
333 1699
332 199
959 1700
191 527
1701 1393
1702 24
162 1095
150 436
907 24
151 474
9 1703
1704 211
46 1705
1365 1706
368 300
1601 93
1707 153
11 1708
1709 320
340 1710
229 1711
682 24
254 1277
1712 15
276 1713
149 1714
11 1715
41 1716
1717 697
1718 900
301 93
281 1061
270 47
1225 117
709 1061
146 308
1719 47
33 216
808 153
1720 255
66 1527
221 53
1721 1291
1722 1389
1216 1723
102 122
97 1724
960 1033
600 1725
1726 1727
340 1728
1396 1729
11 1730
894 1731
600 82
26 320
11 1312
11 1499
112 162
11 1732
11 1733
36 671
283 88
1559 224
947 1277
135 1734
93 1735
1736 133
1179 197
1737 1066
716 1738
510 1739
281 120
381 158
112 126
1005 1740
664 1741
26 1742
282 97
1743 1744
1394 1745
1746 42
1747 458
938 212
11 1748
117 1749
1225 251
135 1750
420 1751
343 271
28 1752
442 1753
529 835
80 1754
253 126
1143 24
386 838
11 1755
586 1756
363 198
1757 47
1758 1759
795 871
310 1760
1351 788
647 199
243 1761
1762 1763
89 1764
458 1594
340 1765
606 199
229 1010
799 1096
153 966
291 89
161 1766
178 1767
1768 367
337 47
328 382
1769 469
1770 1585
11 1771
104 1070
1772 1773
1774 24
68 631
989 1775
235 131
787 47
783 960
65 46
269 1187
1776 1216
947 1777
632 41
1778 1779
1471 114
1256 1780
773 48
603 47
774 1781
282 1066
82 1328
1782 1783
150 21
1394 109
295 32
386 403
1784 199
46 41
1567 871
11 30
11 1785
48 1786
1110 681
469 97
862 212
1337 1787
1599 38
367 1788
106 993
805 1373
1099 175
1194 1789
481 1790
1791 1792
612 558
1793 47
112 1794
11 1795
11 1796
199 1797
816 1798
1799 1800
1801 1802
197 1803
395 93
1804 711
1712 46
685 15
1805 896
139 1806
1807 1808
664 1809
768 1810
1807 122
1811 579
1812 835
1813 229
1814 1815
1440 373
782 509
1816 1817
1205 1818
11 1819
1820 88
1821 810
299 93
1822 572
458 1058
11 1823
566 269
386 1720
1824 404
1825 1506
11 1826
150 117
1274 199
196 386
345 148
1426 175
730 117
218 1827
1127 1626
1605 37
78 630
11 1828
1829 1830
1831 109
1832 1833
1834 1835
369 1787
947 1107
544 955
48 383
275 969
11 1836
1837 28
1838 882
506 362
1839 1840
1392 835
1841 21
1548 1842
15 418
936 38
11 1290
82 1719
239 1843
1619 526
151 989
1844 1567
72 212
922 1470
902 1845
545 1846
97 650
1006 93
68 1847
955 1469
1848 212
556 199
310 148
1849 630
1478 148
265 1393
578 1850
1135 536
1851 418
73 47
1355 47
704 1567
1843 212
1852 574
82 1853
1756 47
924 1038
1854 1855
452 830
153 273
167 1856
446 1857
1067 712
153 626
1858 100
621 527
805 1859
11 1860
1861 106
48 51
381 1277
1862 1863
664 1720
727 131
93 1864
444 1865
11 1433
1390 397
1866 1395
564 1867
82 969
13 738
1595 1868
48 1869
1870 38
1871 678
1872 153
46 1298
48 1873
470 1874
1016 1875
359 960
955 1876
1877 1878
11 1879
1476 1880
1807 1881
1396 1882
1143 47
1883 1820
1884 1885
11 511
904 1824
630 1886
82 414
1887 338
369 1888
381 302
78 1689
452 42
916 1889
1061 1890
1009 1891
11 1892
1500 38
302 254
11 1518
191 1893
150 1894
1405 589
1895 1778
1896 88
11 1897
1898 1376
80 1899
38 1006
1900 122
511 15
1901 1277
89 1902
1491 1080
1197 1903
1 117
1853 24
1092 93
172 1904
1905 26
371 369
369 1906
682 47
1195 1907
1908 1166
311 1909
1910 1911
1217 24
564 381
224 1414
1912 1913
369 658
960 1914
1915 349
74 38
310 1916
40 1917
1918 199
71 212
1919 1052
647 24
249 468
198 47
436 267
77 133
865 199
11 1920
1921 955
1922 481
470 1345
369 1923
564 411
1427 960
13 106
506 1924
1577 82
51 1232
1925 114
9 583
40 787
626 1391
461 672
131 1926
38 1202
1442 938
1814 574
1927 438
66 175
1928 1071
1824 631
1929 1930
1931 153
1016 47
89 557
1932 536
199 1933
367 138
1934 1935
82 1936
1853 47
1789 1406
966 8
97 1345
46 1217
13 714
1937 1278
541 47
842 82
1071 1938
273 88
1939 1557
1003 229
133 1940
275 1478
1941 1942
1943 458
97 1251
1559 47
386 1944
947 994
617 338
1200 88
48 994
279 47
1841 857
1945 162
82 1946
448 1947
310 1948
82 1331
473 190
89 1943
1224 536
76 158
1872 1949
961 1950
483 47
38 1381
254 630
82 337
902 172
15 1951
559 1205
1952 1953
89 1954
619 11
11 632
1955 72
1956 242
11 51
102 1301
43 1336
74 1291
1957 1051
1535 1958
1322 1079
1959 854
277 495
1500 1636
1010 1412
11 1960
372 1961
32 167
1962 109
420 1080
97 226
40 94
65 945
215 741
367 1963
452 667
1964 1965
1894 212
150 1966
378 1038
838 1269
415 1238
219 26
1967 1968
345 1851
1969 1393
927 1516
1970 8
21 212
1971 140
1418 800
870 1972
665 1130
936 199
1170 1973
11 1974
1975 1976
1977 11
1016 15
854 24
619 51
1397 88
149 1135
1765 479
704 564
1978 236
362 1979
168 148
82 1980
452 171
795 297
1981 106
1557 1982
1983 88
1984 99
348 1985
324 943
1986 47
97 1987
466 303
688 15
33 1988
1787 176
1989 1990
386 1503
133 1991
369 1992
1993 11
428 46
46 1994
151 1995
27 41
816 47
38 1255
48 65
1996 55
469 995
525 1997
1851 1998
1999 140
11 2000
2001 598
38 2002
2003 24
1659 88
2004 114
104 1962
151 2005
2006 26
579 199
2007 616
199 923
428 1405
1858 1046
46 355
2008 2009
11 1082
2010 2011
2012 644
727 258
1390 1095
48 186
133 2013
11 2014
2015 1608
849 339
75 960
2016 1022
771 452
1054 199
2017 18
2018 1684
178 219
1969 1395
854 2019
2020 2021
395 38
46 2022
1957 904
787 172
369 2023
660 2010
80 2024
13 157
686 2025
340 2026
397 419
2027 767
853 38
2028 120
470 2029
1238 2030
2031 229
623 994
963 574
122 1047
75 1914
475 26
397 281
2032 2033
497 47
882 780
2034 2035
369 2036
818 82
381 1781
77 2037
559 213
340 510
198 2038
97 2039
21 399
48 46
11 2040
584 47
1016 176
467 2041
1355 24
368 2042
11 2043
344 38
2044 871
113 212
1440 155
124 399
221 162
438 1393
11 2045
1153 26
21 148
760 415
11 2046
265 163
496 2047
139 2048
694 2049
458 2050
2051 26
1046 1842
1446 258
1274 17
97 381
38 2052
1656 17
2053 574
2054 2055
1803 1447
357 215
106 778
1159 162
150 607
734 212
11 1964
496 1450
892 158
625 47
38 1217
2056 2057
458 1305
1230 1235
863 97
41 733
834 960
428 1155
705 866
687 2058
224 42
66 2059
11 1545
1225 106
11 2060
2061 2062
1238 787
224 603
24 70
1833 887
1778 164
458 2063
359 2064
466 2065
73 93
1659 2066
17 2067
1964 668
1217 41
51 2068
525 308
212 2069
276 994
129 2070
62 452
38 1329
2071 2072
1003 1885
368 27
11 2073
1668 15
2074 2075
2076 38
43 2077
1774 47
93 503
11 1804
1397 117
97 753
448 1548
2078 109
43 2038
1673 93
221 2079
621 140
38 2080
430 2081
2082 1428
36 2083
1801 2084
547 1431
969 2085
11 2086
127 254
1571 1568
299 46
11 2087
1173 269
2088 2089
664 2090
11 2091
2010 2092
11 2093
2094 2095
1186 249
1442 1004
11 2096
2097 507
1956 725
82 1230
1610 324
219 97
1423 47
238 15
451 224
557 106
837 93
93 446
551 776
2098 2099
1393 88
161 212
1745 2077
136 1760
311 1734
474 2100
2101 711
416 452
2102 425
369 152
82 47
272 2103
33 526
2104 2105
386 457
902 2106
2107 93
721 2108
21 1444
11 247
2109 385
2110 2111
2112 2113
2114 1042
931 1216
1557 305
420 1332
1440 47
38 2115
62 2116
198 24
153 624
72 730
842 1788
504 15
754 24
2117 82
869 842
2 137
97 2118
1404 15
13 630
1641 162
1943 369
1217 1042
632 199
168 574
2119 386
655 172
205 117
626 887
344 46
11 2120
369 2121
2122 2123
1343 33
102 269
955 631
436 1490
1858 1548
2124 167
13 2125
2126 269
13 46
66 2127
19 1585
1396 2128
2129 2130
2131 2132
467 506
344 199
11 2133
467 224
43 24
2134 153
97 2135
853 2136
11 417
46 2137
1447 292
11 2138
458 418
600 2139
367 2140
97 1158
2141 8
1907 114
153 259
129 158
138 265
11 2142
776 122
590 789
525 789
150 1051
461 2143
343 2144
93 2145
46 723
381 817
176 1096
1384 2146
1071 2147
647 717
1851 117
1721 2084
368 201
2148 24
661 938
13 1824
2149 469
1414 2150
386 1333
48 2151
2152 1526
502 848
458 2153
707 38
2154 630
2155 15
972 93
458 2156
2032 2157
371 106
2158 2034
418 2
387 24
117 503
842 199
65 47
2159 212
191 2160
1367 9
1440 1173
2161 2162
93 41
1825 141
139 2163
13 41
452 1798
38 969
1580 162
11 2164
369 269
133 1027
600 2165
11 497
80 2166
2167 88
966 212
2168 117
2169 729
1032 476
310 2170
11 2171
2149 2172
529 292
2173 256
368 1038
2174 139
2175 1612
133 2176
53 2175
2177 172
41 1298
2010 1106
2003 93
665 2178
1440 559
1471 215
224 136
2179 536
559 1476
46 199
1297 1850
149 2180
955 1040
889 97
11 21
24 2181
19 373
224 320
1557 117
2182 2183
93 2184
816 552
76 81
588 565
38 2185
97 2186
2061 287
896 2187
1099 2188
452 1864
386 1494
2189 871
72 381
2190 114
48 1916
11 2191
1182 1348
947 127
2151 2192
548 24
475 199
337 199
11 2193
226 2194
2195 93
9 703
858 319
955 2196
11 2197
11 2198
142 1304
311 854
48 336
82 434
913 581
2034 2199
170 41
219 1371
276 817
48 2200
1038 2081
2054 1856
532 1596
1051 458
11 1555
1757 93
1138 1178
367 2201
1102 1464
458 2202
2203 153
89 2204
117 1007
97 2205
2206 574
25 117
89 145
46 733
2207 2208
11 2209
295 798
48 2210
340 1094
11 2211
696 2212
46 2213
2214 1151
537 2215
302 506
48 1073
269 1985
2216 1962
11 2217
89 2218
11 1610
353 2219
26 2220
2221 97
2222 26
722 2223
11 1716
2224 2225
2226 611
2227 1428
1071 2228
1910 2229
135 1759
1085 164
447 1548
665 198
2230 308
438 909
11 2231
2232 88
11 773
150 2233
386 1603
97 506
867 254
1313 114
1524 164
47 163
9 1917
2234 133
11 108
537 1079
97 2235
1379 994
38 632
416 46
224 13
2236 302
836 24
2237 532
540 2238
476 114
2239 18
340 2240
2241 24
362 1068
1185 38
1288 487
2104 694
2242 97
1186 386
842 24
1695 72
2130 2243
619 943
9 2244
178 2180
1102 257
2245 1232
458 2011
475 42
455 2175
82 1916
1315 1042
403 269
13 1294
117 2246
1200 989
112 399
495 2247
678 626
633 378
170 848
2248 509
808 322
2249 512
586 874
89 1981
529 106
805 229
2250 1232
1377 1457
2251 487
2252 2253
97 1603
97 2254
310 2255
842 452
2256 1072
15 1435
97 2257
603 452
1833 362
2258 229
558 2259
2260 1194
452 47
461 2261
330 2262
151 2253
2263 955
1163 267
1695 2264
2265 1833
2012 386
2266 93
3 1128
1161 2051
500 743
947 1421
153 2267
62 319
1135 212
2268 2269
2205 767
386 97
48 1593
908 254
139 1241
842 2092
2270 182
1989 249
2271 1022
282 1145
161 112
2272 24
738 24
2102 1108
609 100
93 1360
1332 1285
734 2273
53 520
1000 322
38 46
416 2274
2001 9
40 47
1841 807
527 254
1462 659
674 4
369 1503
500 2259
1599 47
2275 172
1197 593
255 2276
93 1217
199 1820
1636 2150
11 2277
1415 47
11 2278
1440 224
833 2279
11 135
277 1231
1205 2280
41 199
112 142
104 2011
458 2281
2045 2282
17 278
2283 51
470 1232
24 2284
1210 38
960 176
709 2285
2286 2287
38 1355
836 199
2288 265
2289 26
32 72
428 788
11 2290
38 212
867 1288
368 2291
2292 1151
82 1154
212 42
2293 2294
1843 22
93 47
1045 448
2295 536
270 2296
961 966
2297 2298
690 1066
2299 2300
381 1269
224 1185
11 2301
461 2302
40 2303
211 1360
301 188
2304 211
600 38
2305 458
707 24
135 312
452 320
1588 1147
151 2306
548 199
68 2307
151 2308
2309 2310
36 1759
51 1674
2311 229
11 850
106 593
340 2312
11 1586
82 2107
2313 644
82 2314
955 2315
82 2316
106 1412
1931 386
2223 969
2317 11
40 2071
1020 1291
286 106
11 2318
2319 559
2320 1147
131 212
141 188
126 1626
1459 211
89 191
1579 21
386 2321
881 82
386 168
2322 2323
1136 479
1037 82
2324 47
279 475
2325 2326
2327 899
2328 38
857 197
13 47
2329 2330
1673 82
2331 887
11 2332
11 1125
224 1130
1440 1961
13 509
385 631
1440 24
795 1809
24 148
966 26
528 1365
1952 190
2333 1061
2334 525
2335 15
256 362
716 1066
42 24
725 2182
2336 458
1604 212
82 370
11 2337
310 2338
140 1417
1179 9
1692 269
11 2339
658 106
2340 254
1383 1061
578 212
36 2341
594 1695
2342 2092
281 97
434 47
369 965
1870 24
1355 153
89 1459
1254 46
479 2343
68 2344
11 2345
1499 2346
15 198
2347 99
972 458
1355 109
304 2348
11 2349
48 573
647 41
452 2350
47 16
268 229
224 683
11 2351
11 2352
268 8
38 355
142 1258
82 2353
972 435
1510 211
2354 1194
509 2355
2356 1147
51 1861
48 503
704 785
224 2357
658 15
1985 1563
9 1028
178 1681
11 2358
2359 153
947 1278
117 2360
626 589
1260 47
2361 980
48 247
48 2107
2362 536
1315 229
324 787
2363 1490
2364 2253
2365 88
595 24
2366 2367
2368 1238
1652 38
1463 97
2369 26
109 1484
2370 1216
15 1710
1901 1421
273 212
687 82
2371 172
368 631
2093 1849
2372 117
340 478
292 1010
1580 104
11 2373
1798 2374
1471 2112
2375 88
470 2376
678 2377
2378 122
215 563
2379 472
1135 214
2380 871
386 26
279 224
97 2381
2134 536
2382 2383
47 943
11 2384
269 1566
97 2385
11 2117
199 1017
11 2386
704 2387
2388 1205
386 265
32 51
1150 524
13 2072
89 2389
243 2390
66 2391
9 491
340 41
1839 355
2392 24
82 2393
340 16
2394 197
438 93
1981 458
550 2395
11 1702
224 771
1743 467
172 2396
2397 386
368 386
514 1194
376 1640
1559 46
224 51
97 523
11 2398
1431 669
452 893
665 363
2399 2400
2401 38
2402 284
448 100
416 82
1851 212
458 2403
2404 164
11 2405
89 706
458 258
458 1738
2406 630
95 980
199 1448
1677 2407
299 1238
2408 2409
11 2410
548 97
26 375
386 2411
586 2412
38 1694
787 943
276 199
41 2413
444 162
1016 1974
11 2414
2415 514
9 428
48 2416
1440 46
82 320
672 158
2417 104
461 693
1190 21
11 1858
122 968
2418 2419
511 935
2233 854
117 2420
153 2421
541 2422
2423 38
2424 2425
2426 1759
1190 672
11 2427
11 1440
97 2428
2429 659
2057 2098
62 960
11 1558
38 148
131 2430
678 2431
153 2432
11 829
2433 104
2273 319
461 2434
1331 2435
11 379
1926 991
637 2264
548 82
1275 368
461 1211
97 2436
112 513
2437 199
97 2438
2439 2440
36 536
2441 2442
340 2443
2102 415
2077 2444
153 1208
11 2445
286 442
131 292
63 47
11 2446
2447 2131
664 2448
20 2449
1959 640
198 487
357 2450
1158 2451
150 112
93 16
1186 26
2452 527
1810 1059
972 2453
842 46
93 231
945 148
612 229
1430 41
11 2454
215 1096
140 1524
48 723
62 153
1238 599
458 1080
277 2455
2456 704
2457 1773
82 42
89 2458
311 38
11 2459
1205 2219
2460 184
1331 93
2461 170
386 1278
896 2462
2463 572
2204 1232
2464 139
733 893
199 1222
1420 1229
1045 100
1524 122
452 2465
583 1405
1851 320
2466 99
1338 2467
1417 2468
48 2469
2365 2
647 2122
261 142
68 1103
721 158
603 51
877 212
1153 15
544 2245
11 2470
1343 26
1120 1903
951 2471
82 148
256 2472
11 2473
1934 197
902 2474
369 2321
951 381
2475 626
2476 642
36 2477
186 199
2478 774
36 2479
2480 2219
268 146
97 1503
2216 2481
2482 38
626 1503
470 458
2483 414
2484 955
907 2010
904 1773
994 1969
1524 2485
97 1343
461 1080
368 905
927 2486
1586 2487
93 2488
1238 247
11 2489
2490 572
155 176
1610 17
340 1928
1168 1608
867 838
1426 384
1888 26
1700 2491
1878 1138
2492 2493
2494 1391
460 126
883 1073
99 1046
15 2289
1523 630
751 469
1849 357
482 272
573 41
661 960
224 263
2495 527
212 2496
89 2497
151 212
104 78
986 46
717 526
1309 47
97 719
82 2498
11 1251
153 229
345 2388
11 184
2302 487
11 2499
645 1832
51 506
243 2500
2007 452
609 1858
407 47
51 46
1104 1849
11 2501
1327 452
43 1798
162 1129
397 530
1665 15
82 1092
97 1513
24 1017
1445 89
2135 870
11 27
894 1217
1693 2502
559 384
416 47
828 2503
1217 110
97 2504
1153 258
2505 1608
2506 38
1139 2507
131 2508
2509 416
127 1907
2109 2510
386 2511
2512 24
78 2513
2514 2017
301 212
38 92
97 441
11 532
2515 46
11 311
1761 2516
2517 1337
2518 630
106 2
1279 2519
46 632
386 51
725 2520
514 122
2521 567
1248 15
1211 536
97 329
2522 24
2523 117
2524 188
457 2061
82 2480
685 17
965 88
1870 47
1008 458
11 2525
789 320
517 1110
77 2526
2237 1077
13 2069
93 606
795 2527
142 117
2363 2150
807 2528
1426 2529
1156 9
11 1205
472 2530
1353 355
2531 1337
27 17
476 2532
11 2533
2534 800
1946 93
2535 466
505 1435
2088 1928
276 48
1737 51
602 2103
525 349
178 1297
647 1376
1244 2536
2469 129
224 573
97 987
603 867
862 2537
71 2136
972 38
369 391
1099 2538
75 2539
476 1376
972 369
1956 1596
386 2540
994 1022
46 1405
1315 21
117 2541
224 1328
40 1703
369 989
1363 2219
1159 1285
153 2542
2543 1216
600 2544
11 2545
78 284
1952 338
2546 206
495 1299
199 2547
2424 2548
1333 199
2549 637
17 2550
2171 2551
2552 11
709 146
2553 363
2554 452
11 566
1405 2030
369 2555
2475 1476
1297 2556
153 2557
694 2556
11 2558
744 212
11 2559
117 106
36 1457
727 369
268 106
1756 93
902 2560
11 2561
11 2449
170 423
2562 694
131 2563
858 213
1261 164
1579 28
386 1224
1297 1216
11 660
286 1042
97 2564
2431 487
1173 513
908 2565
509 835
47 2566
150 435
458 1995
1360 47
2567 153
62 1580
21 1490
907 472
1971 243
2568 2569
2492 2570
1150 2571
2572 567
82 2573
2574 308
2054 1080
11 2575
2576 197
51 2577
2578 106
102 215
1448 2579
1557 904
913 190
2580 2576
11 44
2581 47
854 1058
2582 51
2583 153
2252 1194
215 103
877 1488
486 2584
11 2585
11 2154
1065 1232
229 2586
482 911
1106 164
11 2587
82 1555
310 624
686 2271
1595 287
2588 355
2589 372
1016 46
661 51
97 290
614 47
149 2590
2282 536
106 1538
545 2591
625 93
344 2592
43 46
539 2593
89 1129
1901 2594
97 1129
2595 1568
48 479
617 117
2596 212
695 117
2597 88
469 1833
82 2598
581 2158
2599 194
2004 212
2600 10
878 88
1130 38
504 1435
1414 82
541 527
836 46
812 162
1238 2601
2602 2603
551 212
28 2604
2605 133
1442 6
243 2606
38 1936
167 2607
845 254
2608 2609
221 141
11 2610
1254 82
277 1299
32 1893
2611 236
2612 1061
82 94
486 2613
414 882
2574 369
502 2614
218 524
153 2615
2616 251
461 1524
1949 2617
11 78
795 157
2618 2619
578 536
973 1847
1869 198
1421 399
383 24
1532 162
1692 212
961 229
614 24
416 41
2620 1151
2439 2621
26 2622
151 2072
1770 2623
1559 199
2624 229
46 2625
75 662
15 2626
62 1232
399 54
38 2627
238 563
1961 303
80 1855
1535 533
219 894
1758 303
38 1204
112 525
11 2628
543 2629
2630 122
581 2300
1395 2631
428 324
65 355
322 1949
741 1626
2632 117
221 112
43 452
1610 1238
2633 1844
2270 2634
2635 2594
2365 265
104 2636
900 362
1225 42
2153 507
1494 269
367 1232
762 38
2637 212
500 298
1032 26
1958 1490
521 1745
226 146
609 1046
2638 199
36 866
1659 2639
2640 2010
38 2641
46 351
478 24
2642 47
117 2643
369 2644
2645 93
24 1466
308 333
1925 212
97 2646
299 17
38 2647
11 2648
106 88
1131 2649
960 1773
11 2650
1777 269
527 2651
2652 2468
47 1328
584 41
46 2653
854 767
104 2512
1559 82
151 53
2624 367
415 2654
2655 126
254 255
334 17
2656 1571
441 258
89 1225
1560 117
1088 2245
865 47
2534 176
1481 1563
1314 2161
11 2657
48 94
606 1094
416 24
1838 2658
1430 452
529 1210
2659 1850
452 17
497 810
881 48
1194 2253
2109 592
36 2660
82 707
2661 24
438 47
51 98
2662 2663
785 1194
818 199
1498 423
2283 550
528 362
2664 254
82 2665
865 224
2666 224
11 2667
224 733
310 2668
1102 133
191 51
11 2669
221 875
2670 415
2671 206
11 2672
82 754
1559 24
11 2673
1254 41
38 2674
533 728
2675 2676
1160 2677
552 287
369 2678
612 2679
369 2680
311 2681
47 70
2619 88
528 37
660 870
685 2265
153 2682
395 2683
1548 212
543 126
1966 458
2230 2256
452 65
48 1255
1067 122
458 2684
82 2685
2686 2687
31 2688
578 176
2661 38
36 2689
15 3
2484 269
2690 2691
1051 251
104 2692
11 2693
76 361
11 2694
1230 753
920 1700
869 559
386 966
1532 338
2695 106
62 78
438 1503
2696 117
153 2697
369 2698
48 1360
281 26
1589 2699
386 269
141 1603
75 672
40 2700
80 2701
15 719
529 229
2702 47
279 15
1395 2703
89 2704
1787 644
11 2705
1337 2706
529 564
1807 100
521 11
11 36
617 343
2206 1548
255 2707
38 481
36 1802
11 2708
447 2206
149 2709
369 2652
771 47
1232 706
458 2710
384 2565
135 92
647 47
2041 229
95 2711
1255 41
146 658
709 405
530 42
369 1129
2712 2713
592 458
2714 2715
1508 229
603 117
386 131
279 320
1440 368
2716 2717
865 82
122 164
93 2089
1719 24
2718 272
1949 215
2719 2720
877 1187
1893 2721
11 2722
369 512
212 2723
787 1405
372 303
2724 82
47 817
2725 26
1016 82
798 242
2726 2727
11 1939
82 125
452 1949
340 2728
11 2729
1833 646
386 290
1121 2730
11 2731
369 2289
2226 1332
310 513
310 2732
491 38
2733 1232
28 2734
461 2735
415 1140
904 93
82 73
11 2736
2426 2551
552 1664
11 1841
598 733
1761 26
2289 458
215 662
11 2737
368 2738
1046 1548
167 631
1240 1079
461 2739
1502 190
452 170
1081 1878
721 398
2740 24
82 2653
2741 38
2431 476
19 1961
521 395
1202 2742
1557 2743
114 2744
2745 114
1185 199
541 2746
80 2747
921 198
455 2748
1020 2297
854 41
2402 2749
386 2750
902 211
2751 1843
842 1232
416 2752
438 559
72 565
162 2296
1130 24
269 2753
1482 131
2537 800
920 2160
82 344
1343 425
876 310
2754 47
279 1544
89 593
2755 783
428 24
2756 148
149 916
2757 28
1799 446
399 506
1446 97
854 46
368 1361
955 2758
97 168
2759 117
167 626
2760 765
275 269
2001 1238
1570 1128
1709 170
224 2761
510 458
2762 902
1413 24
13 2763
1911 450
1500 2595
2335 89
1309 893
854 452
2764 109
2765 26
2766 1162
1040 26
902 1032
1833 290
1037 2767
2270 25
2642 68
603 82
2110 2768
1768 261
89 2526
249 1360
2769 215
497 38
82 2770
1828 711
344 1337
318 100
128 1557
2769 2077
2119 26
104 579
972 251
149 1824
11 1085
658 4
1016 504
162 175
82 1073
378 26
428 41
768 2771
82 220
2555 1301
36 1427
36 2772
11 2773
725 2774
2775 536
2776 1096
1255 24
728 2777
11 544
11 2778
2779 122
243 2780
2180 1012
38 2781
367 148
11 2782
26 2783
11 2638
851 1695
47 2488
2572 1301
2666 47
2714 2784
2785 675
2129 325
221 727
2786 4
33 15
867 158
1090 2787
139 2788
491 788
461 122
2508 176
151 2789
721 2790
324 2791
11 2792
80 2793
1357 46
106 300
112 51
452 323
616 2794
97 2795
2796 305
1953 938
902 2797
40 1274
1652 1782
11 48
709 1010
2798 26
467 254
2799 117
633 1178
11 2800
142 607
2801 2802
1918 24
11 1759
2803 47
368 1238
93 2804
11 2805
215 2806
11 988
2807 8
221 209
191 630
153 2808
2675 2809
2810 2556
170 17
224 2811
1075 808
219 1136
1672 8
2611 38
11 2812
48 2813
2814 191
47 199
600 93
82 2350
2815 11
2324 1530
728 778
369 2816
762 82
386 2644
675 1041
551 829
1939 17
140 215
2817 2622
721 2818
586 330
1351 17
97 994
2293 2819
2509 425
369 1894
139 418
117 557
2820 1376
40 632
470 668
543 1074
386 458
11 2821
490 2822
564 2823
787 17
104 2824
1901 1937
11 1559
416 2825
2226 2826
153 2475
474 1914
212 2827
2695 728
292 1301
478 38
1616 533
26 1098
104 421
82 1694
2828 117
1961 538
2511 26
296 2829
269 2010
11 2830
725 2831
947 767
272 175
276 452
2258 51
2032 2832
1573 24
532 2505
368 2472
1659 536
2828 254
1321 47
461 750
97 225
135 2833
48 2834
552 256
228 172
216 229
11 1191
368 2835
947 13
11 2836
844 2837
1586 2838
367 1594
2839 834
11 760
28 2840
2841 2480
955 1998
1130 47
199 2842
2843 1573
867 1216
1974 21
11 888
95 2844
2845 574
1694 93
265 1241
11 750
69 136
477 1562
2846 254
2847 2848
976 2849
368 97
11 1299
28 729
1440 82
1969 1297
1309 46
1414 109
2077 2777
1159 960
532 1888
2850 2098
151 268
2851 8
2852 1700
470 2853
255 2854
1423 24
84 38
514 212
2855 2856
26 2822
11 1024
1186 1693
2857 122
48 1217
47 2858
336 24
1185 24
1498 694
153 2859
89 670
41 1784
900 1297
212 2860
2861 1068
2862 2817
11 723
986 47
438 2863
1471 1834
38 1756
751 1566
46 1028
2864 530
458 158
2865 38
574 2866
224 1255
1054 41
11 2867
312 2868
165 2213
340 2869
1031 502
1003 1450
1238 690
690 2
1080 630
367 907
78 190
381 229
2870 13
682 452
782 877
1054 46
369 117
1037 46
131 690
112 1623
2871 214
1061 1431
2764 450
34 2872
600 48
153 2873
224 1017
795 2279
162 662
1179 367
750 2874
978 24
1138 42
68 1129
11 2875
149 746
584 46
509 938
2054 2876
497 48
690 41
2877 190
854 2011
506 1277
117 2878
80 2879
38 144
15 2880
46 2881
685 43
2119 97
865 46
48 2882
38 1017
2883 212
2226 2884
1145 2885
1071 2831
1918 46
13 1571
27 97
11 1038
1238 325
707 458
93 2886
579 88
2887 4
11 2888
212 2889
1569 1385
2890 774
2377 402
1555 38
11 2891
2892 1484
492 316
1934 53
2893 1437
2894 1602
362 1010
47 2895
285 767
495 2896
583 46
146 254
2226 2897
2898 1072
359 2899
452 1784
1345 911
2572 1153
153 2900
1253 26
11 2901
11 2902
1222 24
924 405
448 1140
454 199
495 1061
1598 527
2003 47
2903 48
11 2904
277 2707
11 40
607 911
511 479
11 1061
11 2905
26 503
9 2030
49 24
529 2906
2907 122
1147 2908
368 214
48 904
71 1953
2909 693
1681 2910
238 369
551 78
1025 9
150 972
340 2911
557 1893
215 2912
808 1508
198 1798
2913 24
600 175
89 96
2914 664
48 156
363 2688
99 1548
336 199
1274 1238
564 2261
82 606
2915 2916
48 2917
400 47
357 103
1946 47
75 2251
1127 741
311 2918
65 1489
97 1038
2919 26
112 730
11 1917
279 2276
1812 2565
151 2920
11 2921
558 298
138 794
82 2922
2923 2245
2924 148
28 421
93 2881
256 79
51 25
1046 448
11 359
556 38
2925 261
112 995
2926 469
395 2027
403 140
2927 2675
186 46
212 2472
366 2928
525 117
2929 606
100 37
2002 103
1586 2930
328 2618
434 46
955 2289
1153 479
254 2931
11 2932
367 2564
2285 1162
275 2933
842 47
82 1355
11 2934
9 632
565 2935
1211 2733
1601 78
363 2448
807 1606
2936 26
1190 661
491 324
448 2937
1190 2938
452 1360
1441 117
316 2939
838 458
436 2940
961 1189
972 452
1917 17
881 452
369 778
1165 617
487 2941
2942 153
2392 38
744 369
1503 1674
20 2943
82 199
2769 567
2417 203
2253 911
82 198
11 2131
11 984
458 300
1327 481
1291 2944
112 1601
2945 871
136 175
902 2946
2947 2095
672 1147
11 2948
97 287
1071 2949
2950 106
1055 198
616 354
2388 559
793 1851
2951 199
642 254
783 2952
368 2953
1210 877
11 198
513 117
617 26
11 2954
2955 229
2093 2491
89 2956
1430 199
2957 1019
559 1162
748 2958
1774 38
386 2555
481 733
2318 254
167 162
955 2959
310 2960
902 9
564 343
1993 117
415 994
1695 1094
2961 2962
1202 199
550 2593
80 2963
532 2964
961 1128
2965 2110
11 121
78 2399
616 1072
11 2966
2967 1094
2635 2582
75 61
2968 2
2969 644
1054 38
26 726
239 870
461 960
74 8
2970 28
11 2971
340 2972
93 573
2051 229
862 259
834 1048
109 126
2017 554
525 2282
2973 1147
2974 938
771 131
674 706
82 1218
117 1128
1778 2975
2324 2976
1396 438
112 520
1333 212
2977 765
2968 330
72 2644
2403 88
2559 206
771 38
1309 41
53 1898
48 1355
117 443
771 199
47 320
649 2371
381 2216
97 2978
48 1331
2979 678
725 819
2980 2981
2982 97
1275 2983
415 1201
707 381
355 2984
2985 2253
97 457
11 85
556 24
2986 276
75 1080
6 2980
1051 97
13 2987
725 32
721 1814
448 1176
1712 38
11 1341
489 26
221 990
1459 788
102 76
97 2988
2989 2990
2423 2991
97 970
221 212
41 370
2974 2992
386 808
13 1565
11 2993
328 469
1037 38
369 1232
590 1843
11 2994
545 2995
254 1608
451 1433
38 573
82 1065
2289 536
2996 164
1032 2997
573 46
2998 256
368 2999
11 3000
415 17
386 320
11 1870
282 559
308 54
960 1406
150 3001
2011 1079
665 2553
11 920
452 186
632 172
150 212
927 3002
117 3003
556 17
11 3004
11 3005
2046 15
48 13
72 703
11 3006
211 846
1672 117
3007 38
458 690
1194 1232
416 38
277 3008
324 733
275 2160
3009 215
224 171
368 1173
448 1849
578 486
145 93
226 310
1555 24
344 1808
3010 51
97 572
556 48
1699 3011
82 3012
97 3013
221 863
578 243
89 3014
275 527
532 24
525 212
11 3015
3016 540
1580 117
282 197
476 1207
224 583
3017 3018
383 41
881 224
578 1808
191 106
268 68
11 1363
145 381
80 3019
793 3020
11 3021
355 155
660 2462
1137 626
447 99
865 24
1867 1194
1459 46
461 3022
3023 176
212 3024
1209 79
1022 524
1573 3025
3026 405
104 2524
2053 1773
1297 2175
1005 671
475 198
3027 97
89 3028
272 3029
533 1061
369 1238
36 967
619 211
2401 24
874 343
97 229
3030 188
1430 47
3031 644
535 536
13 1079
11 3032
2089 46
527 2899
458 212
586 109
461 1688
47 1381
1046 624
153 2017
340 1665
612 500
3033 88
1144 47
1274 324
105 136
11 3034
11 3035
458 3036
269 3037
243 2594
82 3038
46 42
1067 51
24 817
219 476
51 2622
2832 355
48 1853
2754 224
1232 1068
81 967
490 1128
851 2245
11 3039
11 3040
38 584
13 472
345 104
782 269
3041 194
368 3042
2443 15
11 3043
1952 176
340 1951
386 1072
973 3044
994 1079
117 1066
3045 871
11 3046
1648 303
369 441
324 475
428 38
3047 51
104 1332
97 2220
3048 2
224 434
15 3049
3050 164
818 224
454 487
525 938
486 279
1069 1773
1150 1580
1595 2296
1110 452
549 122
46 893
21 564
894 1659
61 968
2032 3051
447 100
1659 26
1058 26
1438 2510
397 980
1375 1420
2206 448
215 3052
82 2569
274 2851
3053 403
48 3054
422 579
32 89
3055 2961
1440 194
704 627
3056 1883
1433 590
1317 24
1838 114
1037 93
3057 38
11 3058
11 3059
24 3060
11 3026
235 3061
1153 131
2831 438
121 536
2811 199
525 78
310 406
212 3062
3063 870
1879 3064
474 8
75 3065
224 762
47 537
415 13
3066 11
3067 487
1073 47
215 3068
99 3069
2699 2720
530 871
661 564
3070 114
1238 2300
9 481
2862 3071
211 343
3072 637
3073 47
3074 2039
3075 3076
367 3077
128 586
11 3078
1430 24
369 212
378 97
3079 2546
3080 330
2689 775
212 3081
854 3082
381 3083
386 3084
529 1301
552 2760
966 1128
38 483
458 286
1075 97
139 273
11 831
11 492
68 989
904 3085
140 537
2608 3086
1337 2010
11 3087
896 3088
38 1360
11 3089
1688 2733
1046 100
11 3090
1859 3091
1995 26
2814 1974
11 3092
11 3093
249 198
1009 229
113 1277
340 2880
2136 1162
11 371
771 51
11 3094
3095 338
709 54
157 216
2102 918
1393 1216
74 452
11 3096
461 983
386 1173
1016 1353
2985 1194
119 386
3097 47
194 3098
11 3099
397 1890
71 78
3100 310
3101 428
76 292
367 2449
11 3102
1493 310
11 3103
285 1061
514 153
104 229
224 3104
574 3105
97 1806
82 428
988 48
357 360
558 1437
97 3106
2131 871
20 303
1395 2619
2102 368
3107 47
1640 3108
454 24
48 2284
11 3109
2251 215
369 523
805 106
11 583
497 1426
162 1856
386 369
82 3054
631 103
545 3110
647 38
131 259
1120 2104
117 3111
1830 47
6 1038
564 362
150 730
578 190
11 537
1260 93
15 3112
2796 255
51 1953
48 872
1074 88
955 1206
3113 24
660 2508
3114 2687
93 320
97 593
1928 15
368 2642
497 24
795 3076
2788 993
11 3115
11 3116
3117 1850
48 2811
3118 251
40 247
15 1009
1500 310
1658 1081
11 3119
38 733
214 563
151 1473
89 1168
369 290
308 1490
68 329
3120 46
355 199
617 2556
11 2122
176 968
1478 3121
3122 97
836 47
3123 935
68 587
1190 452
357 2042
367 2173
1624 197
1688 61
390 2521
199 200
3124 1406
82 7
2333 386
82 837
695 1250
82 3125
371 378
146 2999
93 3126
1430 114
274 21
631 567
177 492
1442 3127
82 823
345 13
11 3128
2364 1194
1688 122
336 38
11 2325
1586 3129
660 2909
3130 97
26 3131
21 1421
3132 813
13 2049
1858 448
48 771
140 3133
924 51
2754 82
1695 3134
138 2
1085 3135
1471 458
3136 18
48 3137
3138 318
1159 1332
588 146
3139 1329
1360 24
658 1893
1580 783
703 106
229 1129
2779 276
78 256
47 3140
363 3141
46 943
3067 490
2974 3109
414 3142
3053 3143
898 328
2120 2098
11 3144
2838 750
3145 1701
606 2606
1640 3146
2439 785
2696 269
551 79
3147 1617
11 3148
1922 943
994 678
82 170
527 3149
177 788
139 2320
51 3150
955 658
461 536
11 3151
1430 224
310 2285
3152 1478
11 3153
778 1893
3154 109
97 485
1088 89
11 3155
1793 24
3156 2102
558 656
723 199
93 3157
2001 46
489 428
2113 3076
80 3158
3159 15
955 2651
1016 355
89 2950
82 907
112 469
1456 97
590 3160
1375 136
1044 1503
42 3161
556 46
2270 2896
1071 3162
1817 3163
133 3164
2160 114
151 3165
3166 212
386 3167
38 933
238 1863
3168 606
972 3169
1444 3170
3171 1652
117 2619
617 1808
11 3172
82 16
1974 157
675 1232
2663 1297
26 2472
11 3173
113 369
664 3174
3175 88
368 353
904 2649
340 310
11 3176
386 3177
3178 24
837 47
2983 461
41 47
43 38
529 162
497 82
1974 748
51 175
276 38
914 1176
207 30
390 3179
3180 324
2089 24
1532 339
11 951
1054 220
43 82
3181 214
1164 536
11 989
71 703
509 901
1759 3182
3183 212
212 670
38 3184
46 2565
11 1434
32 42
133 3185
1912 3186
369 2
3187 854
11 3188
362 587
261 3189
579 537
3190 415
867 3191
1459 172
1757 24
371 89
353 911
11 3192
1290 790
48 3193
75 122
1673 47
678 3194
2172 22
268 26
339 3195
212 236
190 3196
150 658
357 3197
2244 1238
393 1127
445 1814
38 16
11 3198
2782 1042
15 1207
1137 572
1535 1210
170 1009
135 1303
89 3199
469 369
9 994
559 78
3200 148
46 2350
11 1548
89 3201
89 2071
11 2219
40 1610
3202 1061
353 114
2268 3024
139 106
224 454
3203 8
276 469
11 1703
278 199
11 1243
249 1990
839 536
3204 97
600 1313
371 1238
36 3205
3206 1444
340 870
273 148
2555 567
1619 3207
1130 487
436 269
277 1061
877 1590
212 122
2423 82
1334 1924
1656 46
368 229
82 1756
2820 559
48 1405
310 631
853 46
153 2342
3208 97
858 1103
593 536
436 1030
97 690
1064 212
451 93
428 1238
97 658
48 3209
369 3210
368 563
783 2409
369 3211
370 199
2088 1298
46 24
466 537
140 662
474 325
1430 46
3212 38
109 2555
340 1136
2724 224
212 3213
38 147
558 153
1636 148
2702 837
1714 2449
660 529
48 491
215 3214
452 1918
282 3215
3216 15
38 882
97 2555
46 1222
97 458
828 97
1869 17
97 1058
452 606
2112 960
3217 93
151 1835
13 1151
2663 3218
329 88
1196 1120
2426 405
38 893
9 177
3219 88
308 1061
838 829
317 1277
674 164
2334 42
1169 630
3220 1406
11 3221
254 390
2638 896
3044 1194
896 3222
15 1094
1357 48
224 446
367 3223
2160 960
530 1068
1374 162
397 532
2482 871
82 904
672 1914
2980 3220
3224 46
3225 3226
80 1057
46 2080
135 2649
277 3227
1959 76
310 3228
731 863
647 3229
721 639
1532 47
2113 1617
3230 2095
3231 1194
406 325
2293 3232
1084 46
11 3233
1530 2988
97 418
874 539
1898 3234
695 26
9 299
299 24
989 3235
678 572
269 212
500 3236
704 3237
1357 38
750 474
322 3238
32 789
3239 197
275 242
877 631
11 1388
199 171
1695 286
184 24
3240 1567
3241 472
112 3242
907 47
3243 1090
2745 955
647 48
286 251
62 3
21 1557
357 3244
3245 2846
1939 9
2712 835
104 1086
637 401
2485 1085
3246 211
876 368
3247 38
980 1428
369 1173
265 1418
82 614
1444 2282
3248 15
1854 980
11 3249
1442 1216
664 2135
600 3250
38 3251
1396 13
3252 644
1190 662
51 2444
277 3253
23 38
489 97
359 1626
3254 955
978 265
3255 229
162 1594
3027 117
89 901
862 2172
397 3256
11 3257
3258 229
842 1120
1590 765
212 148
51 1835
340 408
1453 333
13 579
26 3259
369 1189
1524 61
48 1017
1377 866
1309 172
438 76
355 47
829 552
2058 717
3260 11
11 2647
3261 11
870 253
38 3262
48 370
2409 26
1672 1824
955 1663
785 1406
308 157
254 1294
3263 597
2082 2910
428 47
27 428
192 114
386 3264
1942 1232
368 251
11 3265
3266 415
829 776
1032 1709
2607 3267
3268 24
368 533
97 3269
1557 1297
3270 3271
3272 393
660 452
458 2428
299 452
11 3273
2730 2651
153 3274
2270 1632
947 676
243 3275
11 3276
89 3277
11 1360
337 1337
3278 3279
11 3280
2569 2196
2226 2289
989 106
1307 635
685 486
49 93
3281 176
46 3282
371 38
805 97
704 1194
170 24
11 3283
624 1626
369 3284
184 93
1894 458
1099 3285
1038 425
3145 117
1852 164
584 24
97 2121
268 369
774 2534
326 1094
89 286
913 1191
704 1867
13 206
434 199
224 921
72 1894
97 859
744 536
3286 368
3287 109
793 2383
3288 114
458 3289
17 199
3156 861
1524 536
80 3290
451 24
340 2343
373 303
11 3291
1737 513
3224 452
224 337
609 447
38 3292
695 153
48 1203
616 1949
1859 254
980 3293
1414 24
72 658
9 1448
281 285
672 61
257 2239
2572 532
3294 1099
343 1431
254 536
894 3295
617 458
598 2350
15 2343
97 1077
741 630
658 706
3296 3297
82 301
721 3298
3299 3300
89 2201
3301 117
947 254
1143 199
1016 40
881 46
1462 527
1187 1914
2165 343
1111 41
226 1176
97 1492
97 631
48 170
1704 42
212 3302
153 2257
1332 93
1693 960
46 3303
104 1080
3304 172
2423 47
9 3305
3306 355
393 3307
704 2260
751 3308
653 4
11 1212
602 1843
543 746
1067 390
3278 3309
369 300
139 2677
3310 452
524 644
446 832
760 269
491 481
46 3311
3312 310
243 2255
286 1893
458 1334
2695 229
1702 38
687 1197
731 3313
2383 980
149 3314
1367 17
384 3315
469 513
369 2596
632 17
492 733
579 1018
1143 224
853 212
11 2983
2068 188
1745 1180
276 24
97 3316
3317 28
1444 1187
1089 97
2136 22
102 1914
324 379
62 3318
1143 82
1787 215
2608 3319
1928 479
548 224
224 46
15 408
82 1918
2010 960
326 2785
2424 3320
428 481
609 2206
842 3200
2288 88
1 97
3321 1478
3322 1617
3323 1898
707 93
40 3180
3324 783
11 3325
28 3326
2549 3327
631 536
2571 199
335 1517
1620 36
2054 26
661 269
2740 46
728 229
338 1401
3328 3329
11 3330
63 678
2104 1788
3331 918
263 199
38 2653
11 3332
469 258
2142 1100
3333 1990
436 1794
877 78
2909 146
422 1596
212 3334
194 3335
11 2600
1396 3336
11 3337
3338 3339
616 2990
104 1076
853 2195
38 3012
481 136
2112 515
466 3340
3341 644
5 97
3342 1457
527 3343
2544 3344
340 3345
3346 1066
474 1108
89 336
218 980
853 452
161 477
11 681
647 82
2270 1653
9 762
11 1562
3347 117
89 530
1124 458
617 176
559 2136
1234 3076
3348 1595
15 741
1695 1232
78 1490
658 714
3349 536
48 1328
1430 93
82 733
795 2104
687 46
1759 1742
2619 3350
11 2590
835 631
3351 11
82 2488
240 11
302 212
17 1222
41 479
48 1222
691 198
13 553
13 199
1952 207
854 3352
552 1982
825 3353
68 3354
2088 153
600 2282
3355 564
527 3356
2420 1571
2998 26
89 2036
97 320
38 1073
97 3357
53 131
1156 172
340 777
1675 452
731 3358
1640 2523
900 931
9 1518
177 1405
82 3359
1138 229
600 1048
3360 41
38 579
870 197
150 32
1695 544
445 212
286 212
11 3361
3362 3363
326 3364
82 483
513 1072
3365 527
251 530
24 893
13 2556
36 3366
2968 106
11 3367
11 3368
598 46
3369 1503
221 72
48 337
3370 172
68 3371
97 3372
1922 17
117 1241
68 506
51 3373
224 3374
11 339
3227 740
3375 960
545 3376
385 524
1580 664
3377 229
3378 218
46 1073
405 1129
11 3379
11 3380
774 3381
277 3382
750 3383
297 1470
2206 1046
150 1953
367 543
3384 381
308 343
808 61
3385 3386
142 829
2000 3387
1559 1259
3278 3388
687 24
93 3389
612 497
153 2679
51 105
32 3390
224 170
3391 2660
1853 93
1067 325
279 3392
153 3393
461 139
1459 452
265 3334
13 829
224 198
871 3394
11 33
97 1632
133 3395
3349 385
51 253
3396 3397
47 3398
2388 3399
683 199
1815 932
46 3400
762 46
170 46
212 3401
3402 3403
48 1980
2516 3404
255 940
2272 38
51 259
40 3405
2182 835
658 120
2120 3406
2974 1490
3227 606
199 3193
1912 2879
2992 3353
2688 554
3407 3408
397 3409
589 1232
1255 47
212 745
1688 530
2010 229
461 662
2388 1162
149 3410
2582 994
369 1018
818 47
2974 1042
2608 46
109 78
1446 229
235 258
80 3411
283 265
565 148
151 3412
951 798
1261 3413
3414 630
48 877
1179 1238
97 2273
41 3415
38 2480
89 3416
266 261
1156 481
11 3417
600 72
2184 199
2113 190
3123 1232
1313 644
322 730
3418 442
2270 1404
336 47
448 1842
534 47
63 767
1313 813
117 931
3311 24
1197 172
458 915
1016 89
11 1176
3419 3379
768 218
1102 1490
11 2258
11 1612
140 414
11 329
36 563
254 3420
82 683
486 1079
820 703
461 968
1145 3421
626 810
469 3422
3423 3424
3425 659
1624 858
89 3426
3427 2717
265 106
1695 3428
133 3429
3430 1072
1604 133
3431 215
458 3432
212 199
3433 540
89 2420
93 1329
3434 148
400 93
224 972
2817 960
3435 532
2672 3436
3437 47
36 214
38 1523
1580 26
3438 117
210 2991
82 3439
1599 168
3440 229
399 1297
490 2
221 1153
261 670
1956 261
469 381
2418 3441
862 1153
270 254
1692 955
1974 355
2172 769
931 229
469 1066
1016 38
48 153
467 1225
11 3442
3443 1880
11 3444
11 3445
334 47
2785 3446
534 24
1494 630
11 3447
386 308
467 1313
3448 357
38 158
243 3449
1274 481
624 3450
476 126
762 47
133 3451
3452 1602
2576 254
472 537
97 1612
78 1061
566 1147
3453 88
1737 1147
1559 452
916 1664
178 2555
3454 3455
1297 1079
842 38
458 2
3231 2253
492 1833
3456 3457
674 3458
9 320
140 81
2255 164
48 74
46 320
889 1205
2100 3170
3459 871
369 2384
3460 1061
357 2179
2334 15
502 389
89 1094
47 3461
470 3462
322 1926
46 499
2030 788
2330 2828
140 1888
768 97
32 117
308 162
2334 97
3463 3186
1946 38
9 2067
2803 2025
38 583
678 1698
256 2959
674 190
368 593
11 851
3464 1216
340 2410
51 2597
1146 30
1532 199
2689 176
336 46
1918 47
836 82
41 198
458 798
374 3465
3466 104
368 215
971 24
3467 513
41 723
823 24
3294 368
3123 1412
47 148
902 3468
82 625
3469 711
153 3470
1947 935
513 458
2196 229
313 47
1071 3149
89 72
82 1317
853 214
3471 779
3472 989
1726 882
3473 1773
1016 11
576 26
3474 2442
3475 916
192 3476
452 1448
564 1744
3477 38
564 1261
310 1777
1071 2239
1259 1339
3478 82
2877 368
442 1039
1839 632
3479 38
487 3480
3037 197
687 48
64 911
1502 3481
11 3482
219 95
40 3483
1016 41
11 3484
359 1114
312 162
3485 2017
758 24
93 479
48 1918
502 572
151 2273
82 1415
678 1476
3486 955
76 452
2665 24
281 513
157 2533
340 3487
947 290
3101 386
2134 458
330 1903
1849 3488
664 3489
3490 61
11 3491
41 2550
2330 1464
1726 13
215 960
11 3492
11 2297
1147 307
3493 536
583 47
3494 1478
811 104
1580 458
310 2402
146 448
458 1775
256 3495
600 2031
451 46
774 357
2661 47
72 532
194 668
1777 47
11 3496
11 3497
584 452
1851 1476
829 78
89 2721
1614 2135
261 3498
2372 251
93 2858
1914 3214
1814 2100
11 46
369 2490
2828 2118
11 3499
46 1300
600 1789
916 1759
2807 215
3500 197
269 292
3501 3502
93 3503
3504 139
3505 854
224 1222
1966 251
1601 24
1090 3506
133 632
36 75
153 2752
369 676
2233 97
215 292
458 1224
1567 574
696 254
3507 24
11 3508
2426 1042
1957 254
283 8
602 414
26 155
11 647
1956 3270
452 1300
1824 3509
1824 474
97 3510
3511 212
456 3197
3512 1541
1165 13
3513 26
1331 38
1054 82
383 955
1939 41
1396 3514
452 723
609 448
357 1133
310 607
534 38
686 175
215 3515
1016 24
385 593
2126 1216
1079 3516
11 3517
721 3518
381 626
818 38
1712 479
2925 774
2109 2597
38 1222
2122 72
48 1232
369 875
68 1905
1903 229
1120 3519
78 197
3520 3521
178 282
1309 1405
11 3522
1649 93
1440 262
41 787
279 3523
1020 42
1073 24
1476 1216
3524 47
2716 767
558 3525
21 289
837 2622
11 2730
690 418
1139 215
11 3526
11 3527
509 3528
649 3529
3493 172
631 106
1841 381
371 17
41 2882
1190 3530
3531 176
11 3532
3533 1563
36 61
2632 2
2335 461
3534 192
415 1260
3535 172
85 44
1073 943
382 88
470 3536
368 543
2423 46
3537 333
479 114
224 1251
117 537
28 3538
13 1850
153 1298
1000 789
1484 1010
48 2665
1179 40
1440 38
458 3539
279 1336
3540 305
212 126
243 1145
403 1562
3224 38
1185 3541
3542 15
24 16
495 3543
3544 212
109 1549
2285 960
2516 3545
11 2595
11 3546
82 1757
1137 2613
291 993
11 467
612 695
1943 106
369 3016
51 1009
637 3162
224 355
28 3547
46 1255
492 787
81 3548
685 40
1146 207
38 49
62 2171
2036 106
89 2356
17 2030
728 676
3549 215
3550 2848
3551 2054
357 3552
1839 877
1065 24
151 1295
82 336
3553 229
1348 24
11 3554
452 263
224 186
403 258
38 3555
243 390
647 224
3556 659
3224 199
36 1889
1440 3557
117 3558
2289 117
11 3559
2134 26
1345 212
11 3560
326 1376
224 344
114 911
11 1922
11 1978
38 3561
219 563
9 3562
783 3563
1693 1038
2747 2609
434 452
416 199
3564 3565
93 3566
133 3567
881 199
3568 120
3569 1145
316 788
2135 1128
2363 162
1430 3570
1217 47
198 320
3571 133
51 3572
849 338
47 171
286 117
89 3169
97 3573
1145 167
551 607
1153 369
896 3574
150 2940
399 120
854 2010
62 1720
3575 631
594 15
11 3576
13 3577
3315 122
224 1675
62 3578
864 500
607 1490
2293 3579
371 47
1601 106
11 3580
973 1202
3581 357
672 229
795 1498
224 1918
972 24
452 3582
38 220
11 3583
3584 47
1916 24
292 103
2817 11
82 2625
3585 88
694 1833
114 2786
369 320
1249 3586
48 2304
545 3587
452 1063
89 544
1082 89
2001 893
2017 2818
2376 2017
1559 38
3588 541
452 2184
1121 3541
1073 41
11 1259
451 38
399 236
1005 1410
11 3114
1121 1557
2841 255
2754 24
552 1596
1378 458
9 3589
80 3590
751 141
428 492
38 163
38 1260
310 1898
529 61
11 3591
221 274
367 256
3562 17
3592 1238
3593 589
24 575
1349 1353
220 626
782 255
1467 103
11 3594
870 3595
3596 140
97 2482
97 3250
3597 3598
23 47
2058 882
3599 664
1675 458
2270 2042
2320 26
470 2420
38 3600
46 148
1898 1566
916 536
14 93
97 3601
1468 51
3537 2720
2135 197
2625 199
3602 117
11 3603
2588 472
476 229
68 3201
381 26
82 584
678 741
1815 3604
11 3605
162 1632
2719 1470
899 3606
97 1168
564 662
38 3607
122 3608
97 3609
721 1478
3568 146
1396 3610
3611 265
95 2082
1016 505
80 3612
889 520
145 3613
3614 1229
11 2546
3615 414
369 15
3506 472
254 1240
1005 967
368 1187
89 1613
470 1568
687 47
878 993
1484 126
3616 386
1277 909
41 171
3617 269
1565 3618
1777 24
20 1961
11 3619
420 3620
139 3621
1254 38
140 3622
762 199
51 452
1073 199
80 3394
862 2540
46 3623
797 97
26 3624
11 302
120 236
367 3625
11 1270
725 446
3523 198
373 3626
11 3627
1820 3628
11 863
11 3629
82 3630
13 288
588 1009
172 3631
521 1898
624 741
904 24
2582 58
1624 44
3632 26
3633 41
3235 88
386 259
89 3161
215 1080
658 42
357 960
36 2100
454 47
42 199
46 3634
3635 574
367 3636
1089 369
551 1209
1120 367
818 24
1173 1128
1851 308
2983 1586
2090 644
458 3637
48 320
2112 2654
28 530
11 2686
945 355
3455 1608
82 1466
603 458
146 966
3638 644
466 13
3065 213
2388 2136
509 117
3201 425
3639 567
1227 122
3281 1489
415 3640
660 1331
11 869
95 3641
1242 1990
1197 624
340 2605
509 254
882 1059
104 559
28 3642
1225 1893
660 1233
877 198
816 93
1004 319
199 3643
1298 47
82 3644
609 1842
3286 68
3645 2083
215 968
3646 1850
359 3197
276 41
3647 647
151 1992
336 93
2216 254
11 3648
452 454
690 8
11 267
80 37
112 3649
38 171
626 229
212 3650
1241 536
207 1431
1672 644
47 969
346 3651
3457 630
3652 2485
1378 26
11 604
381 550
146 3653
3654 2619
381 1061
2621 1470
1584 3655
1619 3656
28 3657
616 3658
1778 3458
82 3659
1843 1469
3660 8
469 22
3661 1216
3662 694
82 2746
1589 148
863 369
3663 212
386 3375
133 2630
470 1106
456 2064
386 3664
2334 106
1532 3095
581 3665
117 3666
1260 24
2688 212
268 368
495 624
662 61
3667 721
955 158
112 302
2054 386
149 175
47 589
1579 3668
526 258
11 364
913 2100
3669 199
929 269
340 1153
97 1750
1396 904
960 122
1440 199
38 1300
3294 3670
3367 97
500 3525
3671 3672
1421 617
631 306
867 418
874 51
11 589
344 24
395 1258
486 994
386 2534
254 362
11 3673
13 24
47 2096
340 3674
95 3675
11 3676
556 47
151 3277
461 3677
3288 170
11 1046
254 3678
52 1009
11 3679
369 3680
2869 15
3681 559
72 1395
170 47
97 1210
955 1632
3682 3683
120 909
368 1224
3024 176
1241 88
38 3422
224 969
386 2051
1726 1742
637 3684
543 533
504 47
728 362
2334 369
11 1949
1721 536
368 384
1309 492
72 670
117 3685
948 369
226 1046
97 2036
540 3162
24 320
1737 877
1045 1548
665 43
428 452
1949 3686
162 2175
82 3687
11 145
386 2
76 61
11 112
537 176
703 213
11 3688
600 73
777 1079
279 3634
13 1466
11 3689
586 254
3690 214
9 1383
11 890
2426 229
82 854
2567 472
299 47
1635 442
638 215
82 1873
1145 3691
2003 38
425 2619
41 1328
2516 3692
460 88
248 15
78 730
3520 3693
1557 863
2572 415
3694 2573
3277 106
904 26
550 3695
97 742
41 332
1956 730
333 2753
717 256
133 3696
97 217
2851 644
51 1442
13 211
132 190
11 3697
3698 1194
3699 3700
2426 935
3701 176
47 1466
133 3702
3703 340
564 3704
1436 88
11 3705
3623 198
2270 308
11 3706
1216 3707
367 2968
133 3708
367 163
1744 164
11 3709
3483 17
3710 136
11 2665
2746 47
820 3711
415 1469
1459 324
46 171
2053 122
1003 3134
131 662
2335 51
1238 475
1191 425
36 357
1281 3712
277 3713
438 693
2661 854
662 1096
211 2303
224 2465
1099 3714
80 175
3715 3716
199 148
3402 238
1029 114
165 3717
386 3718
11 3719
3314 1137
224 276
3473 122
266 112
78 2728
317 947
824 343
2401 17
1124 97
694 1942
82 3720
11 3721
1577 158
383 82
369 3722
36 104
46 370
3723 2954
617 536
1775 88
1 369
2405 38
2551 418
21 969
1931 2
795 343
896 3724
131 2053
82 24
359 431
727 563
11 1417
1022 3725
416 40
664 3726
11 280
1290 2135
1956 829
3727 1232
48 2625
550 1780
676 229
11 3728
432 197
2049 3729
1962 3020
1877 3730
140 1562
3731 3732
1693 290
43 47
3481 3733
11 3734
3735 88
1249 961
26 3736
2754 46
2752 630
1692 3737
229 715
104 1383
3586 3738
902 3739
902 1616
1459 17
81 61
2216 3127
43 363
621 536
3740 122
2776 3741
1851 690
3584 38
11 3742
53 369
32 68
612 3743
1537 3744
150 2258
97 162
21 1102
2509 97
97 3745
89 1115
889 139
3347 1038
40 1351
97 3746
576 97
1160 749
254 3747
199 3748
131 632
82 49
1133 42
584 199
3703 11
24 3749
2380 564
920 191
955 1476
133 3750
2102 310
48 1917
38 337
97 3751
805 150
75 215
369 3013
153 729
1309 324
945 380
146 229
1459 481
694 3752
783 3737
3753 47
151 3754
2605 21
133 3755
133 3756
3757 122
46 3758
131 1238
13 38
2594 26
1138 589
188 3759
82 943
3760 411
104 3761
2300 114
226 1136
21 71
310 1258
1390 170
3762 15
1056 3763
89 1241
3764 164
13 3765
1153 469
430 446
564 1824
1348 47
1327 17
11 860
80 3609
849 3095
964 2314
63 3766
1566 630
395 3767
1476 2225
153 3768
444 11
210 38
153 3769
1080 122
11 762
863 22
11 2486
2226 3770
3771 526
479 199
3663 215
219 140
913 1427
698 1162
3772 3773
2182 1586
1503 319
3774 197
21 97
1573 47
1016 452
97 362
3775 26
1944 798
89 378
994 38
1488 579
709 938
478 15
328 3776
2149 692
1159 3777
2551 1049
2924 1086
2017 1118
93 170
1788 534
26 300
1971 1061
210 2423
2256 381
82 438
1777 472
21 3675
51 1849
878 265
3778 955
340 2046
11 721
990 62
89 1058
1939 199
149 403
3286 1010
148 2150
1726 168
310 3779
1974 563
97 2644
3780 2098
1269 114
104 3781
1004 3397
521 229
386 2619
602 3782
11 304
3783 2556
573 199
1393 2855
722 3
1332 536
104 1849
11 3784
11 3785
139 1905
38 3786
153 3787
112 141
131 1603
1249 212
150 1579
36 3788
415 384
469 79
151 3314
1329 487
3278 3789
11 3790
1271 166
24 171
376 529
369 3759
150 631
386 218
3791 3792
1274 46
751 3793
1153 97
2160 148
1704 122
564 1225
9 3405
199 24
1315 3772
1173 106
117 563
1065 228
445 3794
3795 527
191 669
265 273
469 126
48 473
38 1298
1989 153
783 2998
3796 1242
369 742
2776 80
1326 261
140 122
416 1095
1088 1695
413 139
387 3797
762 17
3402 1162
1430 38
432 1010
71 191
1528 24
527 3798
11 1839
310 3457
11 3799
117 126
731 3800
3740 2077
1673 46
3801 527
117 1133
836 38
612 3747
1807 676
141 1442
97 1792
1336 198
1446 369
405 572
51 254
1309 481
26 3802
13 625
3803 164
3804 3805
48 3806
1695 117
2372 89
1154 24
112 653
17 2151
48 3807
461 1633
38 411
2245 1094
1269 1009
120 1277
3808 3340
11 3809
51 441
68 337
3810 384
11 1615
828 3811
11 1080
3812 2451
2572 97
97 2619
3813 343
1974 3814
416 224
371 1478
892 882
3815 38
32 170
32 458
1073 871
1532 429
3816 1817
369 1995
82 1483
731 21
458 2068
145 3817
951 1603
334 63
960 385
1999 458
452 269
212 2150
51 273
47 1222
2938 215
609 1548
1032 162
1720 256
709 369
36 3818
3819 2300
81 122
1675 696
11 3820
357 2064
1170 1590
672 567
1159 2126
117 3821
3822 550
6 2859
1493 42
162 1098
82 1774
9 1274
386 3823
1961 47
1071 2594
1303 22
994 445
882 765
1508 3824
850 2761
491 47
1532 987
1548 1376
1051 117
704 553
2595 2649
545 3825
987 236
243 1807
117 3826
639 899
1293 355
482 2766
1513 176
270 2100
2413 47
6 533
1524 1406
2968 2120
1196 11
1573 38
11 1000
25 109
51 1851
2456 104
3827 46
924 286
1338 1484
2595 3678
46 263
2645 47
3828 38
598 313
2237 471
1443 606
1130 1798
276 46
2088 517
2695 97
3829 47
529 567
112 3323
302 624
2256 1603
2426 272
38 2547
97 3830
24 2842
372 3831
13 100
774 1807
3832 452
97 1888
452 2940
89 658
340 3833
452 3834
527 3835
6 458
805 3836
3837 310
11 3838
3839 2098
1853 38
1294 789
830 24
112 2190
340 1712
369 1297
1115 106
88 3840
1275 3841
38 3842
286 3843
447 305
191 24
150 789
3844 2622
192 1626
13 333
48 683
3845 38
340 1075
1217 199
1433 3846
3564 1808
774 141
162 3847
3154 3848
167 2928
3568 109
751 996
3849 3076
132 911
3850 97
140 3851
2752 714
751 1596
2624 97
3852 38
297 3853
256 3854
140 3855
3856 38
807 158
345 411
1961 373
1787 1914
3857 527
111 11
686 1022
151 238
15 1129
452 198
908 381
368 2321
153 1995
82 2272
219 386
1190 1298
46 1199
254 3858
1440 452
11 3859
308 2194
68 3860
505 15
89 1434
31 2377
600 47
51 2555
461 61
530 3861
370 24
1851 26
82 3806
1806 458
419 2573
112 269
994 333
1640 3862
38 606
1230 78
1957 664
340 2749
55 1313
365 15
170 162
62 115
481 2413
38 94
994 1519
529 3863
2664 1313
709 97
17 589
15 1691
11 3864
3423 117
13 824
1693 1596
48 608
3865 3866
3287 1251
457 1595
224 1360
2670 38
72 798
53 258
