1963 4772
1 2
3 4
5 6
7 8
9 10
11 12
13 14
15 16
17 18
19 20
21 22
23 24
25 26
27 28
29 30
31 26
26 32
33 34
35 36
37 38
30 39
40 41
42 8
43 23
44 26
45 46
23 47
48 49
50 51
52 53
54 55
56 57
58 59
60 61
62 63
26 64
65 8
66 67
68 69
70 71
72 73
74 75
76 77
78 79
54 80
81 82
83 84
85 86
54 87
16 88
89 90
91 92
93 94
95 96
97 98
99 100
101 102
103 104
69 105
18 2
23 106
71 107
108 12
23 109
110 111
45 112
113 67
23 114
115 116
48 117
118 119
120 121
122 123
124 115
125 126
127 128
129 130
131 132
133 134
135 12
6 136
137 138
139 140
141 142
143 113
144 145
146 147
54 148
149 150
151 78
152 153
3 154
155 156
157 158
159 117
160 23
161 162
163 164
165 8
166 167
168 169
170 171
172 173
95 174
28 175
176 177
178 179
180 86
54 181
95 182
183 184
185 26
186 23
28 119
187 26
54 188
125 189
190 170
73 191
12 192
176 193
194 12
23 195
196 197
198 199
200 201
12 202
203 67
23 204
205 71
27 206
207 8
208 51
209 210
23 211
212 213
176 214
215 112
216 217
218 102
175 219
220 221
222 223
224 225
226 21
227 26
86 228
229 230
231 39
48 232
233 8
234 235
236 206
237 238
54 239
240 241
216 242
115 243
18 217
244 245
246 247
23 248
249 8
250 251
118 175
252 123
253 254
255 256
9 257
258 216
259 184
260 111
261 95
262 26
263 264
43 20
265 184
266 267
23 268
269 48
270 271
23 272
273 26
73 274
255 275
30 276
61 277
278 18
279 280
281 282
283 284
285 8
286 287
288 26
73 289
9 290
51 184
291 54
292 293
294 295
54 296
297 298
240 299
300 301
302 178
303 304
305 78
99 104
306 24
307 12
143 308
86 309
9 310
23 311
312 313
314 315
73 316
286 317
318 319
320 294
321 86
322 1
323 324
325 53
326 327
183 51
328 196
216 329
148 327
23 330
287 331
272 332
333 334
103 335
336 337
338 339
340 341
299 342
96 232
343 344
184 345
346 347
348 349
12 350
54 351
256 67
352 111
353 354
355 112
356 26
357 184
358 67
102 138
359 223
360 361
362 363
364 14
54 365
51 366
85 317
367 368
369 26
26 370
259 189
263 371
372 216
76 26
144 351
373 67
374 23
375 376
377 378
23 379
123 380
300 90
381 67
73 382
383 384
385 57
54 142
386 387
258 388
389 20
390 391
392 393
23 394
395 306
396 67
69 397
398 399
23 400
401 402
76 403
286 8
404 67
12 405
406 407
408 409
125 410
411 51
412 413
69 414
415 51
302 416
417 418
236 67
419 420
421 293
216 422
33 423
424 88
262 425
129 298
379 426
259 271
427 428
429 8
430 62
54 431
432 8
433 434
214 146
435 73
436 437
438 8
439 440
124 60
441 258
442 26
92 443
12 382
73 444
445 8
178 271
446 447
270 51
23 448
449 26
266 86
450 451
343 452
453 454
62 455
73 456
306 457
23 371
234 67
458 459
450 455
460 461
462 26
463 86
464 8
12 465
466 467
261 468
469 279
21 403
86 470
471 472
473 474
54 475
476 64
477 478
54 479
480 327
481 189
482 483
30 484
152 300
12 479
485 51
73 438
23 486
487 33
9 488
489 490
491 67
492 51
73 493
387 403
494 57
60 277
495 67
9 358
274 12
43 389
225 496
54 497
86 498
499 103
500 443
71 501
337 502
322 125
503 388
159 388
391 377
318 473
504 505
76 64
86 506
83 507
23 508
509 57
316 8
510 3
511 184
388 18
512 513
196 351
23 488
514 199
515 516
23 517
323 103
329 67
255 518
298 519
73 30
314 520
448 521
3 522
214 523
67 524
525 35
97 238
323 504
292 428
18 189
279 526
527 9
528 529
530 531
532 460
250 28
267 533
357 271
67 534
321 8
429 73
535 533
67 488
27 95
23 536
137 537
538 539
404 540
279 155
145 403
377 283
541 542
54 108
9 543
54 285
522 544
545 26
546 547
548 549
256 550
551 552
553 71
554 67
555 73
556 557
558 559
178 112
155 386
73 560
54 561
562 563
564 319
477 565
566 18
336 567
73 568
73 569
570 413
23 196
571 572
573 12
574 184
575 255
145 76
576 343
577 455
578 123
511 216
579 216
580 387
581 8
582 255
112 583
54 584
585 586
214 104
504 587
588 589
216 590
591 9
592 593
16 594
1 184
595 364
148 73
23 596
597 598
18 599
579 18
600 145
601 73
602 8
603 216
393 604
601 232
605 606
607 608
609 212
269 287
112 322
589 304
610 8
9 611
404 216
612 272
613 210
216 614
555 8
50 125
595 520
15 615
616 64
503 113
617 618
504 619
23 620
259 216
621 155
622 12
286 12
452 116
588 304
125 481
623 624
336 250
226 625
626 353
627 623
159 152
203 162
54 628
629 26
467 630
468 28
9 631
23 632
183 125
633 317
634 18
635 67
54 438
330 78
636 637
638 639
73 350
640 26
641 642
643 184
227 644
261 113
645 78
12 646
647 9
463 8
648 279
12 649
246 650
237 130
9 67
651 30
581 12
652 216
653 208
169 654
45 51
655 387
26 656
601 287
657 658
245 67
259 125
325 659
660 661
662 216
73 663
58 664
665 169
54 252
666 57
474 667
668 669
670 86
12 671
250 672
673 9
226 674
182 8
299 675
336 39
23 676
54 677
313 20
140 488
522 140
678 679
343 680
12 681
3 682
683 684
685 686
216 687
688 689
690 110
691 692
3 631
15 273
693 334
258 626
694 8
695 696
504 100
231 140
216 189
697 279
97 452
28 490
698 18
23 699
700 546
26 701
35 702
703 539
704 301
705 706
226 76
73 479
707 138
708 63
86 709
176 710
327 350
711 712
713 219
714 715
26 716
23 608
23 717
180 327
271 51
718 173
12 719
589 618
43 255
391 720
404 531
72 12
617 721
216 481
722 723
261 30
81 705
724 67
725 9
711 91
726 8
408 727
327 202
647 8
78 646
196 728
487 403
216 702
51 729
730 8
18 731
83 732
605 483
733 124
618 304
7 86
146 504
50 1
279 544
3 734
54 735
736 86
372 18
434 737
738 53
54 69
109 67
739 514
313 669
99 587
261 250
43 379
740 741
99 103
377 675
271 729
23 742
327 228
743 744
73 745
746 747
51 265
23 748
749 102
750 216
730 387
108 200
71 238
292 106
751 752
753 608
73 524
754 57
189 755
756 347
757 669
23 668
187 8
515 143
73 758
759 189
740 760
747 393
30 761
36 387
54 10
762 339
763 764
23 75
73 69
765 766
767 304
576 452
768 140
54 769
770 304
560 340
636 771
23 772
23 773
578 140
774 67
23 775
54 192
776 86
379 20
714 764
9 404
711 23
764 284
777 26
23 778
23 722
319 737
714 779
780 12
781 782
783 162
173 193
73 784
196 785
372 112
781 487
471 786
787 78
81 57
73 788
789 306
790 344
263 51
23 791
269 792
793 8
794 8
54 795
240 341
27 733
54 796
3 758
797 333
23 798
14 455
799 67
711 800
801 8
802 30
54 369
255 803
377 779
54 804
283 805
806 229
492 18
325 738
449 455
807 518
73 808
23 809
660 387
810 57
54 811
17 216
214 812
813 115
391 332
814 134
815 188
680 417
73 816
817 818
269 54
819 57
399 361
820 184
821 64
490 175
73 822
823 824
503 825
826 26
23 4
54 210
28 95
255 393
827 57
23 828
73 829
169 830
12 249
711 306
831 23
302 184
23 832
347 88
54 290
803 533
625 769
468 833
12 207
40 130
834 250
339 539
835 836
837 26
359 158
626 646
838 839
840 777
177 103
71 841
255 842
426 389
843 844
845 646
612 377
206 846
847 216
23 848
849 308
405 387
116 230
215 51
850 851
852 516
853 854
855 253
103 39
54 709
856 8
2 189
612 715
857 858
271 171
557 859
860 861
862 675
471 863
86 864
112 865
90 351
843 866
867 216
435 86
868 255
869 870
318 433
250 871
838 523
872 873
504 104
54 331
48 874
404 875
333 360
876 237
18 126
877 57
872 790
73 445
279 878
18 259
513 879
71 880
26 881
54 882
23 232
392 173
883 54
884 189
885 78
54 776
682 64
23 886
887 888
23 310
23 889
715 890
891 266
92 892
177 100
893 184
237 107
73 894
895 896
897 573
210 898
54 470
617 346
899 8
900 399
155 26
338 703
901 119
166 208
78 24
594 420
902 271
889 67
18 759
419 656
319 667
152 301
66 648
446 903
904 905
906 769
599 216
103 147
588 770
54 530
255 907
757 908
23 300
50 271
119 175
54 909
575 287
910 911
387 370
116 368
279 122
11 86
38 912
913 57
456 327
250 914
112 915
612 332
279 578
12 828
188 387
306 151
916 169
197 222
917 216
54 36
12 55
918 51
919 920
317 874
921 64
600 188
922 283
923 196
924 925
269 86
9 926
927 928
255 929
930 57
54 931
317 380
216 932
933 391
934 858
73 935
936 937
152 362
222 158
18 366
714 391
599 51
1 481
557 938
353 327
54 939
940 941
164 264
942 64
23 908
943 250
944 8
871 858
86 945
946 453
165 86
377 138
312 389
812 100
41 947
948 13
949 86
874 232
3 950
262 951
952 12
322 271
73 953
39 531
18 687
255 954
652 18
353 646
391 955
449 956
23 957
54 958
777 342
23 167
76 265
958 170
959 960
54 300
659 53
961 962
963 669
69 964
965 399
589 193
12 696
2 216
966 967
5 968
86 569
576 417
563 968
691 30
612 969
263 346
970 57
140 971
922 272
196 972
355 125
973 57
86 331
12 974
975 184
477 196
99 505
976 9
54 329
561 12
977 67
978 271
307 73
979 299
614 67
23 980
412 981
815 414
982 57
685 408
169 727
51 983
984 985
740 986
831 268
835 206
58 839
421 987
320 8
988 12
124 206
989 230
206 113
990 991
426 313
388 480
258 992
993 67
12 994
995 996
30 301
255 997
43 998
999 1000
745 12
1001 216
66 140
54 534
23 1002
23 1003
220 930
1004 571
721 347
208 1005
388 481
1006 967
338 539
23 172
23 489
1007 598
812 103
1008 866
133 311
29 386
54 1009
54 506
1010 140
811 540
428 1011
322 184
234 299
847 51
271 125
1012 113
808 12
1013 12
421 1014
252 3
325 26
12 875
54 180
569 8
1015 35
71 1016
1017 300
570 412
1018 216
25 985
1019 86
86 944
1020 184
23 1021
23 1022
72 3
1023 1024
1025 192
1026 404
1027 608
1028 94
812 146
391 138
125 1029
700 237
1030 232
9 1031
118 1032
813 1033
255 1034
1035 19
482 1036
54 1037
1035 23
214 103
1038 23
793 232
54 1039
1028 1040
1041 57
776 8
1042 656
1043 30
30 875
1019 12
1044 23
169 408
73 228
12 1045
23 122
97 461
173 351
745 327
623 1046
1047 333
23 132
911 1048
327 569
391 111
1049 306
316 12
188 529
23 562
895 598
9 1018
1050 1051
54 1052
216 1053
1054 57
9 109
1055 26
746 1056
3 1057
1058 657
1059 16
849 656
1060 84
258 271
69 12
17 51
12 432
1061 8
897 811
85 12
1062 26
1063 232
23 829
23 533
1064 1065
1066 1067
386 1068
467 1069
1070 304
83 1071
817 155
287 1072
769 696
69 792
1073 67
54 1074
30 1074
162 642
1075 237
1076 728
1077 646
1078 73
577 13
54 549
271 126
156 140
1079 255
389 824
474 434
670 8
102 1080
9 1081
54 1026
416 271
1042 565
612 1082
328 770
1083 488
54 1084
1085 482
1086 343
1087 571
468 440
617 1088
1089 1090
1091 8
388 285
1092 317
215 271
23 1093
1094 12
902 1
1095 8
378 890
1096 705
487 1097
424 347
1098 761
739 199
1099 23
600 26
1100 1101
73 561
23 723
1102 353
760 872
196 1103
897 1104
920 1105
176 104
731 189
1106 387
15 88
216 1107
1108 46
73 1109
1110 39
97 206
1111 8
1112 112
550 67
836 967
35 544
73 1113
1114 1115
1116 1117
179 583
260 138
705 1118
843 1008
193 587
28 113
54 1119
247 208
845 1120
12 1116
850 458
1121 1122
1123 387
812 193
279 1110
250 1124
27 261
176 618
576 367
1125 57
255 1126
501 298
894 12
391 749
34 423
617 1127
306 1128
188 26
746 1129
23 490
1130 523
9 1131
411 179
353 1132
956 540
1133 8
250 213
279 39
1134 26
54 1135
1136 549
169 1137
140 526
1138 26
312 669
73 957
306 1139
1140 71
103 193
1141 23
916 408
1142 8
1143 8
208 756
23 1144
812 104
617 650
1086 1145
26 301
661 140
14 854
9 1146
81 1147
503 722
73 85
1148 8
54 1149
972 26
9 1150
1151 279
1106 88
26 387
12 191
226 387
23 1152
803 515
343 1060
54 1153
1154 57
746 1155
23 1156
1019 8
30 293
125 265
562 264
1103 752
8 524
1157 57
224 244
685 216
439 219
812 505
106 399
832 206
97 728
1158 67
1159 184
555 12
1160 8
66 279
1161 189
1162 112
252 140
197 164
23 1163
439 468
23 1164
312 92
263 282
1077 61
1165 500
65 73
612 391
347 594
18 750
1166 1167
1168 23
23 953
1169 26
54 944
1170 1171
746 21
1172 232
12 736
3 663
669 1003
33 1173
306 787
1098 803
1174 18
544 280
1175 792
40 237
30 544
511 125
26 929
1083 3
818 1176
258 125
309 8
1083 578
1177 54
246 208
1178 142
299 1179
1180 26
1181 57
468 1182
1175 71
54 510
1183 1184
602 12
1185 184
1037 455
54 1115
1186 1187
1188 304
1035 908
255 1189
1190 1071
764 890
65 12
117 232
73 944
577 854
615 88
73 1191
643 1
54 1192
1193 23
33 1194
9 1195
23 1196
1197 4
902 992
66 39
733 1198
1199 88
1200 133
140 280
1201 64
1202 88
54 682
23 1048
224 236
806 452
704 299
377 969
576 1145
522 1068
453 674
1203 216
1204 26
178 51
501 237
1205 523
728 461
162 484
487 1194
851 408
26 1206
1207 67
54 11
655 26
1089 67
489 20
797 693
261 28
54 1208
813 116
73 365
873 790
9 1209
1010 279
23 825
1210 542
317 1211
1212 812
1213 1214
274 387
672 51
23 1101
152 1098
1215 1216
362 1217
946 1218
1219 1070
1220 9
1221 12
391 1222
468 300
51 88
122 30
198 739
541 311
73 875
1098 99
23 1223
1224 67
138 111
67 1225
54 1226
1227 8
443 1228
28 458
196 895
1229 57
1205 30
1230 18
559 1000
261 740
1102 930
54 1231
73 1013
67 1232
564 1105
54 1233
813 60
579 125
155 140
440 175
564 919
714 332
1102 605
167 347
485 216
97 136
23 1234
54 1235
1236 1237
318 737
302 265
640 558
571 1238
746 99
140 531
1207 387
151 1184
250 899
1103 542
177 587
317 199
1018 67
208 1239
25 1169
200 1240
1241 46
12 1242
210 1103
391 1243
250 1244
1245 1050
776 12
883 67
941 455
1246 1247
69 1248
199 232
1249 824
1250 67
3 534
6 238
3 1251
1252 73
556 896
1253 67
426 19
54 321
1106 35
1083 279
51 126
355 1254
1255 1256
856 250
1160 12
653 347
575 8
317 117
106 428
1257 57
520 8
260 137
1258 675
54 1259
391 764
23 1260
1001 9
23 1261
1262 166
1214 1263
700 129
1035 426
23 1264
492 271
366 184
741 86
1265 8
54 648
1266 3
868 1194
343 115
73 1090
287 1267
327 1268
650 346
1269 531
1270 1271
261 490
58 206
97 99
1037 1210
35 1053
1272 26
54 65
54 228
293 1014
261 947
26 1273
12 568
9 909
1274 685
1275 129
250 86
12 239
54 1276
1202 16
9 1277
1 759
1278 48
9 1279
1280 57
469 140
23 78
812 619
1281 1282
255 392
1283 35
700 298
54 350
468 1284
832 20
173 458
1285 140
673 571
1040 1286
528 13
108 521
1287 71
67 1288
120 1289
1021 134
1290 57
30 387
1291 26
30 530
770 618
196 210
1269 1292
23 1293
76 580
334 360
416 216
1161 179
1294 169
433 737
450 13
1295 34
1296 845
12 957
25 906
914 67
48 1172
215 216
994 8
73 1297
1205 287
54 1191
660 140
183 1
253 1298
263 18
474 319
665 408
1030 48
753 522
23 1299
280 531
23 1300
23 1301
18 932
23 1302
788 8
600 387
1303 1101
23 1225
226 145
601 317
287 1304
196 97
849 268
135 327
853 455
54 1143
159 555
760 986
148 287
1305 67
1306 250
1012 490
236 1307
54 282
674 1308
1309 1176
1310 16
617 1239
23 426
118 95
1311 26
746 1312
54 30
299 407
1112 1
54 1313
67 280
1233 287
1314 12
1315 563
35 1316
1098 1317
600 425
1318 408
728 460
511 271
1127 346
54 448
146 177
391 137
1319 929
935 287
1159 216
1320 216
271 184
23 1321
12 200
1145 1033
1322 890
54 1323
302 511
1219 1324
1325 858
1326 41
603 18
612 283
159 12
560 67
1327 300
1037 1328
299 1329
1330 26
660 488
1331 57
848 327
12 1332
217 184
1333 48
54 114
1334 298
697 231
300 64
284 779
347 1199
1335 9
23 20
978 125
250 337
23 942
1166 67
1336 67
73 736
579 271
54 1337
1338 1339
99 363
1059 347
1148 26
503 3
1340 67
1341 1342
1343 8
573 811
1344 1176
160 312
1345 99
12 1090
23 1313
1219 26
1346 325
1347 8
1218 397
713 440
1348 86
278 51
662 18
111 1349
54 1350
1351 598
1352 8
426 998
25 243
279 1292
713 119
1064 1353
516 833
1354 1355
314 1356
324 103
9 369
1357 1358
196 1190
1359 18
1259 12
9 573
1360 836
430 1361
1362 216
1314 26
1363 57
450 30
612 284
1364 26
580 30
560 287
97 608
1326 298
711 78
812 1345
1365 1366
23 1367
162 1368
1112 51
416 18
498 8
1369 51
23 1370
112 2
12 1371
943 8
1101 608
1112 216
261 440
1037 430
1354 1372
23 66
427 1373
12 1172
532 1076
468 95
73 679
18 410
963 757
581 86
1040 351
1090 387
936 1374
1375 8
25 1376
1248 311
160 313
503 723
1377 125
145 387
1104 811
412 835
23 1128
343 348
250 175
1371 8
797 472
891 515
23 1378
1361 1379
54 808
1035 489
1190 895
176 619
6 71
1047 984
59 1380
392 162
726 471
312 668
1381 179
2 184
319 434
54 1382
23 1383
622 54
1384 458
479 8
685 1385
1315 562
1386 23
504 103
92 134
54 1278
1035 313
1307 67
1387 12
326 73
255 1319
1388 304
1358 46
9 550
1044 9
287 55
279 1285
212 282
160 998
169 1389
1390 57
582 1194
504 147
1026 1068
77 403
196 436
808 8
513 1370
845 542
23 904
321 12
73 207
1391 12
302 51
1282 304
35 1392
263 122
69 818
1393 67
54 897
1394 1395
1396 317
1071 1312
86 1191
1205 12
54 1397
330 1398
86 793
386 64
78 1251
1101 1399
86 432
25 301
449 1400
53 542
231 67
936 1189
12 1074
115 790
23 814
352 391
23 1401
608 1402
829 12
16 1403
1404 23
976 67
1405 4
347 1372
802 300
12 309
54 310
178 125
1406 51
23 1407
757 1003
1408 1409
523 293
1410 57
353 483
353 606
216 1411
155 123
12 524
1412 71
54 1413
1040 94
53 136
1162 125
125 184
26 1414
440 901
412 73
1415 557
577 1024
603 184
1416 8
152 803
23 1238
1417 1342
23 1418
1310 843
1419 1184
69 890
1391 287
318 667
500 1228
708 1420
1421 26
756 16
380 232
836 966
101 3
197 158
408 830
1013 8
3 1422
103 1423
54 889
52 738
196 1042
1424 1425
565 268
1426 67
214 710
206 1144
226 403
78 1139
353 1427
73 162
347 615
1070 26
250 1428
1376 659
560 523
1429 811
812 1430
23 1431
9 1203
427 1432
30 64
54 1433
23 910
1434 57
54 1238
123 544
589 346
54 327
23 903
45 179
215 184
1435 8
145 1436
86 207
283 890
564 667
680 116
261 501
785 299
1437 1092
1186 90
557 1438
1439 71
1440 131
711 92
622 86
216 759
504 710
271 189
660 123
367 116
292 1441
159 8
643 18
271 265
12 1113
797 471
1214 1342
1249 818
173 1442
3 926
576 1033
176 1443
603 271
54 1179
426 1003
53 26
317 442
152 1101
1444 54
1445 57
1060 1446
1098 646
9 171
23 1447
1058 1448
23 1220
1449 1450
1251 311
1451 54
23 1452
23 1453
392 747
1454 458
1047 1455
557 896
287 905
347 16
1456 179
263 216
433 319
522 155
851 459
58 1380
51 347
1035 998
50 18
1457 1458
703 790
36 30
135 314
287 1459
9 1250
872 116
1460 57
26 889
603 125
65 86
803 428
1243 138
250 1091
287 1461
208 594
54 286
12 709
3 723
54 265
129 237
429 12
1462 26
5 238
1463 155
250 1421
72 142
1464 67
358 387
23 1465
327 309
23 1466
139 279
746 26
23 1360
602 86
441 216
396 216
1467 23
54 1266
1468 41
781 423
1469 1470
73 1153
758 12
67 1471
1357 46
571 947
531 488
849 1472
23 265
1473 140
1013 327
241 341
23 1474
377 284
73 1435
825 723
234 9
226 1475
67 1476
660 544
11 8
71 170
1269 1477
51 759
8 1478
23 567
1479 26
1480 99
73 548
327 793
261 119
173 304
466 630
1481 51
1482 67
869 860
1430 504
682 67
294 8
672 18
272 764
54 1268
544 818
9 405
1200 311
178 216
780 54
563 264
1190 173
54 201
146 103
579 51
263 1483
318 832
388 203
33 1071
1484 9
1401 521
287 207
1485 57
23 290
1486 542
49 232
903 1206
705 1487
608 482
1488 1167
64 195
212 1085
161 26
73 1489
23 1490
160 669
1491 57
719 26
1406 216
762 703
1131 67
1492 580
1493 608
12 1494
23 1495
753 1490
756 88
1496 57
26 488
147 104
196 301
263 1457
306 1497
1498 254
27 740
279 531
586 1499
1400 956
503 515
476 387
1077 928
1500 26
797 334
1219 417
564 433
1501 67
763 283
21 188
798 1502
196 363
279 380
566 184
343 813
23 1503
220 1475
23 911
5 196
54 1504
51 1411
1505 1506
216 366
287 309
123 531
1281 1498
1489 12
1507 304
648 287
404 544
9 980
746 162
815 1508
99 619
963 312
468 901
358 64
1243 111
1509 646
64 1510
473 667
1511 1512
1269 280
23 377
1400 26
263 1513
99 147
54 522
1269 279
367 680
54 1514
945 8
732 1515
1516 1517
253 790
23 369
652 51
297 501
1518 306
92 500
12 944
753 177
54 429
1282 254
574 216
76 818
406 1519
343 116
643 51
54 1520
1521 57
328 589
69 824
96 8
797 360
1469 206
50 112
43 19
1522 57
741 267
415 1
28 901
73 42
200 1523
428 293
314 1322
831 478
560 12
102 796
1524 18
653 15
23 1525
302 643
143 1526
30 1327
23 389
1361 455
9 329
641 22
362 1527
812 587
603 1
372 51
231 279
73 864
23 1104
228 8
173 1528
1205 102
902 51
23 563
492 1
206 394
54 1489
1529 766
76 824
50 184
86 294
54 1530
884 64
657 1531
323 99
137 111
1532 992
54 7
1533 1169
564 920
54 552
23 1534
18 1159
40 571
1535 285
747 604
12 1536
13 956
54 1537
423 1538
108 86
446 23
1539 1540
18 481
428 542
1074 8
45 18
299 1541
1 125
1542 852
773 12
1155 162
148 12
812 147
26 730
18 847
956 455
1481 216
416 51
73 793
1543 1316
1269 404
54 1544
377 359
832 28
3 1545
255 1089
1400 455
286 232
176 587
284 332
86 479
1546 26
745 8
1547 9
690 111
336 1548
1549 67
1221 73
23 1550
1551 26
1552 237
1207 69
1177 73
54 1459
387 1316
872 128
1470 175
54 614
487 34
9 580
314 1520
1042 26
323 177
865 125
112 125
1086 367
812 1480
23 478
12 796
501 519
112 1159
1433 216
361 472
23 1553
23 191
252 279
902 184
54 1554
94 1286
1444 1555
9 1549
73 1478
54 1556
1557 26
411 216
377 764
710 104
73 1268
73 1074
148 8
849 304
54 788
751 747
73 1558
31 23
1559 8
435 287
206 427
255 1560
835 625
250 1548
54 758
1561 26
1071 173
1519 1562
612 764
733 100
1500 54
1563 8
1564 1129
1150 67
255 96
257 216
1565 800
536 67
1566 23
23 458
23 1567
30 300
263 965
1463 608
67 171
1030 12
662 51
1191 327
835 394
643 271
225 236
252 648
1568 1189
12 470
12 1569
1086 71
155 544
151 311
287 42
1570 8
133 845
5 608
73 1371
26 899
66 531
54 1571
416 1
23 1572
740 206
152 687
261 741
124 343
280 530
23 1506
440 28
272 779
5 136
607 351
1573 216
1160 73
261 533
1100 23
1574 304
697 123
1575 1576
120 1577
23 1578
116 790
115 61
272 284
1266 12
23 1195
73 327
980 216
23 1579
1580 179
1581 906
1582 845
159 250
417 116
436 672
750 51
614 57
693 361
210 1361
1 729
23 244
1583 676
672 216
988 73
54 1584
1295 589
23 1585
1058 658
1586 57
1326 130
659 26
1587 578
1153 3
949 12
1588 542
1589 26
392 1129
73 1536
48 1590
33 1097
1591 197
1083 252
1459 8
1001 57
612 763
328 304
1592 26
108 8
208 1127
83 268
1059 594
25 811
23 1593
1594 605
1595 67
1030 317
626 930
1469 41
159 73
112 259
820 46
1402 107
1446 542
12 793
216 410
142 563
343 790
169 1513
1 216
196 344
438 12
593 1596
477 656
3 155
26 1597
137 1243
1598 1185
71 1075
367 1145
76 1090
30 695
452 304
600 173
709 8
255 721
849 541
395 78
73 671
1104 9
410 184
908 20
9 1089
131 340
76 1176
9 1153
222 377
1387 327
22 393
918 216
346 1005
317 282
523 1599
51 731
216 126
255 856
73 1240
25 199
705 1600
740 947
377 264
1275 40
2 51
1533 1601
199 790
890 779
622 67
1602 67
1603 8
1088 811
273 16
339 1604
583 184
871 26
76 1436
856 387
474 737
966 833
388 643
671 8
131 1605
571 41
513 1606
1295 423
206 175
73 1607
1608 57
12 620
1003 20
1609 279
1610 895
577 282
73 994
1023 455
574 125
1342 1263
785 351
1061 73
159 793
1155 203
693 472
522 279
23 140
16 1611
652 184
343 417
23 1612
651 300
1613 1184
1060 836
1614 26
112 1029
522 123
210 455
255 296
1429 769
1615 1616
1617 305
1618 1619
1620 57
430 1000
697 140
1101 1604
282 232
412 26
1082 92
428 539
395 457
54 1621
714 272
263 884
23 1622
71 1288
1090 1623
54 4
1624 184
18 51
603 51
347 1611
1384 1126
9 742
152 1625
528 580
3 1621
1006 966
318 474
160 963
1626 9
715 272
35 1300
208 346
533 387
9 282
155 531
708 455
23 1571
800 542
250 187
697 39
12 300
23 92
1160 1627
9 1628
9 889
1035 43
208 347
23 430
845 1486
299 150
255 559
764 805
1262 23
959 483
1525 35
30 90
9 110
884 179
23 128
1376 26
825 542
1049 78
54 1629
143 533
23 1562
12 1109
680 1033
2 271
174 67
721 346
18 1406
258 2
589 423
1104 1512
23 1630
54 957
560 890
73 1332
1035 668
18 590
806 989
26 1056
560 241
133 105
917 51
1049 711
1631 26
667 434
122 140
1632 1269
980 67
867 51
499 1511
163 102
605 646
317 1633
299 606
377 1634
54 274
560 327
225 970
1104 696
69 311
196 136
306 1635
1636 57
533 64
290 26
377 890
589 15
1140 835
183 216
196 1637
23 625
73 1344
261 175
1638 443
392 1312
13 674
9 682
41 1051
392 641
18 422
994 232
372 184
1639 8
408 1513
612 714
1640 1171
23 939
362 1541
594 88
327 994
15 756
936 1641
1642 23
300 26
137 1643
196 317
29 8
1165 443
23 1644
225 664
1645 57
54 403
630 8
1646 327
85 232
1647 57
73 828
196 1443
357 125
250 462
119 1648
25 1429
576 116
18 1411
35 64
1649 959
302 189
763 284
54 662
1425 1650
290 67
1651 845
73 12
40 298
3 825
783 30
23 779
1239 346
377 986
806 728
1652 397
151 12
314 1558
73 801
112 126
65 317
1436 403
1637 929
868 54
343 873
54 1653
1470 28
446 26
23 1544
522 30
457 1497
247 347
12 1654
1007 769
73 331
23 1206
507 46
492 125
146 104
1248 1655
12 1523
1501 57
9 614
23 1648
1320 67
73 1656
1657 500
1061 12
668 20
544 540
576 813
51 345
1658 26
23 1153
54 1646
155 1068
1571 90
215 18
1630 8
645 457
12 201
9 1166
87 387
269 317
255 747
3 1659
1563 1176
952 86
148 1660
1112 184
215 179
1589 30
807 997
946 577
756 1611
12 1191
1101 1499
73 463
420 88
1661 8
1662 1184
1202 347
1015 9
1663 57
73 309
71 114
1664 26
474 920
444 752
741 315
1665 46
158 8
86 249
162 695
216 1158
322 216
588 30
1463 39
1032 113
9 491
1666 8
51 125
935 12
1621 12
890 284
1667 67
794 12
196 695
73 1176
23 631
12 1668
216 171
812 710
23 1669
54 1670
915 125
1466 78
200 569
21 529
115 417
175 113
84 206
1467 268
1281 253
1671 26
317 1172
1645 1672
1673 57
1674 8
1420 1184
1675 843
247 650
216 1537
1676 57
987 293
54 626
360 472
1208 26
27 458
1441 539
9 174
649 8
173 866
43 908
663 41
965 428
843 16
452 461
600 262
18 918
1318 169
26 1637
44 23
568 8
3 1530
54 1677
736 327
579 184
131 1678
23 1679
279 768
23 1680
1391 1681
570 9
733 876
589 103
23 998
1682 928
924 1317
1310 866
51 422
746 641
48 1109
1683 557
73 1668
504 324
580 64
9 1088
628 95
23 36
255 1684
73 952
25 61
895 26
452 1076
671 387
1173 1194
560 317
312 908
538 873
1345 710
23 1060
30 26
54 316
1325 1685
1032 468
589 177
956 1686
617 1611
574 271
54 1658
1577 121
544 140
146 323
1169 349
23 1687
1001 67
23 1688
1308 67
82 1689
1227 12
511 18
255 33
54 89
1565 712
1630 86
23 460
1396 232
253 339
337 1690
178 18
97 460
12 1666
263 486
1233 73
391 707
334 361
196 1051
473 319
391 1349
1076 461
648 122
477 268
518 26
306 645
433 667
923 1180
168 408
328 618
85 35
279 1473
617 1005
1691 57
23 1203
867 184
343 872
12 889
1230 51
54 1692
1671 12
1693 23
803 308
206 119
469 526
818 824
813 1145
780 8
54 1019
781 34
336 30
1430 99
196 1694
86 748
612 890
535 113
1032 206
807 255
51 481
544 39
23 1695
12 953
1266 71
551 1696
214 531
471 360
270 189
391 537
1077 83
391 779
450 454
1376 325
23 835
1697 57
9 1698
469 122
1169 1699
377 1700
648 140
900 965
600 1527
436 1701
255 799
263 1702
27 996
1703 4
1704 112
1082 284
269 232
1705 237
73 55
850 8
39 488
1706 23
1707 1559
216 184
145 351
1539 1708
263 1709
817 544
1166 1488
9 1710
196 803
427 1711
835 299
1263 1366
73 117
540 1068
896 859
76 962
155 39
531 1712
996 1713
503 490
71 1714
48 1715
1716 57
23 1385
362 196
1266 86
1174 216
45 216
1030 73
305 605
1248 1251
317 49
408 1713
3 1717
176 324
617 811
1718 664
836 1006
487 423
1197 287
184 729
54 515
103 1719
12 822
1720 250
1590 317
1351 455
1721 57
474 433
176 146
467 523
1106 208
503 533
813 680
949 73
293 1011
640 782
36 64
500 1638
198 514
1591 222
600 923
48 1722
256 8
1723 3
270 112
576 680
672 8
247 346
18 729
54 1724
23 1606
702 8
54 1210
860 870
430 455
1197 905
250 294
1659 12
1 265
23 1248
583 8
246 346
30 482
9 256
167 721
23 1725
1424 1650
145 962
306 78
549 67
23 784
1191 8
1068 8
1101 1726
6 501
23 1727
781 1295
16 866
86 8
1240 8
131 1728
811 696
343 1145
1392 8
23 1729
790 539
54 194
23 477
410 46
1078 12
23 926
189 1730
54 581
948 1731
867 18
1383 26
1133 387
54 1732
12 329
1088 1733
9 1734
1112 271
566 51
1355 1735
976 119
1345 103
605 626
998 20
159 994
653 88
23 1446
1327 301
605 1736
511 1
18 1737
641 173
1738 9
23 1545
263 1739
1735 1372
1740 1741
527 216
3 85
417 790
362 1742
1154 1502
748 8
1200 105
442 232
177 104
408 1137
54 1743
54 1744
1630 12
12 801
23 91
562 968
1587 23
23 155
648 123
244 236
1524 216
23 234
404 1068
328 588
573 1512
23 534
12 788
1745 9
1151 140
226 1090
471 1266
1153 41
252 39
860 1746
770 589
564 434
533 516
1747 57
12 1613
67 1748
1749 1056
326 86
1 189
1113 8
1569 8
760 710
179 1750
691 777
1347 26
1403 866
76 1309
9 373
54 1316
693 471
176 1345
608 150
415 18
701 67
1040 93
415 125
1751 57
1752 1184
184 1411
1106 347
64 730
353 1753
73 1116
1417 1341
213 8
888 930
1354 1735
1754 142
1213 1263
258 1
250 96
73 201
18 271
12 351
177 1443
8 470
903 447
18 322
206 1755
1035 389
9 1255
203 1056
101 41
876 71
12 784
12 282
279 140
546 41
36 1051
152 199
51 1537
66 123
419 496
1098 61
487 255
956 854
541 1248
9 534
255 1756
106 293
1015 26
86 1459
404 1510
206 1499
1757 956
643 216
226 1037
23 1758
169 459
765 1069
312 757
383 293
489 426
9 524
23 573
1759 557
608 587
142 687
3 722
23 1131
621 140
252 660
23 1135
54 898
77 1760
1761 8
1762 46
4 540
331 8
1524 51
112 410
322 51
1469 28
876 243
1632 140
176 588
832 175
23 1286
28 427
1763 23
12 327
23 266
160 389
421 384
466 293
9 1764
23 1765
1161 884
660 3
48 85
1766 26
78 1635
435 8
368 344
998 757
54 1767
447 1206
54 72
178 1
1092 82
1768 1769
73 180
1101 1122
237 170
1709 67
1770 26
23 1771
208 615
1772 404
1433 9
1086 116
546 298
1773 67
71 237
9 1464
23 150
1433 571
722 206
766 293
492 184
18 265
258 18
1774 57
843 1403
3 573
715 377
660 522
68 57
902 18
1269 39
1548 216
102 1435
250 1551
60 115
1275 298
408 459
1017 30
1775 216
274 8
1776 111
1777 1778
1345 504
1779 1162
506 8
871 1685
23 900
343 728
1780 1781
15 347
208 88
244 67
940 455
23 655
1587 1473
1718 1101
468 1782
314 364
617 246
160 1003
99 710
469 578
885 306
1548 39
415 271
1065 1783
113 20
23 329
798 67
608 1784
78 1128
78 1497
473 564
588 618
698 216
189 1271
1785 23
146 324
71 150
731 216
505 57
176 304
873 116
418 872
12 1268
1231 95
597 13
54 1786
179 410
278 216
3 488
18 216
180 8
152 858
1135 8
1787 557
1115 1788
48 199
964 823
1789 1790
1150 26
159 112
255 1194
159 282
753 1791
711 517
317 1063
151 1248
43 426
23 1792
1793 57
1185 458
555 232
1169 1726
140 1292
1101 98
54 1429
1088 1512
271 410
423 1312
252 488
1283 26
306 517
139 39
1 271
417 368
714 377
617 588
54 1794
367 1033
1795 1796
388 57
511 112
161 30
1797 1217
741 222
1798 64
1710 256
817 1799
952 8
162 604
1231 12
468 219
1800 708
184 189
353 959
1035 1003
527 67
64 171
239 8
247 880
1614 8
196 1801
160 908
1159 51
1702 57
152 790
15 1611
86 445
1708 1802
263 492
102 164
1059 208
18 184
389 669
86 42
1803 1682
73 670
23 963
474 1105
1480 103
1804 1805
951 425
1806 23
54 570
829 67
1414 8
1535 388
23 515
1134 9
1032 490
618 26
208 1611
54 463
1807 150
831 965
160 92
1808 4
525 608
263 1103
43 489
73 1452
197 377
112 265
183 271
165 287
579 302
23 1563
1740 1455
106 46
1077 1317
200 365
386 1569
715 284
404 386
456 12
333 361
1047 1178
146 619
1214 1366
73 286
226 769
1809 695
1810 57
710 103
23 1811
773 26
1738 67
9 1578
1310 26
1812 57
333 472
54 1813
1387 73
146 1443
1376 53
1433 23
746 393
1008 16
54 1814
54 453
54 1807
146 710
23 1815
9 1816
1481 18
845 1638
3 1088
936 907
1412 237
328 26
226 1436
23 279
279 488
1817 48
18 1369
54 1007
1818 23
741 28
1819 57
99 324
835 84
12 1392
16 420
391 260
23 836
4 905
174 216
902 590
589 1538
214 504
1820 57
73 719
1555 216
1083 140
327 1530
468 175
86 953
441 18
287 793
816 12
269 521
272 1700
1032 119
145 529
145 188
299 1742
790 761
700 947
1539 1821
23 113
299 1822
504 193
1135 67
378 284
426 20
490 20
680 1145
612 92
1611 88
612 378
1823 57
1533 230
510 387
1824 1000
522 404
412 1024
1825 501
1552 57
250 1414
468 1648
858 1685
29 1026
751 1508
998 669
1332 26
1279 67
1348 54
1178 687
54 1030
178 184
776 287
66 522
183 18
1826 57
858 351
304 1637
262 1527
1169 1122
435 12
1518 78
9 85
1335 67
23 236
691 483
1083 123
942 387
1467 477
1827 1184
261 546
922 764
1739 46
102 821
196 453
903 26
1740 1178
133 1248
601 48
372 179
896 938
12 162
283 272
1211 232
985 360
453 873
188 403
1828 1060
23 1829
43 1003
23 506
23 1830
1759 53
1294 408
991 1559
142 1831
1832 26
707 111
1612 35
436 1833
12 1813
306 1251
969 284
224 1307
1396 48
1709 520
23 1408
976 26
1695 67
895 557
463 12
1660 1666
124 790
934 1685
388 327
137 969
492 216
54 1172
12 117
1834 71
1 171
317 571
1115 1821
343 418
1269 1835
1013 287
1836 3
789 78
617 304
1047 1741
54 793
306 1466
73 1814
23 1015
328 617
263 1837
650 208
302 183
751 414
48 1838
1023 898
253 539
112 759
86 533
740 30
196 99
1007 341
917 184
746 392
714 890
640 1000
890 332
25 362
1839 57
216 265
398 965
176 323
287 994
1146 67
1840 1841
510 35
23 1399
1842 189
532 728
54 548
1843 250
740 95
1844 688
1845 26
83 1098
48 560
501 238
776 73
958 26
54 544
490 143
278 184
641 393
1846 73
359 1175
54 1205
773 387
54 533
26 1847
1348 8
1848 67
1849 293
452 460
139 23
600 1180
1255 786
162 276
1474 1098
388 51
9 1525
23 663
9 1544
23 1850
1565 91
155 30
897 769
307 26
95 947
328 236
343 1076
54 1851
9 1852
177 710
648 26
54 1422
28 206
18 242
1319 1126
1205 404
210 26
176 103
1824 64
746 487
808 67
1835 140
338 67
9 1119
152 30
814 824
763 92
389 757
1772 386
23 1089
583 46
1174 51
850 1454
71 1853
54 1013
54 569
751 162
86 1416
1186 685
522 39
605 930
23 1088
811 769
214 177
279 971
12 548
622 73
279 1477
714 283
1854 237
9 1589
1194 929
1153 35
118 206
473 434
602 73
1855 57
451 956
302 271
146 1345
23 1856
430 26
23 348
83 477
23 1828
1857 1858
698 51
263 852
942 35
1248 1455
26 304
23 1859
1860 1861
507 1108
263 680
1539 1862
343 760
478 268
302 492
23 1863
825 722
1864 57
835 531
237 1865
9 221
65 232
417 873
1740 984
67 1382
159 65
73 11
948 26
105 311
450 76
634 51
452 728
271 759
1759 896
391 890
126 184
258 51
23 1547
74 818
9 1503
759 184
9 672
1112 18
222 264
474 564
1866 113
1867 26
1868 1869
216 1802
1429 906
780 250
1870 627
73 1019
23 1464
12 1240
453 136
159 54
1098 790
606 930
97 532
825 206
617 247
23 1103
12 1510
1871 26
125 171
648 522
270 216
589 587
103 619
1184 1126
23 110
23 464
125 729
12 1435
897 26
23 1277
29 170
51 217
1634 164
173 1129
208 16
1533 349
733 115
1361 956
1326 237
1421 8
258 1532
92 757
1481 125
811 1368
1872 1217
74 824
474 919
595 353
25 1098
54 935
1683 896
12 1761
54 1068
1873 23
1161 481
489 113
359 792
1874 57
726 26
818 823
1607 8
314 783
523 839
1101 349
54 1297
546 95
23 1315
680 368
23 1053
987 384
1017 1757
1083 122
312 998
102 111
1734 57
1657 443
23 428
1875 8
1071 1090
595 57
580 26
902 125
103 587
696 1126
112 731
1573 67
1876 571
565 656
1270 1877
1655 311
1878 802
781 33
1202 594
560 232
176 589
490 206
54 154
12 228
668 757
1879 67
1880 26
956 1000
5 99
23 1881
849 477
1882 1029
302 410
179 126
123 488
1883 112
155 1835
259 1
58 838
272 890
73 1666
177 531
812 323
753 155
9 829
746 30
142 67
122 67
660 279
972 173
1369 216
1562 562
54 1322
545 1129
523 1613
206 1014
1710 67
312 1003
142 1297
1884 353
721 208
511 51
23 19
227 255
1207 1218
43 668
1885 531
1886 71
115 368
617 1887
404 35
1007 895
907 1641
409 1713
1448 293
849 1042
1888 523
160 757
51 216
660 530
250 8
35 491
746 22
536 216
845 1655
1086 1033
453 790
54 1320
1889 67
118 440
23 1890
612 779
897 880
54 837
54 1717
740 501
1233 1660
50 216
835 753
21 1749
1498 304
1891 1795
196 26
1350 8
118 713
9 1332
1892 199
849 23
30 1530
189 1893
1219 304
1494 8
71 1865
1205 571
1894 8
794 86
902 216
1737 51
529 403
564 737
691 1796
12 1895
1040 60
143 407
1282 1298
896 1438
173 1132
80 250
353 1896
23 1322
54 299
503 832
1472 803
225 458
815 580
73 202
159 442
3 351
1086 813
23 1897
266 516
216 1898
423 782
214 99
302 18
922 377
12 1297
116 1145
417 1899
1900 26
83 46
736 8
54 1901
73 1813
691 299
54 1902
250 1903
1269 140
76 1904
546 237
28 947
1269 544
760 504
2 125
54 487
1017 1905
822 8
12 42
67 1906
1907 57
115 206
317 994
1516 1841
102 707
273 594
188 961
391 218
176 147
155 625
1908 255
12 493
33 782
1049 1565
1909 1604
1910 57
23 313
272 26
1911 23
54 1912
1086 576
1317 383
286 86
1913 26
270 125
522 531
891 533
1358 1665
85 67
23 1018
51 590
159 1211
680 98
372 46
391 272
813 367
250 274
1324 304
1477 140
305 353
343 230
201 8
21 301
691 212
23 1442
18 171
1914 1
693 333
97 6
411 18
741 167
1915 23
453 99
35 580
471 334
832 489
1527 598
1916 54
404 1569
271 216
48 380
589 347
160 668
1480 504
23 350
54 875
51 189
33 589
54 1545
112 729
73 752
255 262
1443 103
3 30
617 208
54 1917
1918 1189
1671 8
1514 26
23 1813
313 757
613 1024
123 1473
1205 73
1270 1919
26 403
133 542
9 1920
746 196
803 790
1282 855
1846 12
1841 35
305 646
797 965
62 21
340 241
54 1921
1032 1648
738 26
1090 912
132 150
3 1895
1267 905
1533 1101
250 285
4 1922
875 386
54 1923
1767 957
54 784
607 363
444 679
54 520
439 119
1173 1560
1924 1341
196 1858
222 164
326 287
605 327
1481 1
940 580
54 1925
137 1222
6 237
176 770
259 51
18 1
579 1
48 96
140 878
196 1926
16 844
271 481
83 1515
953 8
243 230
415 216
546 1552
923 707
263 1060
883 9
1059 15
813 368
1035 379
54 165
1359 216
1587 279
97 1076
1295 1538
897 1400
73 1242
1882 1927
18 345
917 18
318 564
1565 92
574 1
330 1928
34 782
1190 642
54 1929
73 249
703 339
321 73
67 1503
1930 142
15 1202
92 669
362 351
1355 1372
1804 1633
54 560
1609 123
99 193
368 790
9 1612
1032 901
1037 1007
485 18
631 12
318 434
51 410
377 332
1931 845
18 983
1037 1000
23 317
904 26
864 8
532 452
377 272
73 681
515 86
1 51
1879 1932
263 1220
23 1139
1088 1511
1933 8
9 1344
1155 1090
949 8
1604 539
78 457
54 174
1377 271
23 1934
708 1328
469 648
473 737
54 953
86 1350
54 1798
1578 67
546 279
140 380
267 515
822 86
1130 1599
334 472
1059 88
812 324
751 679
1094 54
15 346
76 387
1094 73
23 1935
1351 854
231 280
23 1146
146 99
1936 57
54 1302
343 1899
1025 1937
386 1510
1295 1767
135 86
347 420
1938 57
1908 1372
33 1538
54 1939
73 498
76 721
1809 247
1940 523
108 73
15 594
135 73
1941 890
1609 140
1533 348
1942 1943
146 193
1200 1248
287 736
263 149
23 1944
12 331
558 999
1220 67
125 759
919 1105
1611 594
1295 33
669 908
708 62
1162 1211
969 890
426 908
468 30
23 1945
23 1530
851 1946
1340 12
574 51
1705 71
159 102
1472 143
560 102
377 1947
905 1948
159 286
48 1949
1230 179
250 182
180 12
891 803
328 176
600 580
441 51
1030 86
51 242
1103 1023
326 12
1436 387
439 713
23 154
177 324
48 397
661 279
314 606
741 143
1950 57
216 729
1951 23
23 1283
753 625
1017 1795
1415 896
685 409
1741 1455
183 112
703 1604
302 603
740 546
54 405
404 155
224 67
1026 12
1076 460
118 439
560 86
667 737
612 560
1952 523
54 1953
112 1
1587 140
574 18
408 1389
1035 20
1787 896
250 568
9 1792
976 250
697 67
346 1372
86 994
215 125
1176 824
792 71
306 330
94 110
105 1248
681 8
250 39
1481 271
1954 1955
1956 1339
54 736
797 361
54 853
25 924
1112 125
274 64
440 119
981 1024
671 64
956 1731
1448 1011
1957 57
124 1755
54 1723
12 569
78 517
926 26
1958 250
343 532
1195 67
1218 1652
1509 78
15 420
769 1126
43 313
287 192
426 668
471 333
23 1959
857 1685
29 404
627 1960
1961 1101
714 284
23 376
206 230
73 1172
212 482
12 30
41 130
647 67
753 1885
73 239
866 844
477 911
13 1962
73 1238
880 407
1101 586
1963 57
1825 298
532 461
416 184
1639 250
473 433
1083 660
54 864
558 1824
580 604
302 171
693 360
54 151
1248 542
9 1382
