1630 4881
5 6
13 14
15 16
23 24
25 26
27 28
31 32
47 48
51 52
56 57
61 62
67 68
70 71
72 73
80 81
84 47
89 90
96 97
99 100
101 68
108 109
112 113
120 121
123 24
124 125
126 127
129 130
137 138
142 143
148 149
155 156
159 160
169 170
173 174
177 178
179 180
181 182
183 184
185 186
193 194
197 198
202 203
205 121
177 212
170 215
223 224
225 162
90 230
231 232
233 234
239 240
241 242
243 244
246 247
267 268
275 276
281 257
283 284
130 287
292 293
298 140
301 14
304 305
102 309
180 313
321 322
325 326
329 330
334 335
240 109
254 345
346 347
355 356
84 366
367 368
369 321
382 383
166 385
402 403
276 406
407 408
409 410
409 411
413 414
417 418
419 420
422 423
366 188
424 425
243 426
444 445
35 447
56 140
454 455
456 457
460 461
464 24
366 321
468 469
472 62
480 481
482 483
484 485
490 491
492 90
493 494
505 483
228 509
287 90
518 492
519 520
252 522
72 527
530 531
291 247
541 542
550 551
559 560
254 562
243 568
571 572
574 17
254 533
579 580
583 35
584 585
588 589
599 600
56 298
605 606
424 609
610 611
612 6
613 614
292 231
493 624
625 626
321 628
630 631
284 633
304 231
435 267
444 635
72 90
383 37
645 646
647 406
620 648
649 650
475 269
243 663
672 418
543 679
97 647
685 686
148 687
366 369
55 125
697 698
708 709
607 710
14 716
719 720
721 542
729 730
731 732
334 186
733 734
737 738
741 742
743 469
383 746
747 748
709 418
753 754
761 685
762 763
764 765
27 371
492 330
774 775
779 304
780 650
781 782
25 420
786 150
23 790
791 26
444 795
749 661
799 121
805 806
807 808
275 267
292 826
827 828
775 829
830 560
831 483
191 834
835 599
842 121
848 444
850 212
14 862
863 864
868 102
210 263
185 764
774 878
879 572
880 881
884 885
888 889
334 890
892 893
894 166
900 901
902 97
530 903
275 904
907 6
130 330
383 911
914 687
96 915
257 916
104 917
918 919
601 210
162 923
179 347
150 102
587 109
191 131
936 656
35 426
938 656
275 97
941 942
269 943
409 90
287 329
950 951
966 101
623 707
971 224
976 14
980 155
989 782
493 991
241 992
188 765
954 669
125 994
383 995
559 998
1007 68
1014 600
882 1019
791 1020
1021 27
1022 246
1024 1025
1026 833
1034 646
649 1035
147 765
1042 6
1044 298
373 1047
1048 1049
1051 1052
1057 487
482 147
1060 267
1065 502
1070 894
643 1072
481 1050
1073 1074
475 1075
1076 556
1077 1078
420 1080
879 14
269 1089
646 426
1095 1096
1099 609
1103 1104
423 406
225 1032
366 47
1113 1114
1117 212
959 782
749 624
1123 1124
243 1125
334 864
1133 1134
647 48
1135 14
417 892
197 1140
868 1142
1052 1145
1146 1147
786 6
173 1151
1153 1154
1157 35
1159 636
628 48
331 115
530 1167
1172 455
1175 316
1179 487
499 268
596 1184
1185 1186
417 1189
1193 1194
1196 129
1200 243
1208 1209
1210 434
1211 1212
417 1214
84 915
1215 1216
148 422
1217 120
1218 1219
321 1226
1229 56
1230 6
1233 1140
533 640
779 174
1244 35
444 568
1245 74
1251 1016
868 741
779 231
129 1262
1266 1267
520 100
142 1280
764 1281
1282 585
830 406
1288 1289
1295 1296
1297 573
104 1301
137 1302
1304 742
518 568
1010 1323
1325 24
181 345
1328 1329
1330 24
1332 1014
1336 1337
1340 606
499 560
1346 6
1347 6
1348 1349
892 540
1350 207
387 1352
1353 661
1356 1357
1359 1360
1362 1363
1175 626
1103 78
148 1371
763 1374
556 483
17 1375
1376 417
1007 630
1383 1384
733 345
1032 1385
1392 61
287 1065
551 233
1398 1399
1401 35
366 1026
1412 906
97 1419
1423 24
387 287
868 1429
1312 1430
185 50
99 520
1221 1438
1439 1281
1442 690
1446 1447
574 1451
955 14
1452 1453
731 533
1457 624
889 685
1193 1460
425 1461
1354 1462
456 734
183 1472
1473 763
924 686
14 591
1476 292
73 155
1485 580
764 1501
14 1502
272 742
125 1508
129 1511
607 1104
1514 887
1515 1516
460 1060
1519 1520
1523 1524
1530 1531
55 1542
70 46
1480 383
1545 104
1546 1547
1552 966
275 1419
1558 1297
1502 6
976 102
422 765
647 1060
148 830
776 1564
882 1565
61 120
1570 55
35 1573
1578 6
1215 713
1586 887
150 1225
487 991
84 687
1595 1596
499 1597
1598 193
55 67
1604 1605
55 685
1610 991
24 1143
197 1613
96 1620
1072 1621
1623 1438
455 1626
1627 1628
84 422
1637 887
1640 850
163 112
223 1644
1647 1648
292 1653
1654 326
1245 170
1658 193
1233 542
275 1597
749 971
1660 828
1661 620
1663 30
646 1666
1667 1668
697 1671
73 1673
104 1674
82 59
1613 1679
1035 14
244 24
1690 414
1696 422
1699 1700
37 1704
1707 892
1021 170
1709 1710
583 444
104 1712
1667 1717
102 1718
108 587
1730 870
1735 1736
188 560
1739 1740
1393 640
1746 1747
1751 1752
1756 14
292 1024
444 1758
130 322
1759 1760
452 1103
1696 687
763 901
647 422
748 166
527 1767
1772 640
505 1076
1585 1778
1658 1779
1123 1780
1788 1789
417 1792
264 1795
1709 1796
1558 1799
1429 6
1802 9
1022 24
1627 231
143 1788
550 560
148 1810
657 1815
1821 1822
1829 1830
646 1831
620 616
1203 1789
84 764
610 1658
477 1412
1842 444
1843 844
1500 1844
444 1845
1846 697
454 887
1412 1851
313 1852
499 1499
1856 68
163 1857
1858 383
52 847
1541 636
882 389
1862 1524
306 1864
82 1865
1020 1871
1193 607
1874 887
1355 35
493 14
32 966
100 1896
1076 1897
1203 657
1901 1485
1707 1175
1903 1904
1905 1165
293 864
1289 1906
611 1907
705 1795
1197 1915
1916 6
304 1627
1007 163
1336 306
887 1918
84 1371
649 1928
763 1931
321 1597
366 1936
551 321
1939 441
549 522
1945 1946
1948 27
1949 542
166 1931
1954 1488
104 371
1211 389
756 1955
1129 163
102 1956
143 1907
366 1960
55 1964
191 1353
1966 196
1796 1710
645 257
571 1967
807 1969
1970 181
1972 102
1747 360
334 59
1709 624
1977 1821
181 1978
1981 734
607 456
233 1982
1983 73
80 1987
1988 551
219 1989
1107 37
27 1990
850 35
1994 588
1997 1998
26 966
1292 833
851 492
2006 37
1281 50
2009 1542
76 902
1983 1767
197 1822
2013 35
551 765
779 305
2014 291
2015 178
646 991
1347 742
1217 1661
43 1408
607 292
275 590
2014 518
2021 2022
2030 640
257 1573
764 687
1523 379
2034 1214
1107 1080
169 609
243 24
1374 1931
2039 35
419 2041
2042 2030
409 707
2048 889
148 765
2049 24
1022 243
46 35
1203 1280
2053 892
1448 2054
2057 1740
646 1410
1452 775
2063 408
254 181
1117 1640
1735 2066
129 2067
482 556
257 1831
2071 2072
444 991
607 1165
455 716
738 1145
2082 6
338 1896
2083 1931
97 268
2086 1500
1076 147
268 406
1767 801
254 2089
2091 181
1244 444
830 1500
76 2095
995 37
205 25
2104 1074
76 1226
776 600
70 646
2107 2108
1750 37
2115 90
84 48
2118 1219
1022 444
1690 2119
1570 32
551 915
892 316
1802 444
241 108
2132 966
3 2133
645 24
1874 2144
366 1915
1907 1789
965 121
2158 441
72 2164
2167 6
1904 2168
1751 1052
2180 48
1436 1537
240 587
1535 908
1401 646
1830 1025
2191 734
2198 1282
881 1050
126 1575
551 687
2201 2170
455 1514
1948 104
251 2216
1419 406
2225 35
129 2229
646 1465
1072 2041
2235 2236
579 1400
1340 219
2244 2245
1010 881
444 247
1948 522
73 145
868 2260
2261 2262
556 509
1381 14
2264 24
1052 1946
1264 37
254 719
2269 6
1535 626
366 1292
1221 1700
228 1760
1032 147
2066 1852
2277 2278
2283 316
84 830
2284 1120
2287 2288
2290 1570
2295 2296
1862 1044
228 2169
505 1677
892 1998
373 170
9 1845
646 2301
409 287
2312 1165
1271 1697
257 2317
876 383
163 707
1185 556
1344 56
646 1995
1095 1537
616 481
47 422
1049 841
502 389
685 2334
882 2012
2346 1940
35 2348
14 1429
808 1969
1802 35
740 2366
353 502
243 2367
276 1501
611 1789
2372 951
2374 198
2376 942
35 2377
2387 455
1178 867
27 917
14 1516
1552 68
649 2396
2398 873
646 2399
2402 646
2403 186
550 1867
2408 243
160 2409
2410 709
1661 1813
1862 959
924 685
2417 709
169 131
1667 2424
2431 2090
173 2437
318 1151
2438 1810
72 1032
2442 35
1175 9
142 1789
749 181
2446 2178
600 481
1401 24
73 127
649 862
2451 830
2452 35
1146 2453
901 1780
1751 2457
14 2459
43 403
259 2461
316 633
1007 806
148 1597
2470 801
2474 1780
148 48
2478 383
2432 243
987 994
2014 646
1353 1165
444 2483
2454 371
1336 313
742 2489
1175 633
830 422
1171 1044
1843 522
628 422
422 2169
2508 334
46 30
2512 697
2513 113
292 2517
334 1446
2431 2521
594 217
2524 2525
2526 163
2529 2530
2403 687
334 906
2533 1537
14 2535
76 268
1273 389
243 2538
1764 35
275 210
610 194
1371 2438
1362 771
1736 2198
2543 827
2544 1865
243 908
2550 1628
2554 343
1459 88
2561 2562
2563 2564
2565 2566
585 2568
2571 2572
193 1788
1032 483
733 37
914 422
169 2346
2015 177
35 1465
2596 2597
129 2603
601 1225
84 1026
482 1760
1288 2608
2229 6
1634 599
1072 2620
2437 1151
1747 469
641 2037
455 1120
99 2631
156 430
198 2635
24 1675
991 2637
2643 2043
2645 1699
35 2530
1057 624
481 1112
2652 401
2653 1059
2655 243
2656 529
7 2661
2099 625
2664 24
2669 35
73 527
269 307
780 1473
2067 14
96 48
607 1934
316 2675
369 2054
2432 24
2680 435
551 2054
2682 14
505 147
2132 791
2683 35
361 749
1499 268
59 383
2695 2119
383 1704
71 646
492 287
2673 257
505 225
2680 185
2726 2186
2009 2366
850 24
1499 1281
1545 549
2730 2454
129 741
2737 1214
1292 2438
1661 891
646 444
355 1836
2015 850
104 170
1598 1779
868 2742
97 422
2745 889
76 1810
181 1415
1570 67
1852 1282
2334 125
254 1852
14 2753
1531 2754
2452 518
2544 334
2626 487
893 441
482 509
2759 2760
2497 624
1362 280
764 2438
422 2766
551 823
1499 628
550 1226
499 1928
1954 14
1452 918
2777 868
2778 806
1810 687
786 1346
2781 24
80 2645
1696 1500
1844 687
2785 2042
1175 2410
56 1044
624 2792
2034 441
2329 618
2798 901
267 48
1020 55
1032 389
2198 806
161 1697
1507 35
225 1897
455 2805
174 1151
2808 24
1419 422
14 2810
1634 383
210 765
1718 6
169 1706
257 1666
901 2823
2824 1019
1667 2827
129 742
2512 2830
2833 928
1903 2168
2374 1822
1647 730
1113 2841
2137 231
2845 2287
257 1758
27 170
493 1706
1007 1852
607 2851
2855 864
2860 284
1735 1852
1007 2568
1649 892
1668 2424
868 2776
1548 379
472 2041
2868 2869
868 2870
2235 1516
1336 1736
1776 1702
35 1310
1598 1789
163 2259
400 1112
2680 1439
2879 234
383 864
2296 1219
491 2886
2180 687
353 373
424 1383
276 1810
2892 2278
366 406
169 955
1026 1810
2894 1297
444 184
2899 24
831 556
2798 1931
775 918
1052 738
2903 108
2905 37
2374 2906
35 2110
1447 1264
1124 166
225 556
1473 1931
455 1516
892 2926
2543 1297
2930 916
2012 1273
2512 1671
35 568
1203 193
35 795
541 198
914 276
1673 1767
2944 383
1024 293
2164 801
409 623
499 2180
2887 749
2943 1028
2960 2066
1412 2961
2478 37
2969 2970
906 2971
1821 1613
25 2975
316 908
1735 180
2982 719
499 1015
846 661
269 2686
733 841
14 392
304 841
130 1500
1383 1461
148 551
2372 2760
417 3004
915 1620
2894 1668
1664 2420
611 193
505 1760
515 108
749 3012
2366 994
868 2167
2490 1535
1982 763
3016 1251
76 1371
2041 2174
162 1211
1021 219
1661 120
1759 1559
3026 1537
254 720
2051 868
1356 198
751 2041
150 1455
674 864
1558 1717
3033 738
725 27
1158 104
835 481
1858 37
3035 231
1203 529
3040 646
2021 901
1627 841
1707 1535
191 2037
791 685
32 67
1000 2474
291 3060
966 3061
550 687
733 383
3062 2226
3063 441
72 1767
2296 3064
2424 573
2021 2962
2099 243
3066 3067
76 2438
831 1032
104 1385
373 1019
3070 3071
1211 923
2169 998
1288 1906
2436 1767
1799 3080
379 2191
287 330
3083 30
1175 625
407 2063
2408 35
74 274
734 1771
2723 3095
46 3097
3098 801
1104 3099
2216 3101
494 3104
550 1810
955 37
231 400
2508 1446
3113 2186
461 1226
163 3114
1203 143
3116 572
366 499
987 125
1197 2438
3120 709
482 1897
97 1810
1931 650
997 215
233 1931
275 321
1336 3131
502 307
3133 1542
148 1060
2808 35
781 298
1042 3138
3140 571
643 1217
417 2860
2099 892
1570 68
306 1282
3144 1910
169 1104
1795 24
2680 687
1548 2191
1736 2066
499 2095
810 257
2745 685
966 68
1658 1598
3151 1989
956 1460
3152 3153
1847 2410
499 1371
765 406
959 298
1558 1668
163 1975
1836 3163
76 422
1203 1658
193 1789
2331 2278
292 1830
879 1967
15 3175
1120 2805
316 3176
1215 196
3181 2653
1210 1251
1690 3188
454 1393
827 2424
137 368
1735 630
1348 3205
1578 742
409 108
1225 556
1419 1060
830 1060
254 2125
259 624
543 2278
646 1244
247 24
306 3220
827 1717
55 31
325 606
51 1693
706 33
1217 565
889 55
892 3120
24 426
2969 698
3220 1337
868 1511
1083 1501
3233 2278
417 2417
628 559
346 313
383 3239
1558 2424
3248 1211
902 1197
2445 533
73 2026
1136 2157
3266 416
499 874
1185 601
76 1281
1292 188
3270 121
611 1598
1836 2366
67 966
2014 24
3131 1670
96 2438
1129 3248
1667 1297
1340 90
646 3285
1419 1810
3288 441
455 1637
1007 1282
97 3293
1546 153
643 3297
188 268
3239 107
275 47
108 3300
1353 131
1576 1151
142 1779
3306 1459
924 966
666 1585
874 6
1412 3169
864 3312
2118 3314
3315 2817
786 102
786 2269
481 2915
522 215
1634 873
499 559
305 231
179 584
366 461
831 1759
97 2180
163 2686
609 170
1124 1931
2544 864
583 646
1499 50
646 1143
882 1741
455 2150
2366 125
72 104
1647 2474
881 1112
1207 37
635 24
1480 37
3337 2620
2451 1251
607 3339
780 901
1586 455
2283 1214
2091 1595
73 89
2943 3351
876 37
3355 1214
892 1939
1072 61
179 1670
492 411
1185 833
2470 1767
3361 2553
362 46
3035 2186
181 277
3365 3366
1977 1613
417 2689
1759 556
2944 37
827 3368
721 1140
181 2657
3320 35
146 233
291 3373
1133 1585
733 2237
1398 2697
455 3383
1077 166
1759 228
733 2986
643 3270
584 806
9 2014
1292 48
1535 540
680 765
2372 481
524 389
84 499
1281 2180
2659 3402
455 3403
2982 46
177 3406
355 2334
776 599
61 620
3133 356
2868 3294
791 3415
257 1703
1158 2652
84 267
646 568
1310 24
1436 1096
361 181
148 1560
646 2442
499 3433
224 1644
3435 383
3016 434
274 2012
1014 2915
607 293
3439 3440
1042 102
148 276
916 2317
197 3446
607 305
1822 1679
3461 291
130 323
1558 3080
456 864
130 219
130 267
499 48
2851 1653
499 915
257 2483
1176 3474
3475 24
1007 3479
3140 1967
35 1942
27 104
76 188
732 533
150 6
355 686
1661 37
1117 850
826 1025
764 276
444 2380
148 369
1421 1096
646 35
225 147
713 196
1559 482
2118 3064
876 1447
348 1635
254 640
181 2043
25 472
2490 892
383 3504
32 68
708 441
468 743
1014 1050
355 55
169 494
3509 121
733 107
3517 1595
543 2330
2730 371
275 2169
1095 3026
3521 14
2645 2278
892 2675
316 2926
624 285
292 738
562 2043
76 1060
2798 234
338 520
292 3528
1523 781
1337 1670
499 1790
1332 881
2466 472
2571 782
24 2538
1664 7
1658 194
749 2982
3541 3542
2410 1535
1140 542
2470 1673
455 3547
672 1995
275 1501
373 1969
2554 78
3554 129
3557 565
584 2198
96 276
879 3116
892 3063
1523 2572
2563 1233
321 559
1348 1229
3571 48
1076 1759
2099 1995
147 1897
382 335
2 14
1002 1969
1852 68
499 1960
505 228
3580 1447
765 48
2067 6
68 3163
2658 24
72 1983
3188 2695
1153 3586
918 3587
444 1573
472 1080
100 3589
1152 35
749 2125
100 2631
84 1597
914 998
3594 3070
487 3595
183 1104
1994 2837
3600 1147
417 908
641 2800
3609 35
1422 742
1634 674
494 1706
48 1597
228 1499
2683 444
1401 444
2431 3612
3320 24
129 3614
3616 1824
142 1907
163 2045
1757 2652
61 2041
551 1499
59 37
257 426
1874 14
2466 891
550 366
2512 2970
1730 37
733 3526
3586 1699
3627 3312
499 647
306 313
2107 3630
1049 1151
1336 2960
3373 246
76 551
456 2517
179 313
355 1267
150 147
982 2553
779 950
2099 35
76 1120
191 51
607 1653
43 546
1203 2428
1153 1700
472 565
551 276
3653 131
2680 499
1103 1165
84 1915
2684 455
455 907
270 330
2269 1455
2879 166
719 2657
72 330
3266 1217
161 1874
275 3667
1565 2012
2571 989
641 3669
102 741
3330 243
976 6
157 383
2296 3673
915 48
2817 3
3608 685
1171 140
269 1047
2177 166
2051 207
275 423
2408 178
779 3679
3688 806
880 481
1336 347
99 338
2634 636
2066 1282
779 1627
617 1104
2015 243
254 236
3701 2296
1156 3703
104 1409
1007 3131
1026 1499
2015 3406
765 904
3140 572
161 1271
1949 2564
743 504
1175 291
499 322
3715 14
889 3415
3725 640
35 23
2497 2530
1702 1267
3731 6
2553 2261
3181 1059
21 280
224 181
892 2034
1570 966
2264 243
791 25
1431 616
1447 864
2940 104
2177 833
2198 3740
1846 2512
487 528
1378 1295
3586 2278
2906 1613
321 422
3746 37
163 269
2563 542
254 1393
1661 104
383 2689
233 1264
499 551
366 2095
419 565
831 225
1336 2198
493 37
2446 246
9 1672
3764 2102
355 1542
968 3697
3725 2030
27 270
467 215
1570 101
2372 304
646 3782
3152 1542
831 1897
2544 382
3785 887
1661 565
160 1052
551 559
2924 1541
2099 2675
292 1628
733 2544
1789 1779
607 991
2284 3791
2235 3793
373 274
173 841
3800 455
991 24
148 499
2374 2635
2283 1535
2962 2823
305 400
835 881
2235 1515
1539 37
409 492
643 120
868 309
35 635
452 78
2432 35
1034 444
1667 1799
3822 35
444 3824
550 76
878 3587
102 1916
3828 1874
2059 2012
1344 140
2470 2164
518 635
524 409
1355 444
321 830
611 143
444 3833
499 97
1535 1214
355 3484
605 373
719 2043
3840 26
649 2682
55 32
55 26
170 648
3844 830
472 121
46 640
780 166
2894 2424
31 68
646 2013
505 188
3847 829
148 2180
607 529
851 1340
868 1135
452 343
779 1929
2474 3861
1906 2608
826 2191
454 214
3140 3116
847 3865
2118 3701
1511 207
1914 1491
1282 1670
3764 3870
259 2509
3301 1211
2408 24
1537 1096
1548 1044
505 1897
1225 210
102 907
468 360
1977 542
2392 14
830 1501
2244 477
3882 1446
674 906
551 146
186 3887
889 2334
97 687
892 1214
3 2652
493 487
56 781
1736 2778
868 3895
3896 1251
243 709
197 2374
2563 3446
2894 1383
646 2573
3901 2608
27 3402
35 2239
419 472
3138 1346
254 3012
649 3910
3587 919
284 892
1473 762
243 3782
1142 742
3916 37
444 2013
1336 1735
243 3034
1702 3484
2576 3922
841 305
2695 3600
1542 3923
551 48
1076 509
1153 1699
334 1865
641 1057
2689 1214
1123 3931
2235 14
518 646
2014 246
918 1453
269 113
630 1852
1995 1214
725 170
148 647
892 1075
1759 482
76 1026
3941 892
1882 1565
3144 3943
505 1032
2776 6
1852 1864
169 487
3949 3451
148 268
1266 1776
1357 198
185 1026
579 1485
1020 3608
205 1565
833 166
1010 1565
780 900
1282 2778
1661 420
76 276
3963 6
763 166
2331 246
1072 3966
585 2778
1381 1502
643 768
2470 127
422 268
76 130
2879 1982
763 234
1070 1931
233 763
1647 729
505 556
1398 2609
321 186
366 2438
73 801
2924 2634
422 1810
2090 3981
477 3982
1350 6
27 1757
3987 2296
146 1473
877 873
515 2723
2245 3991
733 14
287 269
97 1060
2099 418
2011 170
104 549
2260 742
1044 57
550 1060
1956 6
420 891
826 738
434 3896
2392 455
3475 35
4006 3949
334 3837
1724 873
519 338
1099 1032
1208 1360
434 1281
851 409
543 1221
1980 131
4015 2553
725 4017
417 2034
1010 2011
2975 620
2533 1421
3332 646
417 1075
4026 6
1214 1189
14 650
72 409
422 1597
918 878
444 1465
831 1083
647 2438
4032 306
749 1595
4033 6
331 422
35 2380
4037 2157
1904 2042
1225 1186
610 1789
1175 283
159 1946
496 243
3355 1995
1552 3484
455 967
4049 24
3901 1289
4050 2346
9 316
2894 1667
1123 900
1267 68
35 1325
311 246
96 1026
551 1083
3688 306
275 765
733 3482
2136 2366
851 389
104 252
1204 1203
661 2656
646 635
420 620
1123 3033
765 1501
366 902
2102 4078
1667 827
355 68
76 148
1336 2568
183 661
346 2778
499 830
1392 419
162 116
2814 951
334 383
4090 1156
499 1060
334 1447
1251 4093
2571 1524
35 1143
1142 129
1339 4094
2027 1537
2461 624
4095 188
2330 679
1913 2869
841 1151
148 1197
269 1258
3901 1409
3609 24
2051 6
487 1104
791 761
3840 685
254 4112
102 1429
833 687
1340 409
130 1408
35 3893
2191 140
1312 1442
3910 499
1020 685
1076 483
3000 444
3306 1438
306 630
1165 1104
841 3312
1125 24
499 1620
334 2971
1214 418
3301 162
868 1350
818 549
30 2657
1843 1398
4132 1393
3415 356
257 2301
1371 406
292 4133
1523 959
35 24
1615 166
830 48
147 509
1020 125
2565 4142
334 763
1724 2398
2894 2543
181 4149
4151 1558
3435 37
2930 23
643 1050
550 322
2040 2059
646 1758
527 801
1519 4159
383 2006
4078 4162
2216 4165
868 6
4166 14
1136 4037
2620 3966
306 180
239 108
444 4169
1668 3368
3220 3740
1473 234
254 4174
1649 246
292 780
1410 24
624 1459
630 1282
1329 4179
181 1126
1359 1770
4181 1394
641 624
1547 885
1301 1674
2960 806
515 241
2664 243
35 709
1419 48
3963 742
938 936
2957 2398
1623 4198
355 791
2374 1613
1585 1134
1244 257
74 997
1735 1670
97 998
2099 1535
4204 991
3321 217
542 3446
2924 3646
228 1897
2015 646
76 765
762 234
366 322
4032 1670
321 1060
546 1408
366 687
583 257
3368 2424
472 61
805 585
97 276
1211 1975
4219 1214
174 737
348 26
1410 35
3074 487
1997 633
499 422
1103 991
174 4223
1472 1104
3587 1883
97 48
180 1864
865 305
672 540
1406 21
1736 313
2290 55
541 2906
1724 2957
2284 716
2837 3319
991 3300
1297 2424
1218 198
2745 791
150 601
1297 1799
1865 37
2960 2198
14 1956
868 874
624 1394
1153 1221
1690 1147
565 648
1707 709
870 1264
3033 1830
2066 1337
129 4246
444 2573
749 4174
277 345
2483 35
4252 4179
3004 892
2563 1140
549 170
419 25
868 1956
791 686
420 121
35 663
180 1282
2798 763
178 35
2760 107
1281 186
177 646
102 867
807 373
210 1292
366 267
2237 734
887 2150
868 742
1281 48
2543 828
2296 3314
2167 207
763 894
367 138
46 1995
2387 14
1931 234
2620 1621
16 2618
1856 55
2041 3966
2960 585
1009 4286
3833 35
930 6
59 1447
17 1451
2894 3368
685 26
97 1597
3000 646
2110 2317
1955 2697
672 709
520 3589
1824 707
1304 6
383 3312
346 1852
388 170
1760 188
2201 65
647 1281
1356 2563
1026 551
998 406
1398 756
630 3740
4301 887
1523 989
1371 1501
1123 2823
2680 1281
1007 584
607 2137
1032 228
2512 698
107 1264
791 356
1410 444
275 422
1020 686
2198 347
887 1626
4311 2278
2860 892
1374 166
499 331
355 26
3361 2262
749 4319
2544 3312
1185 1225
2451 1032
185 435
470 2730
254 1978
76 1419
893 1214
556 1509
551 830
686 1552
157 37
1020 26
3715 4333
499 461
3406 850
3312 37
417 1995
1542 3163
1024 3033
2962 901
4338 2525
1736 585
607 779
2118 2282
749 4342
455 857
626 633
2066 2778
764 48
179 3740
1762 2331
306 1670
571 3116
325 605
276 590
387 754
499 687
9 247
1945 1145
1929 305
435 50
2504 406
837 35
805 254
344 1699
1385 502
1282 806
491 2317
1723 35
499 228
2158 417
1229 140
1668 1297
330 1254
9 311
543 214
2894 1461
35 212
620 1080
1060 687
2226 3922
2164 527
14 1718
482 188
292 2550
1660 1799
1867 461
325 1654
706 4378
1802 646
1759 1032
1824 286
1847 696
1829 901
774 841
1274 782
2778 1670
205 92
868 4388
779 3339
1837 887
550 96
1822 1613
857 887
4407 6
2824 270
4408 2296
454 1438
455 4
435 186
607 14
791 4411
96 422
3616 1525
292 710
287 2686
147 2169
1406 1873
275 764
3547 2284
275 915
1546 885
1843 1955
1217 420
129 2
515 3095
549 215
286 1273
455 4430
791 3061
51 3865
283 1997
649 2459
2892 543
419 643
551 4439
76 499
1810 998
455 4440
1564 881
661 46
1175 1649
362 3097
1856 966
2470 2026
2564 1821
275 998
868 2067
1095 1436
3847 4449
2367 24
148 97
2855 841
3608 26
982 2262
355 125
1552 1542
887 4440
756 274
169 661
72 1491
269 1075
148 559
24 1942
2144 2753
892 3176
848 646
96 559
950 2814
1563 4174
1178 102
733 1447
355 889
4476 3904
2656 1749
1371 422
3608 3061
878 829
2012 1019
159 1945
477 325
3289 37
1598 1788
1507 24
791 1871
1661 382
457 734
1473 166
2483 24
102 2260
697 2969
733 3312
1352 754
1318 14
646 719
174 231
1995 709
366 275
1772 719
180 3131
419 1661
1233 721
624 528
185 499
185 267
1523 782
3517 181
3725 2042
223 46
680 830
1051 1145
1318 1120
4378 33
291 1762
2664 444
219 269
625 441
2760 400
1032 224
1615 385
183 1355
3941 709
588 2837
334 3887
522 1409
181 30
2645 1154
2437 231
1565 620
428 130
2013 257
145 1767
646 2239
3033 2191
73 1767
719 182
4515 719
129 4517
366 915
2436 1673
1072 620
2438 186
4246 6
844 166
3233 690
870 1446
1123 901
55 68
2045 2609
482 1499
892 626
837 243
305 1628
411 389
851 3616
130 3249
1007 269
868 3474
240 3300
163 2609
4528 24
276 559
1158 549
1354 267
155 430
444 1143
2191 1171
775 878
444 2399
694 3019
147 556
224 3012
649 1488
1862 989
3330 257
1032 482
559 687
1022 35
27 1141
1145 3528
35 2538
624 2800
3337 2041
2568 806
254 2643
624 88
868 4545
3337 1072
84 2504
505 1759
3581 37
1874 2753
76 2504
749 254
791 3608
224 719
76 764
4376 887
366 96
1344 1524
719 4149
2652 1990
55 3608
74 2697
3557 121
243 1831
3474 6
829 919
1741 2012
3000 35
4568 2906
82 334
2191 1044
306 806
428 2504
3608 356
2512 2969
254 1595
24 4169
2894 1384
396 1360
223 646
1751 1145
1852 3131
4261 530
9 2240
646 810
14 2137
1060 1371
968 2071
35 2658
887 4430
607 1627
254 669
720 640
1165 529
444 178
901 4584
551 3069
697 2830
366 1197
31 966
3901 1288
1998 2926
102 3229
1211 116
499 267
611 1779
37 3119
1499 1292
1024 738
74 389
2879 2798
177 4597
1020 966
104 2652
147 1499
292 4603
1723 444
4604 2597
1792 35
1442 1430
1759 188
646 46
97 1501
185 97
3916 383
73 1387
518 1393
1736 1670
1376 1214
180 1852
1285 104
826 1830
1915 764
3840 686
275 833
180 1670
1799 4615
177 2408
35 184
649 4617
3895 207
1894 37
228 2403
1103 1472
2563 1949
275 185
382 107
269 1857
3220 806
477 4628
1523 1274
96 1419
1836 2009
382 1447
641 4635
366 48
1384 1461
543 1438
1762 246
4637 37
749 2312
764 422
771 280
1658 1907
1595 4342
1830 2823
334 1264
1595 719
1913 4641
2675 709
1558 4615
1654 606
334 37
559 765
2894 424
2827 827
313 1670
1229 1349
763 1264
4648 3067
520 1896
550 84
1007 2778
4261 1167
148 96
1792 24
334 2760
1647 1000
287 270
1179 1104
24 2377
173 457
171 2409
3548 742
129 2167
4204 1165
1635 26
1029 14
1024 1653
686 32
14 3312
2504 687
205 1323
1668 1717
366 1060
292 900
1739 2057
892 633
1673 127
643 842
646 4686
1007 1736
2346 1706
1810 48
1400 580
697 4688
746 37
414 2119
1915 709
340 287
1014 835
1195 215
1371 687
4528 35
835 616
419 2620
84 148
2372 305
918 1883
76 369
2495 1165
2156 3019
104 401
2012 389
1438 88
1336 346
541 1821
889 68
1813 1080
1026 1226
1635 620
1010 1014
2921 81
1142 323
125 68
23 916
1736 630
646 2483
3612 2090
4 2150
827 1660
147 1509
252 549
330 389
1709 1394
1438 2278
1032 556
97 47
1339 485
409 389
607 231
191 1693
2296 4725
1398 1955
1217 61
1668 1799
1663 46
4728 6
1707 2860
4729 1128
179 2778
26 620
1200 24
610 143
279 1472
892 2443
4739 24
26 68
775 4449
102 3474
1153 80
3138 6
90 1443
914 1371
2529 1165
1473 894
611 1658
499 2169
2572 782
4750 4751
1598 1280
1359 1209
2009 740
1089 112
1060 1597
607 2437
2156 2216
346 1736
4759 425
74 170
864 841
1735 2778
130 2504
889 3457
455 392
14 4333
4775 2553
136 3091
51 847
1060 998
709 1189
518 1699
1216 196
2695 414
283 626
379 1171
2099 633
170 121
1595 4174
444 1831
599 3579
1972 742
1865 1447
3688 1852
2118 3673
125 3163
420 3557
1050 121
2742 6
35 2317
444 4787
661 4181
914 321
2348 24
3840 966
1972 868
1960 765
455 4790
97 1928
143 2428
1208 1770
1073 2104
2839 618
889 739
1901 580
2049 35
2470 72
366 460
293 231
3587 1453
96 1371
3612 2521
950 305
499 47
3800 14
1667 828
2090 2521
887 4811
502 648
607 3035
24 365
1736 3131
472 620
4827 267
130 687
3646 636
142 193
1000 730
3580 107
2451 1060
1661 1080
549 922
565 1080
2284 665
2191 3312
3408 243
455 4301
3500 709
4839 24
264 705
4324 1412
291 1214
2072 3697
366 765
3098 1794
1751 1946
881 600
417 4219
2887 254
751 620
505 482
1977 1822
477 906
477 326
2461 2509
685 3457
686 356
499 147
1488 14
643 170
2680 148
1573 24
14 4246
467 1824
4597 850
17 203
1385 1491
2827 1297
2260 6
25 170
1523 140
4618 966
2470 89
1735 585
129 4026
366 148
1076 225
334 674
1666 24
456 3451
275 499
1824 1273
914 1419
1780 2897
2680 1499
4872 2906
1852 806
61 1621
519 1896
841 734
2408 212
409 518
477 1851
444 1703
3133 68
499 1026
169 37
3647 847
388 549
1564 481
3895 6
550 2403
338 2631
829 4449
3255 1049
4881 37
2380 24
257 4787
2237 3312
1340 326
831 1760
3785 455
2284 887
14 2396
1318 455
383 2905
935 734
4893 140
749 1563
1244 24
863 3312
1668 1660
1087 455
599 481
1336 806
1660 1297
1323 1565
366 914
355 685
102 2269
1982 166
409 89
2118 4725
96 687
1558 827
179 3131
1076 482
764 830
210 2504
610 1779
233 894
1354 1495
1087 887
233 14
2296 2282
1076 210
2669 646
239 587
3330 646
1262 6
72 411
646 4739
338 3589
243 123
1788 1280
868 930
27 1712
243 4739
605 326
3383 887
924 791
666 3115
373 1385
148 823
499 998
3594 3071
868 2753
74 2012
1730 1447
456 2191
3368 1297
97 2504
739 1542
646 2604
434 1251
2563 1613
624 2530
1476 737
1419 687
4790 887
2645 1700
550 1083
334 107
283 1762
291 1022
146 2083
14 4617
188 483
881 616
455 4376
1285 27
76 321
1661 1107
833 628
84 321
2497 2792
4750 2621
160 1145
2048 685
373 502
719 4174
2626 624
1346 1455
417 2737
185 321
243 1143
177 243
455 2284
2899 243
419 1072
1337 806
163 113
292 734
4223 737
366 551
2497 35
2066 180
786 1455
864 37
646 640
257 2604
2587 2366
3315 3
104 330
1014 599
1026 1060
3653 661
867 3229
613 1254
3688 1736
455 14
499 1226
1672 646
143 1598
3034 24
373 307
2290 32
130 1226
607 4603
464 243
1843 373
900 1830
456 231
205 565
228 268
1511 6
4165 3019
499 764
27 4017
661 1394
1153 2645
1915 321
444 4739
2014 35
2108 3630
1752 1145
594 3321
624 2037
2753 6
889 1020
342 1472
321 1810
2529 2312
1024 2191
422 115
52 2353
383 871
242 992
3288 1214
550 3844
475 2059
2645 1221
1462 1495
1336 3740
366 276
1762 633
27 2659
27 401
1049 864
3415 3608
868 4033
1076 1760
4204 131
4311 543
649 14
601 1509
751 5008
382 37
243 1675
27 2652
1736 631
1356 1949
3580 37
1152 243
1123 1025
219 3163
2051 129
2099 908
1024 826
1154 1699
494 1940
624 3669
1886 81
915 4439
1371 48
3040 24
146 894
424 4759
607 864
585 3740
233 650
647 186
3517 749
779 774
2296 5032
2277 246
643 121
3138 1455
115 2926
1499 14
2526 1211
366 422
4751 2621
2527 734
505 509
3847 919
419 5008
243 2348
266 129
173 900
663 24
2295 2118
719 1563
1007 179
9 1762
1215 1966
764 1371
915 559
2015 2408
3330 444
1964 68
173 1049
2049 243
287 1258
499 2504
2239 1795
1847 1762
14 2150
881 599
1438 4198
2921 1886
409 1409
499 2810
831 228
366 228
3822 24
162 492
846 131
170 1273
73 1794
477 3169
737 4133
4324 1851
1336 2778
1756 455
233 1473
1336 179
3266 420
1032 1499
1355 646
420 565
304 3339
2561 457
3000 257
1528 742
1677 1032
1862 781
262 1165
2366 1542
14 1928
5067 127
1060 560
764 321
791 2334
444 850
2083 894
764 1810
496 35
142 1598
499 1810
1591 2368
2118 5032
1654 166
102 3138
924 889
1473 1264
130 321
104 373
424 1099
4827 764
1696 406
1564 1014
892 1857
2118 2296
97 321
148 2054
2118 4408
2824 27
2239 24
84 2438
607 232
5 742
1007 2198
129 6
80 1154
764 406
609 1408
492 1211
1044 4893
1983 3098
188 2766
102 2167
335 674
130 1654
828 1297
889 26
1865 107
46 4174
2753 887
1605 3070
281 646
444 4686
499 4540
900 1151
2301 2399
588 3319
964 3091
1204 657
2283 417
3600 2119
4729 2042
321 268
413 3600
831 499
2680 130
3 4260
129 323
1029 2
1184 5111
1634 334
791 966
1292 2403
779 841
646 5118
2664 35
2618 3175
97 1371
3255 841
1406 4786
647 50
2504 422
55 966
55 1836
76 3293
646 1703
355 3608
1129 1955
1634 1447
3461 3060
194 1779
1070 2083
2125 46
275 830
2408 4597
649 499
281 35
1972 6
1374 234
2366 1508
1035 780
749 223
14 1009
968 2072
306 2198
3408 24
889 3840
1897 1016
4637 383
2495 529
1383 425
456 2561
1752 1052
2180 2438
1406 259
2012 2697
243 2614
833 47
5138 2303
198 1219
2673 646
601 556
46 1393
1204 1815
1221 3586
467 997
97 764
3402 170
1412 3982
749 719
487 1165
205 643
2086 1696
188 833
1956 207
499 1292
1357 4872
1934 231
2132 686
780 2798
56 959
918 4449
49 1185
243 1465
3821 131
2386 737
1982 1473
76 322
3220 2778
1060 422
1661 61
1371 322
3066 4648
356 966
1764 24
914 830
3579 600
1759 225
541 1949
2689 37
672 908
3679 841
3 2659
1446 383
1564 5173
35 908
1735 306
2868 1913
490 2317
2894 827
444 1393
1886 1987
24 3893
2879 763
452 2554
1172 887
5180 3114
499 321
2086 687
2798 166
2015 212
1152 24
1392 620
751 891
205 1019
879 3140
518 344
3482 14
383 3289
1640 2408
1175 892
104 1019
1211 2259
1760 556
177 850
292 3033
131 1165
72 1673
1049 3312
1948 1409
1229 3205
52 1165
1336 805
1967 3116
379 782
74 648
2090 3494
472 891
1026 97
366 1120
383 3119
82 864
145 1673
3220 1852
1465 24
1560 48
2457 1052
1193 956
3580 383
2921 214
27 2011
831 509
3355 417
1014 480
477 2961
540 709
155 1794
499 186
313 2198
2015 257
1336 1852
4759 1383
3764 4078
419 891
148 2504
901 5222
818 104
2045 2259
2845 2288
620 120
1076 1032
646 3833
283 2099
551 1419
892 3288
2283 1175
1598 1907
1025 3528
1843 1047
2924 636
2132 68
413 2695
1392 3557
99 3589
2656 618
924 26
129 1350
2886 2317
868 1230
1123 1829
559 1371
3339 305
1007 1337
630 2778
2571 140
707 90
248 1771
499 276
148 1292
801 127
1759 1897
1832 389
550 914
499 1120
550 499
643 3509
1874 5251
1408 115
1736 1282
781 57
1032 1491
1203 1779
830 559
646 1842
475 2513
292 2191
366 1419
169 3104
914 499
4839 243
1158 170
987 1508
5258 243
104 274
2298 24
2021 1123
27 1019
2015 1640
373 2504
454 2921
696 908
309 6
709 2926
413 2119
601 1186
219 2504
1078 190
257 5118
1658 1789
409 3616
900 674
864 734
148 914
1548 140
92 620
5271 710
1158 1273
1032 706
1690 2695
1948 1195
3904 2327
243 1666
1230 14
382 472
1217 121
97 2169
321 47
2544 1264
266 323
1032 1760
285 734
1175 246
76 1960
1401 243
3517 254
27 215
181 1393
1196 6
1340 1989
2879 334
2021 2823
3074 1104
1792 892
14 572
1024 1830
624 2312
1666 35
2489 6
210 556
269 1212
7 2420
2659 215
1649 2331
674 383
1842 35
1024 3528
283 633
1539 383
2099 2410
2626 259
3628 928
826 3033
76 275
1871 55
72 3098
1762 311
419 120
390 661
76 1015
626 709
1903 2042
74 215
14 4540
3131 806
2015 35
120 891
2099 115
610 1203
414 3600
3484 68
104 4017
2054 687
1658 1280
155 3098
72 1387
550 48
914 823
161 531
2527 2697
419 620
646 1723
559 2504
892 1189
3330 35
1128 2042
355 2366
768 121
3330 24
4094 485
2894 4759
373 389
914 97
685 356
686 68
1535 2675
2298 35
1159 2924
499 628
4528 243
765 3667
304 950
1340 420
366 1810
2879 906
906 3837
2839 1749
366 1226
1354 268
1523 1044
1736 3220
1193 231
647 559
1792 709
892 708
499 765
1752 159
1752 160
4881 334
205 170
3557 620
1447 3312
1857 709
924 125
1007 2066
610 142
130 268
1431 620
183 3099
4775 2262
188 2403
2104 1790
2680 422
1824 1443
4090 3703
764 435
1156 3125
4839 35
3548 6
1359 396
2346 3104
455 3791
2374 1140
143 194
1776 1542
2372 1112
1759 1016
417 709
2021 2222
1760 147
1960 47
499 1867
3133 125
228 1292
298 1524
919 4449
76 96
1080 891
2226 219
4151 1799
3332 444
444 1666
2868 4641
2102 3870
887 665
334 4637
1746 469
1446 37
276 687
76 2303
4637 1447
3207 2042
2408 3406
131 1905
959 57
630 1337
646 4787
2410 316
643 566
790 916
915 1060
1749 529
1575 127
14 967
254 4308
3040 35
1133 1778
56 989
80 1700
1883 829
894 1931
2099 1189
596 5111
2798 762
97 1292
276 48
2091 2043
742 6
2975 120
1759 509
2437 1049
1175 418
531 903
628 267
148 47
2470 5067
3901 1906
225 1211
690 1430
879 571
646 54
2158 892
1983 1673
4050 494
2894 828
551 422
1142 102
719 1126
51 1322
5425 1658
190 166
2372 2759
2553 4853
2603 6
847 1322
97 830
686 4411
284 1535
3981 3494
326 166
2894 1660
868 612
1762 908
780 1123
641 1457
2372 2814
102 1350
2879 233
2198 3131
96 830
456 292
3026 1436
646 257
694 2216
1610 3920
2470 73
59 107
198 3366
889 3608
275 1371
3033 1025
104 756
1217 891
35 1675
3255 2437
292 1123
1393 1563
496 2614
641 5443
493 3104
291 246
171 160
2374 3446
2982 1595
550 1197
275 130
646 3247
1197 1960
441 1189
2067 207
2529 624
219 943
5457 14
3571 97
610 193
2021 1830
807 1002
749 46
646 1393
954 254
5173 600
5463 2296
3580 334
2470 1983
2191 1025
892 115
850 243
487 2312
383 5470
1357 2374
550 97
2512 4688
646 3824
2290 68
2452 646
633 441
1057 1104
3504 37
284 709
1673 801
4853 2262
1843 549
1014 880
315 416
1707 633
1376 441
1176 14
254 224
54 2399
191 52
888 685
147 833
254 2091
3033 3528
780 763
163 2747
4827 97
4142 2566
254 806
1010 121
419 1621
674 901
3408 35
1967 572
2474 2897
1392 420
831 482
1060 559
72 5067
1949 1140
776 5173
1945 1052
3153 1542
1044 782
444 2442
2655 35
1852 3740
202 1375
147 1292
1916 742
1376 892
499 1419
1591 1755
202 17
941 2376
1702 3923
467 1443
3901 27
162 1212
4260 2133
868 14
84 590
606 326
631 1670
243 1330
585 806
131 2037
690 2278
1491 389
646 1125
1983 127
2527 215
610 1598
641 1709
2571 1044
1792 1535
646 2125
1422 6
1052 3528
3266 315
444 3247
2684 14
1032 1016
5534 6
3595 624
2451 1016
5258 35
3479 806
71 504
2259 2686
1824 90
1025 738
826 1123
565 120
2631 3589
224 4308
2533 1096
1014 1112
2527 2191
188 2169
224 4319
646 1845
177 444
379 4893
243 1573
605 1654
874 207
4006 3451
1281 268
97 559
5284 108
2675 441
1997 2926
868 907
646 2380
185 915
2053 1535
686 2334
454 4132
130 1989
3688 1670
147 210
76 1867
5258 24
499 1083
183 444
646 247
1446 107
541 1233
3403 887
5566 6
646 1573
2014 243
2571 379
130 373
188 509
1846 2969
1789 194
49 1225
280 1363
1076 1016
1099 389
734 3451
1175 3176
1448 687
97 628
3439 231
499 423
1524 57
1399 1955
499 5575
2180 406
243 3822
645 444
104 922
1399 2259
181 4112
73 2436
610 1788
2734 383
76 97
3101 3019
1356 3366
292 1025
3920 991
5180 163
2870 14
2045 113
4407 742
1759 483
49 601
292 5271
25 1217
505 1559
2099 672
2827 1558
1362 1406
846 1165
205 2012
5471 6
1542 68
120 62
129 5534
2037 834
193 1907
616 2915
161 2753
96 998
228 483
1749 618
2067 102
257 1845
9 646
1291 35
1392 1217
1605 3594
1340 891
749 1970
1790 874
1048 1151
161 4261
4545 6
25 120
248 2813
251 3019
3337 3966
2860 626
43 605
269 707
355 966
2813 1771
741 6
262 991
1024 1628
864 345
646 850
1221 1154
1595 640
1356 1822
16 3175
881 481
311 2178
3133 791
366 3293
1453 829
1847 908
1661 334
318 1049
55 686
1378 1296
3882 334
287 1254
97 369
345 3312
2563 1821
56 1862
275 823
4388 6
173 5629
1371 1810
1983 801
76 687
3083 46
181 719
607 5271
764 590
2645 3586
14 894
477 3991
3311 97
321 48
3125 3703
1356 542
2683 646
625 892
2781 35
1776 3484
367 1302
1499 765
782 140
550 185
2798 1374
1356 3365
1981 3451
3608 68
1423 35
505 831
383 1894
1548 4893
915 1867
753 1352
3725 2168
140 57
35 365
1194 1460
1129 1211
998 48
2290 966
2543 2424
643 799
2041 62
97 2438
3062 3922
791 620
1007 631
4338 2524
1673 527
124 1508
366 764
2870 207
1634 37
84 276
1788 1779
14 4286
148 1419
830 687
743 71
1883 4449
84 1419
2553 2262
519 3589
346 1670
626 908
1755 502
1702 1542
2014 444
2102 4162
150 556
3294 2869
980 1794
1813 104
143 1789
441 418
257 23
482 228
1007 313
605 166
455 4811
1010 481
338 100
649 4540
631 806
1672 246
263 2504
2785 4729
2571 781
881 480
1291 24
649 2810
360 469
646 2575
1032 1897
3440 231
551 267
646 445
3113 2726
1730 334
868 207
1024 1123
1983 5067
1837 14
1171 4893
709 908
254 971
291 1672
366 830
2837 589
1736 806
1862 140
1073 1790
900 1576
734 1151
1123 5222
444 2604
2656 131
791 889
35 4169
791 68
499 406
551 1960
2022 2222
1035 650
3526 3312
868 976
1667 1558
382 334
163 1212
193 1779
5251 2753
720 1151
2132 3061
686 3457
4388 742
37 911
25 1080
878 1453
2777 6
2443 441
4898 3542
1129 1398
1735 1007
444 1125
2451 551
1915 892
5067 801
2410 441
549 274
80 3586
3943 1910
130 605
1157 646
1788 1907
891 121
2107 5705
414 1147
749 2089
2564 542
646 795
868 3614
827 573
878 4449
2563 721
1980 2312
901 3931
3628 2833
1627 305
924 355
887 1120
1129 2609
643 965
643 3337
137 367
225 188
366 1371
419 1217
649 4166
275 48
457 841
185 1780
197 2906
2402 444
179 1337
2587 2009
2198 2778
1381 6
647 687
84 76
1605 3071
541 4872
591 4617
76 5138
313 585
1690 3600
1882 882
304 2851
499 833
2115 409
434 647
1776 1267
2132 685
881 2915
566 121
1021 1989
1907 194
1981 2191
2216 3019
43 373
185 1371
831 1559
362 2125
387 753
373 549
2962 136
751 420
5463 2118
1760 1016
457 1151
831 188
417 633
24 1831
3782 35
1032 188
1525 1824
304 1628
2734 37
410 90
1790 1074
2015 444
205 620
170 620
2374 4568
96 499
292 901
102 1346
991 35
243 2658
148 628
417 2410
197 1357
780 1374
550 275
2969 1671
1014 481
76 1915
2236 1516
183 169
5180 2045
2009 125
1821 542
2198 2568
2120 37
2940 27
1871 685
143 1658
102 874
1552 125
1598 194
524 1832
246 1214
3069 687
306 3131
163 1399
1989 3163
499 1281
409 230
257 2575
3614 742
3966 1621
285 935
2225 646
1072 565
5762 2386
73 3098
775 3587
97 5575
35 2637
444 1795
2372 779
1977 2564
2453 1147
2244 3991
1730 383
1357 2906
35 247
1117 178
2760 383
1980 487
3861 2897
1344 1229
1010 3402
4728 742
1135 6
1083 765
550 186
130 546
400 481
733 3627
499 2438
254 2043
155 1387
1359 1208
1065 1755
14 734
1667 2543
272 6
1822 2906
2513 269
519 2631
2513 2059
870 334
82 1264
80 1886
4399 24
162 389
617 1165
2969 2830
102 4246
1736 3740
2372 3679
301 2535
373 648
680 1501
630 313
889 686
1980 1165
254 313
2191 1771
2409 1145
3311 499
601 833
130 1810
456 2562
2132 26
43 402
837 24
610 1907
4628 3991
279 342
1406 285
3828 2144
782 1524
1078 166
733 1049
1452 878
233 166
5008 2041
55 356
2039 24
1516 3793
1983 2026
169 4050
587 3300
2027 1436
492 1409
383 1264
97 267
887 907
1525 66
1735 806
888 791
3306 88
2387 887
275 4540
626 316
417 1857
5566 742
129 3731
810 444
749 224
373 269
306 2066
1500 687
173 720
441 2926
3746 383
1021 104
892 709
1175 2675
5762 737
76 461
366 3433
1221 214
487 624
2926 418
142 1658
129 309
51 3647
565 170
3517 1415
833 2438
1328 4252
27 1195
1730 107
3337 61
1076 188
27 3
4898 3541
2445 732
84 423
1217 620
1602 3315
876 334
3782 24
1871 125
3715 13
1014 881
287 389
1032 1644
3220 68
191 3821
719 1393
3521 455
51 2353
4476 2327
1026 559
2040 2513
61 2620
76 267
136 964
1545 1674
646 4169
2284 4
3297 121
900 737
3608 966
607 1024
2374 1679
276 1060
455 887
520 2631
1128 3207
417 3500
340 1032
233 2798
104 28
1356 1613
2635 1219
2759 400
243 4049
831 1076
1915 499
1907 1779
321 406
1142 6
254 1596
5629 1151
313 806
991 1165
870 3580
1060 765
183 390
197 1679
2108 5705
173 318
2331 2277
762 1374
1438 214
1344 1044
275 148
3115 1585
185 1281
892 441
3337 1621
275 406
4517 6
1291 243
499 188
3133 1552
1123 4584
1401 257
3587 829
3614 6
355 739
1946 1145
3740 806
2329 1749
1723 24
890 37
864 107
733 2191
568 24
868 5566
383 1207
1802 2240
76 48
892 1535
292 737
178 850
531 1167
1007 585
287 1755
2527 2012
4584 5222
3586 1700
148 1439
685 68
2747 1857
1336 585
1007 805
97 765
868 1718
475 2012
1813 61
254 4515
2760 37
3320 243
435 998
779 1628
2136 2009
1546 884
14 3474
1558 828
649 1499
5173 599
2225 257
2132 355
827 1297
470 2454
1824 410
455 1918
733 864
484 1339
148 321
1830 3931
56 1524
2226 2576
991 52
556 833
96 321
734 3312
4604 2596
1914 1032
2120 383
146 1070
3133 3484
76 830
382 1080
2169 48
1124 901
885 153
383 1750
24 447
751 25
649 5457
444 2301
382 61
2664 646
791 3457
2726 3035
1089 113
645 243
334 762
791 2048
76 3844
1843 166
1604 3594
1836 68
2543 1668
2474 1648
2410 892
1824 66
283 441
129 2082
865 231
2366 3484
163 1047
749 3097
124 994
551 4095
868 1916
366 1988
428 3249
868 4246
1830 901
306 179
1558 2543
292 5762
1668 827
424 1660
3901 104
356 68
2283 892
1982 2798
97 1936
35 1330
646 1795
1406 771
3151 219
1772 254
1602 2817
243 696
1507 243
2962 964
284 908
914 460
1530 2754
4786 1873
334 3239
496 24
2680 149
2071 3697
2661 2420
331 47
2 6
4618 68
3982 1851
1007 3740
645 35
104 1141
2527 170
1528 6
626 1189
108 230
366 1867
1883 1453
1897 188
1233 1949
3475 243
1452 1883
1865 383
830 1810
607 304
3586 1154
2226 115
1473 2798
1028 3351
747 166
661 131
2571 959
2899 35
3608 686
3581 383
1014 616
1362 4786
1032 4378
2470 527
556 1897
5284 2903
2457 1145
444 3285
148 764
5008 2174
3554 6
950 3679
550 2095
366 97
5443 624
99 1896
1847 2099
163 1211
1264 234
4399 243
1677 1897
2960 630
1649 2277
3688 2778
2969 4688
493 955
1203 1749
1696 1844
1032 509
184 2530
2198 1337
2437 305
1673 3098
4159 1520
275 687
340 387
2504 48
130 1060
877 599
871 37
2118 3987
1254 614
219 115
1103 3300
1022 646
1076 228
143 1779
1406 624
3239 37
3012 236
1336 1007
4635 624
4252 1329
185 998
1759 147
1375 203
1007 2960
887 392
541 1356
2446 311
1048 173
1658 1788
321 687
417 1535
129 5471
1752 1945
889 966
434 4093
892 418
1406 1363
2170 65
3133 1267
2408 850
1344 959
5425 1598
14 2986
873 599
159 2409
4095 765
161 530
2168 640
340 1491
1706 1940
3764 4162
3521 887
1755 2368
1983 527
3176 441
499 2766
499 130
1107 383
1535 709
1010 170
72 518
2827 828
2841 1114
243 3893
243 1325
2655 24
551 130
609 115
1453 4449
2048 55
5470 37
185 2474
697 2970
1995 30
4015 4775
1010 169
73 5067
1362 21
831 1016
84 765
551 1371
1344 781
102 3614
455 1837
878 1883
2474 730
143 193
1696 830
