1619 4809
5 6
13 14
15 16
23 24
25 26
27 28
31 32
47 48
51 52
56 57
61 62
67 68
70 71
72 73
80 81
84 47
89 90
96 97
99 100
101 68
108 109
112 113
120 121
123 24
124 125
126 127
129 130
137 138
142 143
148 149
155 156
159 160
169 170
173 174
177 178
179 180
181 182
183 184
185 186
193 194
197 198
202 203
205 121
177 212
170 215
223 224
225 162
90 230
233 234
239 240
241 242
243 244
246 247
267 268
275 276
281 257
283 284
130 287
292 293
298 140
301 14
304 305
102 309
180 313
321 322
325 326
329 330
334 335
240 109
254 345
346 347
355 356
84 366
367 368
369 321
382 383
166 385
402 403
276 406
407 408
409 410
409 411
412 127
413 414
417 418
419 420
422 423
366 188
424 425
243 426
444 445
35 447
56 140
454 455
458 459
462 24
366 321
466 467
470 62
478 479
480 481
482 483
488 489
490 90
491 492
503 481
228 507
287 90
516 490
517 518
252 520
72 525
528 529
291 247
538 539
547 548
556 557
254 559
243 565
568 569
571 17
254 531
576 577
580 35
581 582
585 586
596 597
56 298
602 603
424 606
607 608
609 6
610 611
292 231
491 621
622 623
321 625
627 628
284 630
304 231
435 267
444 632
72 90
383 37
642 643
644 406
617 645
646 647
473 269
243 660
669 418
540 676
97 644
682 683
148 684
366 369
55 125
694 695
705 706
604 707
14 713
716 717
718 539
726 727
728 729
334 186
730 731
737 738
739 467
383 742
743 744
706 418
749 750
757 682
758 759
760 761
27 371
490 330
771 772
776 304
777 647
778 779
25 420
783 150
23 787
788 26
444 792
745 658
796 121
802 803
804 805
275 267
292 823
824 825
772 826
827 557
828 481
191 831
832 596
839 121
845 444
847 212
14 858
859 860
865 102
210 263
185 760
771 875
876 569
877 878
881 882
885 886
334 887
889 890
891 166
897 898
899 97
528 900
275 901
904 6
130 330
383 908
911 684
96 912
257 913
104 914
915 916
598 210
162 920
179 347
150 102
584 109
191 131
933 653
35 426
935 653
275 97
938 939
269 940
409 90
287 329
947 948
963 101
620 704
968 224
973 14
977 155
985 779
491 987
241 988
188 761
951 666
125 990
383 991
556 994
1003 68
1010 597
879 1015
788 1016
1017 27
1018 246
1020 1021
1022 830
1030 643
646 1031
147 761
1038 6
1040 298
373 1043
1047 1048
1053 485
480 147
1056 267
1061 500
1066 891
640 1068
479 1046
1069 1070
473 1071
1072 553
1073 1074
420 1076
876 14
269 1085
643 426
1090 1091
1094 606
1098 1099
423 406
225 1028
366 47
1108 1109
1112 212
956 779
745 621
1118 1119
243 1120
334 860
1128 1129
644 48
1130 14
417 889
197 1135
865 1137
1048 1140
1141 1142
783 6
173 1146
1148 1149
1152 35
1154 633
625 48
331 115
528 1162
1167 455
1170 316
1174 485
497 268
593 1179
1180 1181
417 1184
1188 1189
1191 129
1195 243
1203 1204
1205 434
1206 1207
417 1209
84 912
1210 1211
148 422
1212 120
1213 1214
321 1221
1224 56
1225 6
1228 1135
531 637
776 174
1239 35
444 565
1240 74
1246 1012
865 737
776 231
129 1257
1261 1262
518 100
142 1275
760 1276
1277 582
827 406
1283 1284
1290 1291
1292 570
104 1296
137 1297
1299 738
516 565
1006 1318
1320 24
181 345
1323 1324
1325 24
1327 1010
1331 1332
1335 603
497 557
1341 6
1342 6
1343 1344
889 537
1345 207
387 1347
1348 658
1351 1352
1354 1355
1357 1358
1170 623
1098 78
148 1366
759 1369
553 481
17 1370
1371 417
1003 627
1378 1379
730 345
1028 1380
1387 61
287 1061
548 233
1393 1394
1396 35
366 1022
1407 903
97 1414
1418 24
387 287
865 1424
1307 1425
185 50
99 518
1216 1433
1434 1276
1437 687
1441 1442
571 1446
952 14
1447 1448
728 531
1452 621
886 682
1188 1455
425 1456
1349 1457
1463 731
183 1468
1469 759
921 683
14 588
1472 292
73 155
1481 577
760 1497
14 1498
272 738
125 1502
129 1505
604 1099
1508 884
1509 1510
458 1056
1513 1514
1517 1518
1524 1525
55 1536
70 46
1476 383
1539 104
1540 1541
1546 963
275 1414
1552 1292
1498 6
973 102
422 761
644 1056
773 1559
879 1560
61 120
1565 55
35 1568
1573 6
1210 710
1581 884
150 1220
485 987
84 684
1590 1591
497 1592
1593 193
55 67
1599 1600
55 682
1605 987
24 1138
197 1608
96 1615
1068 1616
455 1622
1623 1624
84 422
1633 884
1636 847
163 112
223 1640
1643 1644
1354 1204
1649 326
1240 170
1653 193
1228 539
275 1592
745 968
1655 825
1656 617
1658 30
643 1661
1662 1663
694 1666
73 1668
104 1669
82 59
1608 1674
1031 14
244 24
1685 414
1691 422
1694 1695
37 1699
1702 889
1017 170
1704 1705
580 444
104 1707
1662 1712
102 1713
108 584
1725 867
1730 1731
188 557
1734 1735
1388 637
1741 1742
1749 14
292 1020
444 1751
130 322
1752 1753
452 1098
1691 684
759 898
644 422
744 166
525 1760
1763 637
503 1072
1580 1769
1653 1770
1118 1771
1779 1780
417 1783
264 1786
1704 1787
1552 1790
1424 6
1793 9
1018 24
1623 231
143 1779
547 557
148 1801
1811 1812
1819 1820
643 1821
617 613
1198 1780
84 760
607 1653
475 1407
1832 444
1833 841
1496 1834
444 1835
1836 694
454 884
1407 1841
313 1842
497 1495
1846 68
163 1847
1848 383
52 844
1535 633
879 389
1852 1518
306 1854
82 1855
1016 1861
1864 884
1350 35
491 14
32 963
100 1886
1072 1887
1891 1481
1702 1170
1893 1894
1895 1160
293 860
1284 1896
608 1897
702 1786
1192 1904
1905 6
1003 163
1331 306
884 1907
84 1366
646 1917
759 1920
321 1592
366 1925
548 321
1928 441
546 520
1861 55
1936 27
1937 539
166 1920
1942 1484
104 371
1206 389
752 1943
1124 163
102 1944
143 1897
366 1948
55 1952
191 1348
1954 196
1787 1705
642 257
568 1955
804 1957
1958 181
1960 102
1742 360
334 59
1704 621
1965 1811
181 1966
604 1463
233 1970
80 1975
1976 548
219 1977
1102 37
27 1978
847 35
1982 585
1985 1986
26 963
1287 830
848 490
1994 37
1276 50
1997 1536
76 899
1998 1760
197 1812
2002 35
548 761
776 305
2003 291
2004 178
643 987
1342 738
1212 1656
43 1403
604 292
275 587
2003 516
2010 2011
2019 637
257 1568
760 684
1517 379
2023 1209
1102 1076
169 606
243 24
1369 1920
2028 35
419 2030
2031 2019
409 704
2037 886
148 761
2038 24
1018 243
46 35
1198 1275
2042 889
1443 2043
2046 1735
643 1405
1447 772
2052 408
254 181
1112 1636
1730 2056
129 2057
480 553
257 1821
2061 2062
444 987
604 1160
455 713
2055 1140
2072 6
338 1886
2073 1920
97 268
2076 1496
1072 147
268 406
1760 798
254 2079
2081 181
1239 444
827 1496
76 2085
991 37
205 25
2094 1070
76 1221
773 597
70 643
2097 2098
1745 37
2105 90
84 48
2108 1214
1018 444
1685 2109
1565 32
548 912
889 316
1793 444
241 108
2123 963
3 2124
642 24
1864 2135
366 1904
1897 1780
962 121
2149 441
72 2156
2159 6
1894 2160
2172 1048
2174 48
1431 1531
240 584
1529 905
1396 643
1820 1021
2189 1277
878 1046
126 1570
548 684
2192 2162
455 1508
1936 104
251 2207
1414 406
2216 35
129 2220
643 1460
1068 2030
2226 2227
576 1395
1335 219
2235 2236
1006 878
444 247
1936 520
73 145
865 2252
2253 2254
553 507
1376 14
2256 24
1048 2257
1259 37
254 716
2263 6
1529 623
366 1287
1216 1695
228 1753
1028 147
2056 1842
2271 2272
2277 316
84 827
2278 1115
2281 2282
2284 1565
1852 1040
228 2161
503 1672
889 1986
373 170
9 1835
643 2294
409 287
2305 1160
1266 1692
257 2310
873 383
163 704
1180 553
1339 56
643 1983
1090 1531
613 479
47 422
1045 838
500 389
682 2327
879 2001
2339 1929
35 2341
14 1424
805 1957
1793 35
736 2357
353 500
243 2358
276 1497
608 1780
2363 948
2365 198
2367 939
35 2368
2378 455
1173 864
27 914
14 1510
1546 68
646 2387
2389 870
643 2390
2393 643
2394 186
547 1857
2399 243
160 2400
2401 706
1656 1804
1852 956
921 682
2408 706
169 131
1662 2415
915 2420
2422 2080
318 1146
2428 1801
72 1028
2432 35
1170 9
142 1780
745 181
2436 2171
597 479
1396 24
73 127
646 858
2441 827
2442 35
1141 2443
898 1771
14 2448
43 403
259 2450
316 630
1003 803
148 1592
2459 798
2463 1771
148 48
2466 383
2423 243
983 990
2003 643
1348 1160
444 2471
2444 371
1331 313
738 2477
1170 630
827 422
1166 1040
1833 520
625 422
422 2161
2496 334
46 30
2500 694
2501 113
334 1441
2422 2508
591 217
2511 2512
2513 163
2515 2516
2394 684
334 903
2519 1531
14 2521
76 268
1268 389
243 2524
1757 35
275 210
607 194
1366 2428
1357 768
1731 2189
2529 824
2530 1855
243 905
2536 1624
2540 343
1454 88
2547 2548
2549 2550
2551 2552
582 2554
2557 2558
193 1779
1028 481
730 37
911 422
169 2339
2004 177
35 1460
2582 2583
129 2589
598 1220
84 1022
480 1753
1283 2595
2220 6
1630 596
1068 2607
1742 467
638 2026
455 1115
99 2618
156 430
198 2622
24 1670
987 2624
2630 2032
2632 1694
35 2516
1053 621
479 1107
2637 401
2638 1055
2640 243
2641 527
7 2646
2089 622
2649 24
2654 35
269 307
777 1469
2057 14
96 48
316 2661
369 2043
2423 24
2666 435
548 2043
2668 14
503 147
2123 788
2669 35
361 745
1495 268
59 383
2679 2109
383 1699
71 643
490 287
73 525
2659 257
503 225
2666 185
2707 2179
1997 2357
847 24
1495 1276
1539 546
2711 2444
129 737
2718 1209
1287 2428
1656 888
643 444
355 1826
2004 847
104 170
1593 1770
865 2724
97 422
2727 886
76 1801
181 1410
1565 67
1842 1277
2327 125
254 1842
14 2735
1525 2736
2442 516
2530 334
2613 485
890 441
480 507
2741 2742
2485 621
1357 280
760 2428
422 2748
548 820
1495 625
547 1221
497 1917
1942 14
1447 915
2759 865
2760 803
1801 684
783 1341
2763 24
80 2632
1691 1496
1834 684
2767 2031
1170 2401
56 1040
621 2774
2023 441
2322 615
2780 898
267 48
1016 55
1028 389
2189 803
161 1692
1501 35
225 1887
455 2787
174 1146
2790 24
1414 422
14 2792
1630 383
210 761
1713 6
169 1701
257 1661
898 2806
2807 1015
1662 2810
129 738
2500 2813
2816 925
1893 2160
2365 1812
1643 727
1108 2824
2828 2281
257 1751
27 170
491 1701
1003 1842
2837 860
2842 284
1730 1842
1003 2554
1645 889
1663 2415
865 2758
1542 379
470 2030
2850 2851
865 2852
2226 1510
1331 1731
1767 1697
35 1305
1593 1780
163 2251
400 1107
2666 1434
2861 234
383 860
2866 1214
489 2869
2174 684
353 373
424 1378
276 1801
2875 2272
366 406
169 952
1022 1801
2877 1292
444 184
2882 24
828 553
2780 1920
772 915
1048 2055
2886 108
2888 37
2365 2889
35 2100
1442 1259
1119 166
225 553
1469 1920
455 1510
889 2909
2529 1292
2913 913
2001 1268
2500 1666
35 565
1198 193
35 792
538 198
911 276
1668 1760
2927 383
1020 293
2156 798
409 620
497 2174
2870 745
2926 1024
2942 2056
1407 2943
2466 37
2951 2952
903 2953
1811 1608
25 2957
316 905
1730 180
2964 716
497 1011
843 658
269 2965
730 838
14 392
304 838
130 1496
1378 1456
148 548
2363 2742
417 2987
912 1615
2877 1663
1659 2411
608 193
503 1753
513 108
745 2995
2357 990
865 2159
2478 1529
1970 759
2998 1246
76 1366
2030 2167
162 1206
1017 219
1656 120
1752 1553
3008 1531
254 717
2040 865
1351 198
747 2030
150 1450
671 860
1552 1712
3015 2055
722 27
1153 104
832 479
1848 37
1198 527
3021 643
2010 898
1623 838
1702 1529
191 2026
788 682
32 67
996 2463
291 3041
963 3042
547 684
730 383
3043 2217
3044 441
72 1760
2866 3045
2415 570
2010 2944
2089 243
3047 3048
76 2428
828 1028
104 1380
373 1015
3051 3052
1206 920
2161 994
1283 1896
2427 1760
1790 3060
379 2260
287 330
3063 30
1170 622
407 2052
2399 35
74 274
254 2081
2706 3075
46 3077
3078 798
1099 3079
2207 3081
492 3084
547 1801
952 37
74 389
2496 1441
3093 2179
459 1221
163 3094
1198 143
3096 569
366 497
983 125
1192 2428
3100 706
480 1887
97 1801
1920 647
993 215
233 1920
275 321
1331 3110
500 307
3112 1536
148 1056
1731 627
2790 35
778 298
1038 3116
3118 568
640 1212
417 2842
2089 889
1565 68
306 1277
3123 3124
169 1099
1786 24
2666 684
1542 2260
1731 2056
497 2085
807 257
2727 682
963 68
1653 1593
3131 1977
953 1455
3132 3133
1837 2401
562 1076
497 1366
761 406
956 298
1552 1663
163 1963
1826 3142
76 422
1198 1653
193 1780
2324 2272
292 1820
876 1955
15 3154
1115 2787
316 3155
1210 196
3160 2638
1205 1246
1685 3167
454 1388
824 2415
137 368
1730 627
1343 3184
1573 738
409 108
1220 553
1414 1056
827 1056
254 2115
259 621
540 2272
643 1239
247 24
306 3199
824 1712
55 31
325 603
51 1688
703 33
1212 562
886 55
889 3100
24 426
2951 695
3199 1332
865 1505
1079 1497
3212 2272
417 2408
625 556
346 313
383 3218
1552 2415
3227 1206
899 1192
2435 531
73 2015
1131 2148
3245 416
497 871
1180 598
76 1276
1287 188
3249 121
608 1593
1826 2357
67 963
2003 24
3110 1665
96 2428
1124 3227
1662 1292
1335 90
643 3264
1414 1801
3268 441
455 1633
1003 1277
97 3273
1540 153
640 3277
188 268
3218 107
275 47
108 3280
1348 131
1571 1146
142 1770
3286 1454
921 963
663 1580
871 6
1407 3148
860 3292
2108 3294
3295 2800
783 102
783 2263
479 2898
520 215
1630 870
497 556
305 231
179 581
366 459
828 1752
97 2174
163 2965
606 170
1119 1920
2530 860
580 643
1495 50
643 1138
879 1736
455 2141
2357 125
72 104
1643 2463
878 1107
1202 37
632 24
1476 37
3317 2607
2441 1246
604 3319
777 898
2277 1209
2081 1590
73 89
2926 3331
873 37
3335 1209
889 1928
1068 61
179 1665
490 411
1180 830
2459 1760
3341 2539
362 46
3016 2179
181 277
3345 3346
1965 1608
417 2673
1752 553
2927 37
824 3348
718 1135
181 2642
3300 35
146 233
291 3353
1128 1580
730 2228
1393 2681
455 3362
1073 166
1752 228
730 2969
640 3249
581 803
9 2003
1287 48
1529 537
677 761
2363 479
522 389
84 497
1276 2174
2644 3380
455 3381
2964 46
177 3384
355 2327
773 596
61 617
3112 356
2850 3274
788 3393
257 1698
1153 2637
84 267
643 565
1305 24
1431 1091
361 181
148 1554
643 2432
497 3411
224 1640
3413 383
2998 434
274 2001
1010 2898
604 293
3417 3418
1038 102
148 276
913 2310
197 3424
604 305
1812 1674
3439 291
130 323
1552 3060
130 219
130 267
497 48
497 912
257 2471
1171 3452
3453 24
1003 3457
3118 1955
35 1931
27 104
76 188
729 531
150 6
355 683
1656 37
1112 847
823 1021
760 276
444 2371
148 369
1416 1091
643 35
225 147
710 196
1553 480
2108 3045
873 1442
348 1631
254 637
181 2032
25 470
2478 889
383 3482
32 68
705 441
466 739
1010 1046
355 55
169 492
2994 121
730 107
3494 1590
540 2323
2711 371
275 2161
1090 3008
3498 14
2632 2272
889 2661
316 2909
621 285
292 2055
559 2032
76 1056
2780 234
338 518
292 3505
1517 778
1332 1665
497 1781
1327 878
2455 470
2557 779
24 2524
1659 7
1653 194
745 2964
3517 3518
2401 1529
275 185
1135 539
2459 1668
455 3523
669 1983
275 1497
373 1957
2540 78
3530 129
3533 562
581 2189
96 276
876 3096
889 3044
1517 2558
2549 1228
321 556
1343 1224
3547 48
1072 1752
2089 1983
147 1887
382 335
2 14
998 1957
1842 68
497 1948
503 228
3556 1442
761 48
2057 6
68 3142
2643 24
72 1998
3167 2679
1148 3562
915 3563
444 1568
470 1076
100 3565
1147 35
745 2115
100 2618
84 1592
911 994
3570 3051
485 3571
183 1099
1982 2820
3576 1142
417 905
638 2782
3585 35
1417 738
1630 671
492 1701
48 1592
228 1495
2669 444
1396 444
2422 3588
3300 24
129 3590
3592 1814
142 1897
163 2034
1750 2637
61 2030
548 1495
59 37
257 426
1864 14
2455 888
547 366
2500 2952
1725 37
730 3503
3562 1694
3603 3292
497 644
306 313
2097 3606
1331 2942
3353 246
76 548
179 313
355 1262
150 147
979 2539
776 947
2089 35
76 1115
191 51
604 2154
43 543
1198 2419
1148 1695
470 562
548 276
3629 131
2666 497
1098 1160
84 1904
2670 455
455 904
270 330
2263 1450
2861 166
716 2642
72 330
3245 1212
161 1864
275 3643
1560 2001
2557 985
638 3645
102 737
3310 243
973 6
157 383
2866 3649
912 48
2800 3
3584 682
1166 140
269 1043
2170 166
2040 207
275 423
2399 178
776 3655
3664 803
877 479
1331 347
99 338
2621 633
2056 1277
776 1623
614 1099
2004 243
254 236
3677 2866
1151 3679
104 1404
1003 3110
1022 1495
2004 3384
761 901
3118 569
161 1266
1937 2550
739 502
1170 291
497 322
886 3393
3700 637
35 23
2485 2516
1697 1262
3706 6
2539 2253
3160 1055
21 280
224 181
889 2023
1565 963
2256 243
788 25
1426 613
1442 860
2923 104
2170 830
2189 3715
1836 2500
485 526
1373 1290
3562 2272
2889 1608
321 422
3723 37
163 269
2549 539
254 1388
1656 104
383 2673
233 1259
497 548
366 2085
419 562
828 225
1331 2189
491 37
2436 246
9 1667
3741 2092
355 1536
965 3673
3700 2019
27 270
465 215
1565 101
2363 304
643 3759
3132 1536
828 1887
2530 382
3762 884
1656 562
160 1048
548 556
2907 1535
2089 2661
292 1624
730 2530
1780 1770
604 987
2278 3766
2226 3768
373 274
3776 455
987 24
148 497
2365 2622
2277 1529
2944 2806
832 878
2226 1509
1533 37
409 490
640 120
865 309
35 632
452 78
2423 35
1030 444
1662 1790
3797 35
444 3799
547 76
875 3563
102 1905
2048 2001
1339 140
2459 2156
516 632
522 409
1350 444
321 827
608 143
444 3806
497 97
1529 1209
355 3462
602 373
716 2032
3813 26
646 2668
55 32
55 26
170 645
3817 827
470 121
46 637
777 166
2877 2415
31 68
643 2002
503 188
3820 826
148 2174
604 527
848 1335
865 1130
452 343
776 1918
2463 3834
1896 2595
823 2260
454 214
3118 3096
844 3838
2108 3677
1505 207
1903 1487
1277 1665
3741 3842
259 2497
3281 1206
2399 24
1531 1091
1542 1040
503 1887
1220 210
102 904
466 360
1965 539
2383 14
827 1497
2235 475
3853 1441
671 903
548 146
186 3858
886 2327
97 684
889 1209
3 2637
491 485
56 778
1731 2760
865 3866
3867 1246
243 706
197 2365
2549 3424
2877 1378
643 2559
3872 2595
27 3380
35 2230
419 470
3116 1341
254 2995
646 3881
3563 916
284 889
1469 758
243 3759
1137 738
3887 37
444 2002
1331 1730
243 3893
1697 3462
2562 3894
838 305
2679 3576
1536 3895
548 48
1072 507
1148 1694
334 1855
638 1053
2673 1209
1118 3903
2226 14
516 643
2003 246
915 1448
269 113
627 1842
1983 1209
722 170
148 644
889 1071
1752 480
76 1022
3913 889
1872 1560
3123 3915
503 1028
2758 6
1842 1854
169 485
3921 3429
148 268
1261 1767
1352 198
185 1022
576 1481
1016 3584
205 1560
830 166
1006 1560
777 897
1277 2760
1656 420
3935 6
759 166
2324 246
1068 3938
582 2760
1376 1498
640 764
2459 127
422 268
76 130
2861 1970
759 234
1066 1920
233 759
1643 726
503 553
1393 2596
321 186
366 2428
73 798
2907 2621
422 1801
2080 3953
475 3954
1345 6
76 276
27 1750
3959 2866
146 1469
874 870
513 2706
2236 3963
730 14
287 269
97 1056
2089 418
2000 170
104 546
2252 738
1040 57
547 1056
1944 6
420 888
823 2055
434 3867
2383 455
3453 35
3978 3921
334 3810
1719 870
517 338
1094 1028
1203 1355
434 1276
848 409
540 1216
1968 131
3987 2539
722 3989
417 2023
1006 2000
2957 617
2519 1416
3312 643
417 1071
3998 6
1209 1184
14 647
72 409
422 1592
915 875
444 1460
828 1079
644 2428
4004 306
745 1590
4005 6
331 422
35 2371
4009 2148
1894 2031
1220 1181
607 1780
1170 283
494 243
3335 1983
1546 3462
455 964
4021 24
3872 1284
4022 2339
9 316
2877 1662
1118 897
1262 68
35 1320
311 246
96 1022
548 1079
3664 306
275 761
730 3460
2127 2357
848 389
104 252
658 2641
643 632
420 617
1118 3015
761 1497
366 899
2092 4050
1662 824
355 68
76 148
1331 2554
183 658
346 2760
497 827
1387 419
162 116
2797 948
334 383
4062 1151
497 1056
334 1442
1246 4065
2557 1518
35 1138
1137 129
1334 4066
2016 1531
2450 621
4067 188
2323 676
1902 2851
148 1192
269 1253
3872 1404
3585 24
2040 6
485 1099
788 757
3813 682
254 4083
102 1424
830 684
1335 409
130 1403
35 3864
2260 140
1307 1437
3881 497
1016 682
1072 481
2983 444
3286 1433
306 627
1160 1099
838 3292
1120 24
497 1615
334 2953
1209 418
3281 162
865 1345
815 546
30 2642
1833 1393
4102 1388
3393 356
257 2294
1366 406
292 4103
1517 956
35 24
1610 166
827 48
147 507
1016 125
2551 4112
334 759
1719 2389
2877 2529
181 4120
4122 1552
3413 37
2913 23
640 1046
547 322
2029 2048
643 1751
525 798
1513 4130
383 1994
4050 4133
2207 4136
865 6
4137 14
1131 4009
2607 3938
306 180
239 108
444 4140
1663 3348
3199 3715
1469 234
254 4145
1645 246
292 777
1405 24
621 1454
627 1277
1324 4151
181 1121
1354 4153
4154 1389
638 621
1541 882
1296 1669
2942 803
513 241
2649 243
35 706
1414 48
3935 738
935 933
2939 2389
3266 4171
355 788
2365 1608
1580 1129
1239 257
74 993
1730 1665
97 994
2089 1529
4177 987
3301 217
539 3424
2907 3622
228 1887
2004 643
76 761
758 234
366 322
4004 1665
321 1056
543 1403
366 684
580 257
3348 2415
470 61
802 582
97 276
1206 1963
4193 1209
174 862
348 26
1405 35
3055 485
1985 630
497 422
1098 987
174 4197
1468 1099
3563 1873
97 48
180 1854
861 305
669 537
1401 21
1731 313
2284 55
538 2889
1719 2939
2278 713
2820 3299
987 3280
1292 2415
1213 198
2727 788
150 598
1292 1790
1855 37
2942 2189
14 1944
865 871
621 1389
1148 1216
1685 1142
562 645
1702 706
867 1259
3015 1820
2056 1332
52 2346
129 4219
444 2559
745 4145
277 345
2471 35
4225 4151
2987 889
2549 1135
546 170
419 25
865 1944
788 683
420 121
35 660
180 1277
2780 759
178 35
2742 107
1276 186
177 643
102 864
804 373
210 1287
366 267
2228 731
884 2141
865 738
1276 48
2529 825
2866 3294
2159 207
759 891
367 138
46 1983
2378 14
1920 234
2607 1616
16 2605
1846 55
2030 3938
2942 582
1005 4258
3806 35
927 6
17 1446
2877 3348
682 26
97 1592
2983 643
2100 2310
1943 2681
669 706
518 3565
1814 704
1299 6
383 3292
346 1842
388 170
1753 188
2192 65
644 1276
1351 2549
1022 548
994 406
1393 752
627 3715
4272 884
1517 985
1366 1497
1118 2806
2666 1276
1003 581
604 2128
1028 228
2500 695
107 1259
788 356
1405 444
275 422
1016 683
2189 347
884 1622
4281 2272
2842 889
1369 166
497 331
355 26
3341 2254
745 4290
2530 3292
1180 1220
2441 1028
185 435
468 2711
254 1966
76 1414
890 1209
553 1503
548 827
683 1546
157 37
1016 26
4304 4305
497 459
3384 847
3292 37
417 1983
1536 3142
1020 3015
2944 898
4310 2512
1731 582
604 776
2108 2276
518 2618
455 853
623 630
2056 2760
760 48
179 3715
1755 2324
306 1665
568 3096
325 602
276 587
387 750
497 684
9 247
4327 1140
1918 305
435 50
2492 406
834 35
802 254
344 1694
1380 500
1277 803
489 2310
1718 35
497 228
2149 417
1224 140
1663 1292
330 1249
9 311
540 214
35 212
617 1076
1056 684
2217 3894
2156 525
14 1713
480 188
292 2536
1655 1790
1857 459
325 1649
703 4354
1793 643
1752 1028
1814 286
1837 693
1819 898
771 838
1269 779
2760 1665
205 92
865 4365
776 3319
1827 884
547 96
1812 1608
853 884
4384 6
2807 270
4385 2866
454 1433
455 4
604 14
788 4389
96 422
3592 1519
292 707
287 2965
147 2161
1401 1863
275 760
3523 2278
275 912
1540 882
1833 1943
1212 420
129 2
513 3075
546 215
286 1268
455 4408
788 3042
51 3838
646 2448
2875 540
419 640
548 4417
76 497
1801 994
455 4418
1559 878
658 46
745 4421
1170 1645
362 3077
1846 963
2459 2015
2550 1811
275 994
865 2057
1090 1431
3820 2420
2358 24
148 97
2837 838
3584 26
979 2254
355 125
1546 1536
884 4418
752 274
169 658
72 1487
269 1071
148 556
24 1931
2135 2735
889 3155
845 643
96 556
947 2797
1558 4145
1173 102
730 1442
355 886
4454 3875
2641 1744
1366 422
3584 3042
875 826
2001 1015
475 325
3269 37
1593 1779
1501 24
788 1861
1656 382
1469 166
2471 24
102 2252
694 2951
730 3292
1347 750
1313 14
643 716
174 231
1983 706
366 275
1763 716
180 3110
419 1656
1228 718
621 526
185 497
185 267
1517 779
3494 181
3700 2031
223 46
677 827
1047 1140
1313 1115
4354 33
291 1755
2649 444
219 269
622 441
2742 400
1028 224
1610 385
183 1350
3913 706
585 2820
334 3858
520 1404
181 30
2632 1149
1560 617
428 130
2002 257
145 1760
643 2230
3015 2260
73 1760
716 182
4493 716
129 4495
366 912
2427 1668
1068 617
2428 186
4219 6
841 166
3212 687
867 1441
1118 898
55 68
2034 2596
480 1495
889 623
834 243
305 1624
411 389
848 3592
130 3228
1003 269
865 3452
240 3280
163 2596
4506 24
276 556
1153 546
1349 267
155 430
444 1138
2260 1166
772 875
444 2390
691 3001
147 553
224 2995
646 1484
1852 985
3310 257
1028 480
556 684
1018 35
27 1136
1140 3505
35 2524
621 2782
3317 2030
2554 803
254 2630
621 88
865 4524
3317 1068
84 2492
503 1752
3557 37
1864 2735
76 2492
745 254
788 3584
224 716
76 760
4352 884
366 96
1339 1518
716 4120
2637 1978
55 3584
74 2681
3533 121
243 1821
3452 6
826 916
1736 2001
2983 35
4547 2889
82 334
2260 1040
306 803
428 2492
3584 356
2500 2951
254 1590
24 4140
2877 1379
396 1355
223 643
2172 1140
1842 3110
4234 528
9 2231
643 807
14 2128
1056 1366
965 2061
35 2643
884 4408
604 1623
254 666
717 637
1160 527
444 178
898 4563
548 3050
694 2813
366 1192
31 963
3872 1283
1986 2909
102 3208
1206 116
497 267
148 827
608 1770
37 3099
1495 1287
1020 2055
2861 2780
177 4574
1016 963
104 2637
147 1495
292 4580
1718 444
4581 2583
1783 35
1437 1425
1752 188
643 46
97 1497
185 97
3887 383
73 1382
516 1388
1731 1665
1371 1209
180 1842
1280 104
823 1820
1904 760
3813 683
275 830
180 1665
1790 4592
177 2399
35 184
646 4594
3866 207
1884 37
228 2394
1098 1468
2549 1937
382 107
269 1847
3199 803
475 4605
1517 1269
96 1414
1826 1997
382 1442
638 4612
366 48
1379 1456
540 1433
1755 246
4614 37
745 2305
760 422
768 280
1653 1897
1590 4421
1820 2806
334 1259
1590 716
1902 4618
2661 706
1552 4592
1649 603
334 37
556 761
2877 424
2810 824
313 1665
1224 1344
759 1259
4625 3048
518 1886
547 84
1003 2760
4234 1162
148 96
1783 24
334 2742
1643 996
287 270
1174 1099
24 2368
4637 1864
171 2400
3524 738
129 2159
4177 1160
1631 26
1025 14
1020 2154
683 32
14 3292
2492 684
205 1318
1663 1712
366 1056
292 897
1734 2046
889 630
1668 127
640 839
643 4663
1003 1731
2339 1701
1801 48
1395 577
694 4665
742 37
414 2109
1904 706
340 287
1010 832
1190 215
1366 684
4506 35
832 613
419 2607
84 148
2363 305
915 1873
76 369
2483 1160
2147 3001
104 401
2001 389
1433 88
1331 346
538 1811
886 68
1804 1076
3266 1433
1022 1221
1631 617
1006 1010
2904 81
1137 323
125 68
23 913
643 2471
3588 2080
4 2141
824 1655
147 1503
252 546
330 389
1704 1389
1433 2272
1028 553
97 47
1334 483
409 389
191 1688
2866 4701
1393 1943
3186 2031
1212 61
1663 1790
1658 46
4703 6
1702 2842
4704 1123
179 2760
26 617
1195 24
607 143
279 1468
889 2433
4714 24
26 68
772 2420
102 3452
1148 80
3116 6
90 1438
911 1366
2515 1160
1469 891
608 1653
497 2161
2558 779
4725 4726
1593 1275
292 2154
1997 736
1085 112
1056 1592
283 1985
2147 2207
346 1731
4734 425
74 170
860 838
1730 2760
130 2492
886 3435
455 392
14 4305
4749 2539
136 3071
51 844
1056 994
706 1184
516 1694
1211 196
2679 414
283 623
379 1166
2089 630
170 121
1590 4145
444 1821
596 3555
1960 738
1855 1442
3664 1842
2108 3649
125 3142
420 3533
1046 121
2724 6
35 2310
444 4759
658 4154
911 321
2341 24
3813 963
1960 865
1948 761
455 4762
97 1917
143 2419
1203 4153
1069 2094
2822 615
886 735
1891 577
2038 35
2459 72
366 458
293 231
3563 1448
96 1366
3588 2508
947 305
497 47
3776 14
1662 825
2080 2508
884 4781
500 645
24 365
3953 3472
1731 3110
470 617
4797 267
130 684
3622 633
142 193
996 727
3556 107
2441 1056
1656 1076
546 919
2278 662
2260 3292
3386 243
455 4272
3478 706
4809 24
264 702
4295 1407
291 1209
2062 3673
366 761
3078 1785
878 597
417 4193
2870 254
747 617
503 480
1965 1812
475 903
475 326
2450 2497
682 3435
683 356
497 147
1484 14
640 170
2666 148
1568 24
14 4219
465 1814
17 203
1380 1487
2810 1292
2252 6
25 170
1517 140
4595 963
2459 89
1730 582
129 3998
366 148
1072 225
334 671
1661 24
2038 243
275 497
1814 1268
911 1414
1771 2880
2666 1495
4839 2889
1842 803
61 1616
517 1886
2399 212
409 516
475 1841
444 1698
3112 68
497 1022
169 37
3623 844
388 546
1559 479
3866 6
547 2394
338 2618
826 2420
4849 37
2371 24
257 4759
2228 3292
1335 326
828 1753
3762 455
2278 884
14 2387
1313 455
383 2888
932 731
4861 140
745 1558
1239 24
859 3292
1663 1655
1083 455
596 479
1331 803
1655 1292
1318 1560
366 911
355 682
102 2263
1970 166
409 89
2108 4701
96 684
1552 824
179 3110
1072 480
760 827
210 2492
607 1770
233 891
1349 1491
1083 884
233 14
2866 2276
1072 210
2654 643
3310 643
1257 6
72 411
643 4714
338 3565
243 123
1779 1275
865 927
27 1707
243 4714
602 326
3362 884
921 788
663 3095
373 1380
148 820
497 994
3570 3052
865 2735
74 2001
1725 1442
3348 1292
97 2492
735 1536
643 2590
434 1246
2549 1608
621 2516
1472 862
1414 684
4762 884
2632 1695
547 1079
334 107
283 1755
291 1018
146 2073
14 4594
188 481
878 613
455 4352
1280 27
76 321
1656 1102
830 625
84 321
2485 2774
4725 2608
160 1140
2037 682
373 500
716 4145
2613 621
1341 1450
417 2718
185 321
243 1138
177 243
455 2278
2882 243
419 1068
1332 803
163 113
292 731
4197 862
366 548
2485 35
2056 180
783 1450
860 37
643 637
257 2590
2573 2357
3295 3
104 330
1010 596
1022 1056
3629 658
864 3208
610 1249
3664 1731
455 14
497 1221
1667 643
143 1593
3893 24
373 307
2284 32
130 1221
604 4580
462 243
1833 373
897 1820
205 562
228 268
1505 6
4136 3001
497 760
27 3989
658 1389
1148 2632
1904 321
444 4714
2003 35
2098 3606
4953 1140
591 3301
621 2026
2735 6
886 1016
342 1468
321 1801
2515 2305
1020 2260
422 115
383 868
242 988
3268 1209
547 3817
473 2048
2632 1216
1457 1491
1331 3715
366 276
1755 630
27 2644
27 401
1045 860
3393 3584
865 4005
1072 1753
4177 131
4281 540
646 14
598 1503
747 4977
382 37
243 1670
27 2637
1731 628
1351 1937
3556 37
1147 243
1118 1021
219 3142
2040 129
2089 905
1020 823
1149 1694
492 1929
621 3645
1876 81
912 4417
1366 48
3021 24
146 891
424 4734
604 860
582 3715
233 647
644 186
3494 745
776 771
2866 5001
2271 246
640 121
3116 1450
115 2909
1495 14
2513 1206
366 422
4726 2608
503 507
3820 916
419 4977
243 2341
266 129
173 897
660 24
5010 2108
716 1558
1003 179
9 1755
1210 1954
760 1366
912 556
2004 2399
3310 444
1952 68
287 1253
497 2492
2230 1786
1837 1755
14 2141
878 596
1433 4171
2904 1876
409 1404
497 2792
828 228
366 228
3797 24
162 490
843 131
170 1268
73 1785
475 3148
862 4103
4295 1841
1331 2760
1749 455
233 1469
1331 179
3245 420
1028 1495
1350 643
420 562
2983 257
1522 738
1672 1028
1852 778
262 1160
2357 1536
14 1917
1056 557
760 321
788 2327
444 847
2073 891
760 1801
494 35
142 1593
497 1801
1586 2359
2108 5001
1649 166
102 3116
921 886
1469 1259
130 321
104 373
424 1094
4797 760
1691 406
1559 1010
889 1847
2108 2866
97 321
148 2043
2108 4385
2807 27
2230 24
84 2428
5 738
1003 2189
129 6
80 1149
760 406
606 1403
490 1206
1040 4861
1998 3078
188 2748
102 2159
335 671
130 1649
886 26
1855 107
46 4145
2735 884
1600 3051
281 643
444 4663
497 4519
897 1146
2294 2390
585 3299
961 3071
2277 417
3576 2109
4704 2031
321 268
413 3576
828 497
2666 130
3 4233
129 323
1025 2
1179 5083
1630 334
788 963
1287 2394
776 838
643 5090
2649 35
2605 3154
97 1366
1401 4758
644 50
2492 422
55 963
55 1826
76 3273
643 1698
355 3584
1124 1943
1630 1442
3439 3041
194 1770
1066 2073
2115 46
275 827
2399 4574
646 497
281 35
1960 6
1369 234
2357 1502
1031 777
745 223
14 1005
965 2062
306 2189
3386 24
886 3813
1887 1012
4614 383
2483 527
1378 425
1463 2547
4953 1048
2174 2428
1401 259
2001 2681
243 2601
830 47
5111 2296
198 1214
2659 643
598 553
46 1388
5010 2866
1216 3562
465 993
97 760
3380 170
1407 3954
745 716
485 1160
205 640
2076 1691
188 830
1944 207
497 1287
1352 4839
2123 683
777 2780
56 956
49 1180
243 1460
3796 131
2377 862
1970 1469
76 322
3199 2760
1056 422
1656 61
1366 322
3047 4625
356 963
1757 24
911 827
3555 597
1752 225
538 1937
2673 37
669 905
3655 838
3 2644
1441 383
1559 5145
35 905
1730 306
2850 1902
488 2310
2877 824
444 1388
1876 1975
24 3864
2861 759
452 2540
1167 884
5152 3094
497 321
2076 684
2780 166
2004 212
1147 24
1387 617
747 888
205 1015
876 3118
516 344
3460 14
383 3269
1636 2399
1170 889
104 1015
1753 553
177 847
292 3015
131 1160
72 1668
1045 3292
1936 1404
1224 3184
52 1160
1331 802
1955 3096
379 779
74 645
2080 3472
470 888
1022 97
366 1115
383 3099
82 860
145 1668
3199 1842
1460 24
1554 48
4180 1048
1188 953
3556 383
2904 214
27 2000
828 507
3335 417
1010 478
475 2943
537 706
155 1785
497 186
313 2189
2004 257
1331 1842
4734 1378
3741 4050
419 888
148 2492
898 5194
815 104
2034 2251
2828 2282
617 120
1072 1028
643 3806
283 2089
548 1414
889 3268
2277 1170
1593 1897
1021 3505
1833 1043
2907 633
2123 68
413 2679
1387 3533
99 3565
2641 615
921 26
129 1345
2869 2310
865 1225
1118 1819
556 1366
1003 1332
627 2760
2557 140
704 90
248 2122
497 276
148 1287
798 127
1752 1887
1822 389
547 911
497 1115
547 497
640 2994
1864 5221
1403 115
1731 1277
778 57
1028 1487
1198 1770
827 556
643 1832
473 2501
292 2260
366 1414
169 3084
911 497
4809 243
1153 170
983 1502
5228 243
104 274
2291 24
2010 1118
27 1015
2004 1636
373 2492
454 2904
693 905
309 6
706 2909
413 2109
598 1181
219 2492
1074 190
257 5090
1653 1780
409 3592
897 671
860 731
148 911
1542 140
92 617
5241 707
1153 1268
1028 703
1685 2679
1936 1190
3875 2320
243 1661
1225 14
382 470
1212 121
97 2161
321 47
2530 1259
266 323
1028 1753
285 731
1170 246
76 1948
3494 254
27 215
181 1388
1191 6
1335 1977
2861 334
2010 2806
3055 1099
1783 889
14 569
1020 1820
621 2305
1661 35
2477 6
210 553
269 1207
7 2411
2644 215
239 584
1645 2324
671 383
1832 35
1020 3505
283 630
1533 383
2089 2401
2613 259
3604 925
823 3015
76 275
72 3078
1755 311
419 120
390 658
76 1011
623 706
1893 2031
74 215
14 4519
3110 803
2004 35
120 888
2089 115
607 1198
414 3576
3462 68
104 3989
2043 684
1653 1275
155 3078
72 1382
547 48
911 820
161 529
2591 2681
419 617
643 1718
556 2492
889 1184
1206 2251
3310 35
1123 2031
355 2357
764 121
3310 24
4066 483
2877 4734
373 389
911 97
682 356
683 68
1529 2661
2291 35
1154 2907
497 625
4506 243
761 3643
304 947
1335 420
366 1801
2861 903
903 3810
2822 1744
366 1221
1349 268
1517 1040
1731 3199
644 556
1783 706
889 705
497 761
4849 334
205 170
3533 617
1442 3292
1847 706
921 125
1003 2056
607 142
130 268
1426 617
183 3079
4749 2254
188 2394
2094 1781
2666 422
1814 1438
4062 3679
760 435
1151 3105
4809 35
3524 6
1354 396
2339 3084
455 3766
2365 1135
143 194
1767 1536
2363 1107
1752 1012
417 706
2010 2213
1753 147
1948 47
497 1857
3112 125
228 1287
298 1518
916 2420
76 96
1998 73
1076 888
2217 219
4122 1790
3312 444
444 1661
2850 4618
2092 3842
884 662
334 4614
1741 467
1441 37
276 684
76 2296
1581 455
4614 1442
2399 3384
131 1895
956 57
627 1332
643 4759
2401 316
640 563
787 913
912 1056
1744 527
1570 127
14 964
254 4278
3021 35
1128 1769
56 985
80 1695
1873 826
891 1920
2089 1184
593 5083
2780 758
97 1287
276 48
2081 2032
738 6
2957 120
1752 507
1170 418
529 900
625 267
148 47
2459 412
3872 1896
225 1206
687 1425
876 568
643 54
2149 889
1998 1668
4022 492
2877 825
548 422
1137 102
716 1121
51 1317
5396 1653
190 166
2363 2741
2539 4820
2589 6
844 1317
97 827
683 4389
284 1529
326 166
2877 1655
865 609
1755 905
777 1118
638 1452
2363 2797
102 1345
2861 233
2189 3110
96 827
1463 292
3008 1431
643 257
691 2207
1605 3891
2459 73
59 107
198 3346
886 3584
275 1366
825 1292
3015 1021
104 752
1212 888
35 1670
292 1118
1388 1558
494 2601
638 5412
491 3084
291 246
171 160
2365 3424
2964 1590
547 1192
275 130
643 3226
1192 1948
441 1184
2057 207
2515 621
219 940
5426 14
3547 97
607 193
2010 1820
804 998
745 46
643 1388
951 254
5145 597
5432 2866
3556 334
2459 1998
2260 1021
889 115
847 243
485 2305
383 5440
1352 2365
547 97
2500 4665
643 3799
2284 68
2442 643
630 441
1053 1099
3482 37
284 706
1668 798
4820 2254
1833 546
1010 877
315 416
1702 630
1371 441
1171 14
254 224
54 2390
191 52
885 682
147 830
3015 3505
777 759
163 2729
4797 97
4112 2552
254 803
1006 121
419 1616
671 898
3386 35
1955 569
2463 2880
1387 420
828 480
1056 556
72 412
1937 1135
773 5145
4327 1048
3133 1536
1040 779
444 2432
2640 35
1842 3715
202 1370
147 1287
1905 738
1371 889
497 1414
1586 1748
202 17
938 2367
1697 3895
465 1438
3872 27
162 1207
4233 2124
865 14
84 587
603 326
628 1665
243 1325
582 803
131 2026
687 2272
1487 389
643 1120
1998 127
2591 215
607 1593
1396 243
1779 1770
2557 1040
1783 1529
788 617
643 2115
1417 6
1048 3505
3245 315
444 3226
2670 14
1028 1012
5503 6
3571 621
2441 1012
5228 35
3457 803
71 502
2251 2965
1814 90
1021 2055
823 1118
562 120
2618 3565
224 4278
2519 1091
1010 1107
188 2161
224 4290
643 1835
177 444
379 4861
243 1568
602 1649
871 207
3978 3429
1276 268
97 556
5254 108
2661 441
1985 2909
865 904
643 2371
185 912
2042 1529
683 2327
454 4102
130 1977
3664 1665
147 210
76 1857
5228 24
497 1079
183 444
643 247
1441 107
538 1228
3381 884
5535 6
643 1568
2003 243
2557 379
130 373
188 507
1836 2951
1780 194
49 1220
280 1358
1072 1012
1094 389
1170 3155
1443 684
97 625
3417 231
497 423
1518 57
1394 1943
497 5546
2174 406
243 3797
642 444
104 919
1394 2251
181 4083
73 2427
607 1779
2715 383
76 97
3081 3001
1351 3346
292 1021
3891 987
5152 163
2852 14
2034 113
59 1442
4384 738
1752 481
49 598
292 5241
25 1212
503 1553
2089 669
2810 1552
1357 1401
843 1160
205 2001
1556 6
1536 68
120 62
129 5503
2026 831
193 1897
613 2898
161 2735
96 994
228 481
1744 615
2057 102
257 1835
9 643
1286 35
1387 1212
1600 3570
1335 888
745 1958
1781 871
1044 1146
161 4234
4524 6
25 120
248 2796
251 3001
3317 3938
2842 623
43 602
269 704
355 963
2796 2122
737 6
262 987
1020 1624
860 345
643 847
1216 1149
1590 637
1351 1812
16 3154
878 479
311 2171
3112 788
366 3273
1448 826
1837 905
1656 334
55 683
1373 1291
3853 334
287 1249
97 369
345 3292
2549 1811
56 1852
275 820
4365 6
173 5600
1366 1801
1998 798
76 684
3063 46
181 716
604 5241
760 587
2632 3562
14 891
475 3963
3291 97
321 48
3105 3679
1351 539
2669 643
622 889
2763 35
1767 3462
367 1297
1495 761
779 140
547 185
2780 1369
1351 3345
3584 68
638 1704
1418 35
503 828
383 1884
1542 4861
912 1857
749 1347
3700 2160
140 57
35 365
1189 1455
1124 1206
994 48
2284 963
2529 2415
640 796
2030 62
97 2428
3043 3894
1003 628
4310 2511
1668 525
124 1502
366 760
2852 207
1630 37
84 276
4304 14
14 4258
148 1414
827 684
739 71
1873 2420
84 1414
2539 2254
517 3565
346 1665
623 905
1748 500
1697 1536
2003 444
2092 4133
150 553
3274 2851
977 1785
1804 104
143 1780
441 418
257 23
480 228
1003 313
602 166
455 4781
1006 479
338 100
646 4519
628 803
1667 246
263 2492
2767 4704
2557 778
878 478
1286 24
646 2792
360 467
643 2561
1028 1887
3418 231
548 267
643 445
3093 2707
1725 334
865 207
1020 1118
1998 412
1827 14
1166 4861
706 905
254 968
291 1667
366 827
2820 586
1731 803
1852 140
1069 1781
897 1571
1118 5194
444 2590
2641 131
788 886
35 4140
788 68
497 406
548 1948
2011 2213
1031 647
3503 3292
865 973
1662 1552
382 334
163 1207
193 1770
5221 2735
717 1146
2123 3042
683 3435
4365 738
37 908
25 1076
875 1448
2759 6
2433 441
4866 3518
1124 1393
1730 1003
444 1120
2441 548
1904 889
412 798
2401 441
546 274
80 3562
3915 3124
130 602
1152 643
1779 1897
888 121
2097 5675
414 1142
745 2079
2550 539
643 792
865 3590
824 570
875 2420
2549 718
1968 2305
898 3903
3604 2816
1623 305
921 355
884 1115
1124 2596
640 962
640 3317
137 367
225 188
366 1366
419 1212
646 4137
275 48
185 1771
197 2889
2393 444
179 1332
2573 1997
2189 2760
1376 6
644 684
84 76
1600 3052
538 4839
588 4594
76 5111
313 582
1685 3576
1872 879
497 830
2105 409
434 644
1767 1262
2123 682
878 2898
563 121
1017 1977
1897 194
2207 3001
43 373
185 1366
828 1553
362 2115
387 749
373 546
2944 136
747 420
5432 2108
1753 1012
828 188
417 630
24 1821
3759 35
1028 188
1519 1814
304 1624
2715 37
410 90
1781 1070
2004 444
205 617
170 617
2365 4547
96 497
292 898
102 1341
987 35
243 2643
148 625
417 2401
197 1352
777 1369
547 275
2951 1666
1010 479
76 1904
2227 1510
183 169
5152 2034
1997 125
1811 539
2189 2554
2110 37
2923 27
1861 682
143 1653
102 871
1546 125
1593 194
522 1822
246 1209
3050 684
306 3110
163 1394
1977 3142
497 1276
409 230
257 2561
3590 738
3938 1616
285 932
2216 643
1068 562
5733 2377
73 3078
772 3563
97 5546
35 2624
444 1786
2363 776
1965 2550
2443 1142
2235 3963
1725 383
1352 2889
35 247
1112 178
2742 383
1968 485
3834 2880
1339 1224
1006 3380
4703 738
1130 6
1079 761
547 186
130 543
400 479
730 3603
497 2428
254 2032
155 1382
1354 1203
1061 1748
14 731
1662 2529
272 6
1812 2889
2501 269
517 2618
2501 2048
867 334
82 1259
80 1876
4376 24
162 389
614 1160
2951 2813
102 4219
1731 3715
2363 3655
301 2521
373 645
677 1497
627 313
886 683
1968 1160
254 313
2400 1140
3291 497
598 830
130 1801
1463 2548
2123 26
43 402
834 24
607 1897
4605 3963
279 342
1401 285
4637 2135
779 1518
1074 166
730 1045
1447 875
233 166
4977 2030
55 356
2028 24
1510 3768
1998 2015
169 4022
584 3280
2016 1431
490 1404
383 1259
97 267
884 904
1519 66
1730 803
885 788
3286 88
2378 884
275 4519
623 316
417 1847
5535 738
129 3706
807 444
745 224
373 269
306 2056
1496 684
173 717
441 2909
3723 383
1017 104
889 706
1170 2661
5733 862
76 459
366 3411
1216 214
485 621
2909 418
142 1653
129 309
51 3623
562 170
3494 1410
830 2428
1323 4225
27 1190
1725 107
3317 61
1072 188
27 3
4866 3517
2435 729
84 423
1212 617
1597 3295
873 334
3759 24
1861 125
4304 13
1010 878
287 389
1028 1640
3199 68
191 3796
716 1388
3498 455
51 2346
4454 2320
1022 556
2029 2501
61 2607
76 267
136 961
1539 1669
643 4140
2278 4
3277 121
3584 963
604 1020
2365 1674
276 1056
455 884
1123 3186
417 3478
340 1028
233 2780
104 28
1351 1608
2622 1214
2741 400
4574 847
243 4021
828 1072
1904 497
1897 1770
321 406
1137 6
254 1591
5600 1146
313 803
987 1160
867 3556
1056 761
183 390
197 1674
2098 5675
173 318
2324 2271
758 1369
1433 214
1339 1040
275 148
3095 1580
185 1276
889 441
3317 1616
275 406
4495 6
1286 243
497 188
3112 1546
1118 4563
1396 257
3563 826
3590 6
355 735
2257 1140
3715 803
2322 1744
1718 24
887 37
860 107
730 2260
565 24
865 5535
383 1202
1793 2231
76 48
889 1529
292 862
178 847
529 1162
1003 582
287 1748
2591 2001
4563 5194
3562 1695
148 1434
682 68
2877 1456
2729 1847
1331 582
1003 802
97 761
865 1713
473 2001
1804 61
254 4493
2742 37
3300 243
435 994
776 1624
2127 1997
1540 881
14 3452
1552 825
646 1495
5145 596
2216 257
2123 355
824 1292
468 2444
1814 410
455 1907
730 860
482 1334
148 321
1820 3903
56 1518
2217 2562
987 52
553 830
96 321
731 3292
4581 2582
1903 1028
2110 383
146 1066
3112 3462
76 827
382 1076
2161 48
1119 898
882 153
383 1745
24 447
747 25
646 5426
444 2294
382 61
2649 643
788 3435
2707 3016
1085 113
642 243
334 758
788 2037
76 3817
1833 166
1599 3570
1826 68
2529 1663
2463 1644
2401 889
1814 66
283 441
129 2072
861 231
2357 3462
163 1043
745 3077
124 990
548 4067
865 1905
366 1976
428 3228
865 4219
1820 898
306 179
1552 2529
292 5733
1663 824
424 1655
3872 104
356 68
2277 889
1970 2780
97 1925
35 1325
643 1786
1401 768
3131 219
1763 254
1597 2800
243 693
1501 243
2944 961
284 905
911 458
1524 2736
4758 1863
334 3218
494 24
2666 149
2061 3673
2646 2411
331 47
2 6
4595 68
3954 1841
1003 3715
642 35
104 1136
2591 170
1522 6
623 1184
108 230
366 1857
1873 1448
1887 188
1228 1937
3453 243
1447 1873
1855 383
827 1801
604 304
3562 1149
2217 115
548 130
1469 2780
1024 3331
743 166
658 131
2557 956
2882 35
3584 683
3557 383
1010 613
1357 4758
1028 4354
2459 525
553 1887
5254 2886
4180 1140
444 3264
148 760
4977 2167
3530 6
947 3655
547 2085
366 97
5412 621
99 1886
1837 2089
163 1206
1259 234
4376 243
1672 1887
2942 627
1645 2271
3664 2760
2951 4665
491 952
1198 1744
1691 1834
1028 507
184 2516
2189 1332
1668 3078
4130 1514
275 684
340 387
2492 48
130 1056
874 596
868 37
2108 3959
1249 611
219 115
1098 3280
1018 643
1072 228
143 1770
1401 621
3218 37
2995 236
1331 1003
4612 621
4225 1324
185 994
1752 147
1370 203
1003 2942
884 392
538 1351
2436 311
1044 173
1653 1779
321 684
417 1529
129 1556
886 963
434 4065
889 418
1401 1358
2162 65
3112 1262
2399 847
1339 956
5396 1593
14 2969
870 596
159 2400
4067 761
161 528
2160 637
340 1487
1701 1929
3741 4133
3498 884
1748 2359
1998 525
3155 441
497 2748
497 130
1102 383
1529 706
1006 170
72 516
2810 825
2824 1109
243 3864
243 1320
2640 24
606 115
1448 2420
2037 55
5440 37
185 2463
694 2952
1983 30
3987 4749
1006 169
73 412
1691 827
1357 21
828 1012
84 761
548 1366
1339 778
102 3590
455 1827
875 1873
435 186
2463 727
143 193
