396 962
1 2
11 12
52 53
54 55
71 72
74 75
23 78
94 95
69 101
126 127
167 127
170 171
69 172
177 90
81 200
81 201
203 204
212 213
219 201
220 101
69 231
261 262
50 90
200 93
285 286
288 69
289 290
294 295
296 297
29 322
323 78
324 63
337 168
213 341
347 348
354 355
356 272
360 12
361 362
376 377
361 388
308 395
403 404
285 405
410 171
361 237
95 416
240 418
428 429
22 431
116 433
69 434
410 55
385 435
74 439
453 361
64 90
310 200
16 462
466 467
476 71
119 416
286 324
355 492
76 416
521 95
69 531
286 63
539 57
540 541
117 16
286 542
546 361
551 76
45 553
54 59
163 78
286 565
572 69
69 270
433 575
576 168
394 527
435 584
585 355
403 611
64 613
34 168
649 175
101 341
17 127
69 658
681 435
171 715
168 719
729 408
361 341
53 517
747 718
748 355
23 286
658 90
171 405
537 43
285 767
90 768
769 69
429 404
54 74
788 711
52 403
804 805
406 96
34 324
833 834
416 835
841 286
361 847
245 16
52 429
11 240
487 370
131 245
537 874
213 886
471 34
429 403
485 906
69 90
116 23
924 925
286 206
117 930
956 355
69 959
788 180
973 925
977 403
541 814
643 45
978 95
69 985
986 925
286 355
1018 169
23 285
1030 168
1033 1034
285 857
1043 925
1046 121
1051 850
16 1070
546 355
410 54
69 388
1082 286
362 1086
78 1000
286 1093
1097 1098
1098 1099
483 95
822 361
72 1115
231 444
767 355
537 416
1150 1151
69 945
13 406
362 101
355 225
361 542
385 1171
69 763
1173 289
231 874
78 182
177 758
1159 1033
109 1186
827 168
308 168
783 355
834 1216
575 168
363 123
711 1242
588 59
16 182
680 90
1052 59
361 467
72 1265
355 467
850 182
361 229
1279 963
1291 69
336 337
551 416
361 1093
16 280
797 381
542 63
747 13
308 1311
521 75
84 362
69 355
930 69
212 76
377 16
71 348
1052 171
357 59
385 584
94 43
394 168
703 436
170 537
177 362
1380 416
394 542
117 1381
78 908
361 1382
1383 517
1388 408
116 336
285 237
200 1033
220 850
323 90
74 95
16 252
84 127
747 1033
84 96
361 658
182 805
783 1365
116 13
361 314
54 1456
362 69
478 435
1173 290
355 847
116 90
575 90
906 1330
389 280
1265 1216
18 324
53 168
827 1151
1510 324
554 1279
131 1514
119 487
1516 72
572 101
441 1523
116 1548
1554 1033
1 90
286 517
537 1566
52 168
1086 1013
357 1052
64 434
69 1093
1590 355
436 973
219 380
289 1608
69 180
296 356
1548 168
294 1070
1614 963
175 16
13 168
1078 18
554 441
360 240
361 1228
361 2
117 1084
362 791
1516 834
1648 111
668 262
54 537
95 835
54 1566
13 310
85 168
177 127
930 16
13 1151
1677 16
69 298
274 171
381 1178
680 69
285 17
348 1265
483 110
97 200
945 213
681 385
175 69
188 18
434 78
361 354
53 575
1590 286
1740 361
163 90
1516 1265
1754 119
1757 169
355 324
116 841
138 874
1150 1767
361 1082
324 2
90 388
1388 1524
1173 945
286 213
1157 168
410 231
1784 202
285 1070
1648 886
11 290
55 59
361 1219
747 97
841 355
347 1265
361 1310
69 389
588 128
1836 204
956 361
428 611
1383 53
314 213
410 78
633 182
1846 1847
69 1310
435 1852
1853 963
747 1159
361 69
109 1000
1864 814
126 84
476 72
1734 1039
1237 57
286 1228
385 1852
1337 1767
84 1013
537 138
23 53
833 348
763 1157
1579 361
225 78
1291 13
361 1906
361 132
1173 1608
1157 16
1311 168
220 69
286 767
859 95
769 355
212 182
361 286
769 335
554 620
517 18
747 1034
1938 1847
81 1208
1554 1159
285 492
1946 90
171 439
361 16
1754 416
924 973
285 361
1788 281
348 72
1510 168
64 556
1078 790
95 1213
90 1985
69 1991
403 202
53 613
84 394
27 416
101 231
116 84
956 16
171 874
110 588
2016 963
833 72
588 95
1510 252
1030 34
286 1906
2031 487
212 114
69 1228
363 355
285 715
71 834
18 1880
594 362
117 168
76 403
119 182
476 1516
127 908
1755 686
930 205
361 2066
69 341
78 2
361 34
395 95
978 416
767 63
1033 718
769 286
286 783
934 1039
380 1051
1082 507
2105 281
286 2106
585 168
90 78
356 297
361 985
116 335
355 1084
13 1744
74 171
1846 963
171 75
540 1864
69 229
69 908
2137 168
177 1086
219 1051
322 697
357 588
1159 310
1381 168
763 182
2163 182
54 521
1608 240
84 406
296 272
582 1330
1219 213
385 236
822 16
476 834
286 2178
78 63
200 201
64 323
963 1847
620 963
22 2210
361 1157
1252 261
2215 78
361 213
54 1052
18 565
410 182
1811 1265
201 2225
347 1811
286 908
466 355
361 101
1173 285
95 128
289 240
286 1880
1880 355
171 521
834 1265
11 1608
1381 213
729 1524
1176 69
69 132
1740 16
294 16
116 769
53 298
357 95
1388 1151
1599 337
285 2306
177 167
1272 90
428 1055
110 171
69 788
286 1548
90 434
361 355
377 2320
119 2031
2215 573
231 1053
1608 418
2066 16
213 1648
429 202
172 182
285 69
117 212
177 84
395 168
16 2320
956 1382
64 527
355 123
797 1178
542 2
298 182
286 90
101 542
671 111
361 2178
1740 69
17 69
216 168
1093 719
2117 930
219 2225
16 388
285 170
188 286
428 403
471 137
71 1265
274 75
906 582
69 1070
84 575
435 236
202 404
834 348
84 791
314 110
336 2419
763 959
585 286
355 237
924 436
436 925
361 2106
131 127
763 907
54 43
357 537
1677 182
81 96
1082 168
2016 1847
69 354
54 1186
841 69
376 16
74 55
2468 2469
69 768
177 168
361 252
1388 218
116 168
53 553
355 542
218 1524
285 945
177 680
117 1157
218 408
406 168
347 71
1523 963
977 404
2496 69
69 182
355 168
461 81
357 1380
478 385
361 857
788 112
286 341
76 1734
406 337
43 1213
347 72
847 16
1811 348
23 64
930 101
94 416
1018 1757
286 168
294 69
410 1053
1157 907
834 72
1084 16
804 182
1756 925
2546 261
361 945
55 231
224 850
76 182
69 1472
435 1171
12 240
1456 171
633 78
127 1514
101 206
290 240
116 575
69 467
170 439
286 229
284 1784
1380 43
357 94
288 294
1938 963
1380 95
13 1159
1516 348
934 1734
182 908
428 404
357 416
1070 295
924 1756
357 978
1078 272
90 2158
85 286
285 270
34 137
165 21
1252 262
52 553
168 527
286 2
280 462
288 64
270 719
1043 986
54 95
212 16
362 286
436 403
270 86
109 78
216 1151
219 850
168 95
285 182
69 542
285 439
1714 1903
110 521
1337 1151
29 697
69 2106
649 69
69 847
2641 1033
1052 1566
69 324
546 16
213 168
23 468
1383 225
64 294
286 945
859 521
2496 90
168 1151
588 43
1055 429
1055 611
285 414
355 1991
633 69
554 963
485 1330
1548 355
212 286
64 225
554 1523
53 1548
588 416
476 347
220 224
1052 43
203 1836
517 556
747 200
69 492
278 1000
554 1853
286 237
2215 182
362 394
286 2137
658 355
74 1566
476 1811
116 1599
1 69
1788 2105
1680 16
573 182
362 205
902 355
436 1756
1714 119
69 252
686 158
225 168
2453 78
177 53
90 1000
1811 834
357 109
69 1334
34 206
2210 431
2796 2469
357 521
9 71
1176 182
348 1216
880 1744
27 439
952 112
643 553
357 1213
278 78
168 507
64 1985
27 170
362 298
790 272
361 245
355 2
1614 1847
110 59
703 973
1914 18
23 90
245 127
285 467
922 21
285 171
394 355
64 53
453 16
171 537
355 1365
1055 403
27 54
171 231
355 985
476 348
298 487
435 2898
542 324
116 337
27 43
177 298
285 422
119 1903
168 96
314 1592
539 1237
922 165
573 531
1880 90
1093 168
86 719
168 1744
668 261
225 90
930 286
116 2419
310 93
671 1648
231 75
286 252
310 187
594 1086
410 43
284 202
1097 1099
1755 158
370 182
298 16
127 1334
1078 2088
286 18
1208 96
12 1608
93 187
485 582
361 206
171 1186
274 537
428 977
1510 245
1030 355
76 436
476 1216
286 2306
487 182
298 850
680 286
1252 2546
212 285
521 43
1680 361
537 95
385 2898
952 788
93 718
285 985
1000 63
361 1677
422 414
1914 286
53 527
748 286
833 1265
55 43
461 200
1272 680
521 874
2641 747
902 69
27 76
1 286
1579 2
380 850
406 90
531 182
110 1592
1382 229
2453 2
59 43
483 416
1510 542
23 50
69 127
13 880
453 69
729 1388
272 121
54 171
212 78
114 182
13 52
64 1000
930 362
668 2546
1186 95
13 69
69 280
357 1186
16 237
2796 2468
1151 1767
69 2178
361 2158
1734 416
84 1086
101 1310
116 1291
1524 1151
362 96
110 95
90 96
1086 758
1383 90
1946 64
93 1033
34 341
177 930
2117 69
69 2158
23 355
286 1084
168 1767
34 216
476 1265
59 95
1265 1115
841 90
1046 272
34 1510
2215 69
410 444
9 72
64 517
116 468
2163 69
1608 290
540 814
18 908
285 1906
175 361
2088 18
34 2106
357 43
1510 16
1472 355
576 13
788 1242
