670 2220
1 2
19 20
23 24
40 38
41 42
43 41
46 47
48 49
38 65
71 72
73 24
74 46
75 76
78 79
24 92
99 100
102 103
32 106
111 112
121 122
11 125
97 131
141 142
147 148
46 156
161 162
82 163
93 171
184 47
186 24
82 191
198 199
49 47
209 162
214 215
97 216
221 117
224 47
170 199
248 249
109 254
109 255
257 18
186 47
263 47
268 269
270 93
276 82
277 255
281 131
97 292
38 24
23 46
224 336
337 46
338 339
68 117
344 47
254 120
43 199
368 369
371 97
372 373
378 42
65 380
383 47
386 46
387 46
395 199
82 407
413 199
38 414
11 415
418 88
419 82
224 428
434 38
82 270
269 441
447 448
363 454
457 458
464 11
465 199
466 20
467 82
248 468
386 469
38 320
483 24
489 490
13 452
386 503
504 505
42 47
397 514
368 524
529 215
386 300
11 534
336 41
48 198
122 536
38 537
303 538
82 541
11 530
544 42
548 38
551 552
31 554
556 82
97 557
529 76
500 558
102 563
82 573
576 386
89 117
399 254
48 584
26 587
592 593
82 595
603 24
13 606
11 47
609 99
153 536
479 247
369 418
458 631
452 632
104 536
606 537
614 93
647 21
74 47
662 122
665 454
97 676
369 88
682 38
683 24
685 47
686 687
151 26
369 690
695 386
11 82
63 703
75 81
11 42
205 106
369 719
224 199
38 723
727 97
97 353
607 730
731 212
337 41
603 46
48 171
513 670
558 743
744 458
224 74
82 758
415 537
383 46
395 224
771 41
41 24
78 776
89 778
370 47
24 94
51 212
556 93
38 575
48 42
82 816
82 817
11 79
818 46
823 47
38 199
828 219
38 830
48 606
131 441
836 224
27 162
97 838
299 82
842 48
38 186
853 24
224 370
864 558
865 38
600 452
881 47
36 198
191 148
413 46
82 491
481 703
38 41
215 905
907 93
212 911
452 355
920 527
548 46
47 923
492 199
386 441
313 943
191 38
947 909
948 458
32 369
838 117
215 524
11 487
960 61
368 965
151 966
93 969
117 970
46 971
972 97
978 38
106 229
552 79
75 102
994 900
1000 750
38 465
48 355
1009 1010
525 126
1016 334
41 1017
240 537
51 418
1038 42
497 452
1045 1046
536 1047
150 938
1051 369
1054 24
1055 199
386 1058
308 26
1065 47
71 552
170 1073
139 1080
19 303
1084 24
626 476
1092 47
167 308
960 1096
269 1106
600 51
38 42
221 381
552 78
82 893
624 1127
1130 363
497 46
97 117
416 17
865 41
556 41
1143 46
1144 93
461 121
13 99
556 224
395 82
76 93
38 200
369 259
151 1153
224 497
48 762
47 733
573 24
191 275
1185 46
1186 458
97 1189
994 226
603 38
395 47
1205 1162
344 41
47 1017
1209 78
687 1022
820 63
1211 122
224 1217
1218 47
41 1222
97 1224
790 1162
224 682
369 458
603 93
249 1242
491 93
38 47
428 17
1255 199
1259 213
32 368
1270 47
1274 41
603 212
1277 1278
368 1072
383 199
614 38
1290 1162
1190 122
1293 155
224 1298
1299 1061
1300 199
771 24
598 1309
26 1038
1317 47
687 93
695 458
529 75
11 1321
1016 1073
38 1328
97 503
492 632
1333 369
687 199
469 141
106 1241
1339 213
369 1345
1349 1350
1350 1353
621 122
82 534
38 70
1032 386
1143 38
1357 199
1360 46
521 78
100 1376
292 567
11 1331
965 458
199 1381
902 1383
960 536
24 163
125 47
1413 47
1414 148
1415 93
1423 38
1336 452
1430 82
224 687
97 1173
21 525
469 131
279 46
1016 1435
386 690
500 1437
97 961
1440 372
292 1096
221 1442
17 537
881 24
51 78
47 1448
1421 1277
9 1459
38 1466
82 830
682 82
738 38
600 46
11 224
199 893
9 1309
1478 212
863 51
1238 199
703 47
1016 199
47 1483
397 212
989 458
730 212
837 24
11 1065
48 428
212 1490
1254 47
82 171
491 24
762 41
38 263
38 1092
46 1328
470 158
48 1518
479 47
93 1073
900 1519
1523 47
1524 81
313 324
1528 38
199 1328
41 893
82 13
26 229
43 224
863 117
672 81
46 969
386 593
1430 17
100 1548
93 42
458 593
1061 229
854 320
1555 47
1430 48
1559 41
72 778
337 24
1567 1194
881 38
600 224
1579 97
436 938
1580 536
386 1345
853 199
38 198
26 362
1003 496
47 24
1016 198
1599 24
541 438
276 47
11 1357
9 733
38 370
11 270
690 88
947 21
573 47
397 1604
662 103
603 199
51 47
647 46
1434 850
11 313
11 1623
268 104
46 198
497 153
490 26
224 1073
99 448
672 215
452 573
11 49
461 81
598 48
464 40
771 82
383 38
311 92
771 46
121 61
1652 24
51 483
416 1238
513 212
299 38
1656 452
889 559
214 960
428 199
48 632
221 469
1673 199
1254 24
1688 536
11 1689
682 46
513 690
151 1692
106 1129
386 1693
1694 24
1695 658
332 199
191 527
1702 24
150 436
907 24
368 300
682 24
254 1277
281 1061
270 47
1225 117
1719 47
102 122
600 82
26 320
112 162
1559 224
947 1277
112 126
938 212
1143 24
386 838
363 198
1757 47
647 199
606 199
229 1010
337 47
1774 24
989 1775
787 47
65 46
632 41
773 48
603 47
82 1328
150 21
386 403
1784 199
46 41
469 97
1599 38
612 558
1793 47
395 93
1712 46
1440 373
299 93
458 1058
150 117
1274 199
730 117
1127 1626
48 383
506 362
1841 21
1548 1842
15 418
936 38
82 1719
72 212
556 199
1478 148
1851 418
73 47
1355 47
704 1567
82 1853
1756 47
167 1856
153 626
1858 100
48 51
727 131
564 1867
82 969
13 738
48 1869
1870 38
46 1298
1143 47
78 1689
452 42
11 1518
150 1894
1901 1277
1 117
1853 24
1092 93
371 369
682 47
1217 24
369 658
960 1914
74 38
40 1917
1918 199
71 212
647 24
249 468
198 47
865 199
51 1232
40 787
461 672
38 1202
1016 47
89 557
1853 47
97 1345
46 1217
541 47
842 82
1943 458
1559 47
48 994
279 47
82 1946
82 1331
483 47
38 1381
82 337
559 1205
619 11
11 632
11 51
43 1336
277 495
372 1961
97 226
40 94
65 945
1894 212
378 1038
219 26
21 212
665 1130
936 199
11 1974
1016 15
854 24
619 51
704 564
452 171
324 943
466 303
1989 1990
386 1503
428 46
151 1995
27 41
816 47
38 1255
48 65
469 995
2001 598
2003 24
579 199
199 923
428 1405
1858 1046
46 355
2010 2011
48 186
849 339
75 960
771 452
1054 199
395 38
853 38
122 1047
75 1914
497 47
818 82
21 399
48 46
584 47
1355 24
344 38
113 212
221 162
1153 26
21 148
760 415
2051 26
1046 1842
1274 17
97 381
1656 17
357 215
150 607
496 1450
625 47
38 1217
863 97
41 733
224 42
1225 106
224 603
24 70
73 93
1217 41
276 994
368 27
1774 47
448 1548
1673 93
621 140
38 2080
127 254
299 46
1173 269
11 2096
219 97
1423 47
238 15
451 224
557 106
837 93
551 776
416 452
82 47
386 457
11 247
1440 47
198 24
72 730
504 15
754 24
2117 82
1943 369
632 199
2119 386
205 117
344 46
1858 1548
13 46
344 199
467 224
43 24
2134 153
458 418
150 1051
46 723
176 1096
1414 2150
386 1333
707 38
418 2
387 24
117 503
842 199
65 47
191 2160
1440 1173
93 41
13 41
452 1798
38 969
369 269
11 497
966 212
529 292
2173 256
368 1038
41 1298
2010 1106
2003 93
46 199
11 21
19 373
224 320
1557 117
76 81
386 1494
72 381
947 127
548 24
475 199
337 199
9 703
48 336
82 434
170 41
276 817
1051 458
11 1555
1757 93
46 733
48 1073
11 1610
135 1759
447 1548
665 198
11 773
386 1603
97 506
1524 164
47 163
38 632
416 46
224 13
836 24
2239 18
1185 38
1186 386
842 24
1695 72
475 42
82 1916
403 269
529 106
805 229
2252 2253
97 1603
842 452
15 1435
603 452
558 2259
2260 1194
452 47
500 743
947 1421
386 97
139 1241
1989 249
2271 1022
161 112
2272 24
738 24
609 100
93 1360
1332 1285
38 46
40 47
369 1503
500 2259
1599 47
93 1217
1636 2150
1415 47
1440 224
11 135
41 199
112 142
17 278
960 176
38 1355
836 199
32 72
38 212
82 1154
212 42
93 47
1045 448
961 966
224 1185
600 38
707 24
452 320
548 199
36 1759
11 850
11 1586
1931 386
286 106
1579 21
386 2321
881 82
386 168
13 47
1673 82
224 1130
1440 1961
1440 24
24 148
966 26
42 24
1604 212
82 370
1692 269
281 97
434 47
369 965
1870 24
1355 153
1254 46
15 198
972 458
48 573
647 41
47 16
268 229
224 683
38 355
972 435
704 785
658 15
947 1278
1260 47
48 247
324 787
2364 2253
595 24
1652 38
109 1484
1901 1421
273 212
687 82
368 631
2372 117
1580 104
215 563
386 26
279 224
2134 536
47 943
11 2117
199 1017
2388 1205
9 491
2392 24
438 93
224 771
368 386
1559 46
224 51
665 363
2401 38
448 100
416 82
1851 212
89 706
199 1448
38 1694
787 943
276 199
41 2413
1016 1974
9 428
1440 46
82 320
11 1858
122 968
117 2420
2423 38
11 1440
97 2428
38 148
11 829
548 82
461 1211
112 513
36 536
131 292
63 47
198 487
150 112
93 16
1186 26
842 46
1430 41
215 1096
140 1524
48 723
82 42
311 38
1205 2219
733 893
199 1222
1045 100
1524 122
583 1405
1851 320
647 2122
603 51
1153 15
82 148
369 2321
2475 626
186 199
268 146
97 1503
470 458
461 1080
368 905
93 2488
99 1046
15 2289
751 469
573 41
224 263
151 212
104 78
986 46
1309 47
11 1251
153 229
11 184
609 1858
407 47
51 46
1327 452
43 1798
162 1129
82 1092
24 1017
2135 870
416 47
1153 258
386 2511
38 92
97 441
106 2
46 632
386 51
514 122
1211 536
965 88
1870 47
1156 9
11 1205
1353 355
27 17
1946 93
505 1435
276 48
224 573
972 38
972 369
46 1405
224 1328
40 1703
369 989
1363 2219
1159 1285
495 1299
199 2547
1333 199
2553 363
369 2555
744 212
117 106
268 106
1756 93
386 1224
11 660
150 435
458 1995
1360 47
21 1490
82 2573
102 215
11 44
2252 1194
215 103
82 1555
686 2271
1016 46
97 290
614 47
625 93
43 46
97 1129
48 479
2596 212
1130 38
504 1435
1414 82
836 46
221 141
1254 82
277 1299
82 94
414 882
461 1524
11 78
1869 198
1421 399
383 24
1692 212
961 229
614 24
416 41
1559 199
2624 229
46 2625
75 662
1961 303
112 525
65 355
741 1626
221 112
43 452
1494 269
762 38
500 298
1032 26
609 1046
478 24
369 2644
2645 93
24 1466
299 17
106 88
47 1328
584 41
46 2653
1559 82
254 255
89 1225
865 47
416 24
1430 452
452 17
881 48
1194 2253
82 707
2661 24
438 47
785 1194
818 199
82 2665
865 224
2666 224
224 733
82 754
1559 24
1254 41
47 70
452 65
48 1255
31 2688
2661 38
386 966
1532 338
2695 106
48 1360
386 269
75 672
15 719
529 229
2702 47
521 11
11 36
2206 1548
255 2707
38 481
447 2206
771 47
647 47
1255 41
530 42
369 1129
592 458
386 131
279 320
1440 368
865 82
122 164
1719 24
372 303
47 817
1016 82
82 125
386 290
369 2289
491 38
82 73
11 1841
598 733
2289 458
215 662
1046 1548
452 170
2740 24
19 1961
1185 199
541 2746
921 198
854 41
842 1232
1130 24
920 2160
82 344
2754 47
428 24
1446 97
854 46
97 168
1413 24
1309 893
854 452
603 82
497 38
2119 26
1016 504
82 1073
378 26
428 41
82 220
1255 24
11 544
47 2488
2666 47
461 122
1357 46
112 51
1953 938
11 48
1918 24
11 1759
368 1238
11 988
221 209
170 17
224 2811
47 199
600 93
762 82
386 2644
551 829
1939 17
140 215
97 994
369 1894
117 557
40 632
386 458
490 2822
11 1559
153 2475
2695 728
292 1301
478 38
82 1694
1961 538
2511 26
269 2010
276 452
2258 51
1573 24
1321 47
552 256
216 229
11 760
1130 47
199 2842
1974 21
265 1241
11 750
368 97
11 1299
1440 82
1309 46
151 268
1423 24
514 212
26 2822
1186 1693
48 1217
47 2858
336 24
1185 24
89 670
41 1784
11 723
986 47
38 1756
458 158
224 1255
1054 41
1003 1450
1238 690
690 2
381 229
682 452
1054 46
369 117
1037 46
131 690
112 1623
600 48
224 1017
978 24
584 46
497 48
854 2011
685 43
2119 97
865 46
38 1017
1918 46
27 97
11 1038
1555 38
583 46
1345 911
2572 1153
1222 24
454 199
495 1061
2003 47
277 2707
11 40
11 1061
26 503
49 24
368 214
238 369
551 78
150 972
198 1798
600 175
48 156
99 1548
336 199
1274 1238
82 606
400 47
357 103
1946 47
75 2251
1127 741
97 1038
112 730
11 1917
558 298
256 79
1046 448
556 38
112 995
403 140
186 46
525 117
434 46
842 47
82 1355
452 1360
838 458
436 2940
961 1189
881 452
2392 38
744 369
82 199
82 198
458 300
1055 198
2388 559
11 198
1430 199
559 1162
1774 38
386 2555
481 733
167 162
902 9
1202 199
961 1128
75 61
2968 2
1054 38
461 960
93 573
2051 229
109 126
82 1218
1333 212
771 38
1309 41
48 1355
771 199
47 320
48 1331
2985 2253
97 457
11 85
556 24
75 1080
1051 97
1712 38
489 26
102 76
2423 2991
97 970
221 212
41 370
1037 38
38 573
82 1065
573 46
415 17
386 320
11 1870
665 2553
452 186
150 212
556 17
48 13
72 703
458 690
416 38
275 2160
224 171
368 1173
1555 24
556 48
221 863
275 527
525 212
224 583
383 41
881 224
11 1363
355 155
447 99
865 24
1867 1194
1209 79
475 198
3027 97
369 1238
2401 24
97 229
1430 47
2089 46
458 212
586 109
461 1688
47 1381
612 500
1144 47
46 42
24 817
2754 224
38 584
386 1072
994 1079
369 441
428 38
104 1332
224 434
818 224
525 938
46 893
61 968
447 100
1058 26
2206 448
32 89
1317 24
1153 131
121 536
2811 199
224 762
47 537
1073 47
9 481
1430 24
369 212
378 97
529 1301
966 1128
38 483
458 286
11 492
38 1360
1046 100
1995 26
1009 229
2136 1162
11 371
771 51
3095 338
74 452
386 1173
1016 1353
2985 1194
71 78
76 292
285 1061
104 229
97 1806
82 428
988 48
558 1437
20 303
454 24
2251 215
805 106
11 583
162 1856
386 369
647 38
131 259
150 730
11 537
1260 93
93 320
97 593
497 24
40 247
38 733
214 563
369 290
355 199
11 2122
836 47
367 2173
1688 61
199 200
82 837
371 378
82 823
2364 1194
1688 122
336 38
21 1421
1858 448
48 771
2754 82
1159 1332
1360 24
229 1129
78 256
46 943
551 79
82 170
461 536
1430 224
1793 24
723 199
2001 46
1016 355
82 907
112 469
556 46
117 2619
82 16
113 369
368 353
837 47
41 47
43 38
497 82
51 175
276 38
207 30
2089 24
1532 339
1054 220
43 82
71 703
212 670
11 1434
369 2
362 587
579 537
1757 24
371 89
353 911
1290 790
75 122
1673 47
268 26
38 16
469 369
559 78
46 2350
11 1548
11 2219
40 1610
353 114
139 106
224 454
11 1703
278 199
249 1990
371 1238
273 148
277 1061
212 122
2423 82
368 229
82 1756
48 1405
853 46
97 690
428 1238
368 563
370 199
2088 1298
46 24
140 662
1430 46
38 147
1636 148
2702 837
452 1918
38 882
97 2555
46 1222
97 458
828 97
97 1058
452 606
38 893
317 1277
1357 48
82 904
672 1914
3224 46
46 2080
1532 47
3231 1194
1084 46
97 418
695 26
299 24
269 212
1357 38
32 789
199 171
1695 286
184 24
907 47
647 48
369 1173
82 614
1190 662
23 38
3027 117
212 148
13 579
1524 61
438 76
355 47
829 552
48 370
428 47
27 428
829 776
368 533
458 2428
299 452
11 1360
49 93
371 38
805 97
704 1194
170 24
624 1626
184 93
1894 458
584 24
268 369
89 286
704 1867
434 199
224 921
72 1894
17 199
1524 536
451 24
373 303
224 337
609 447
1414 24
72 658
281 285
672 61
257 2239
598 2350
658 706
947 254
1143 199
1016 40
881 46
97 631
48 170
2423 47
704 2260
369 300
491 481
46 3311
2695 229
1702 38
469 513
369 2596
632 17
1143 224
853 212
11 2983
276 24
102 1914
1143 82
548 224
224 46
82 1918
428 481
609 2206
1 97
2054 26
2740 46
728 229
263 199
38 2653
469 258
647 82
1124 458
559 2136
48 1328
1430 93
82 733
687 46
82 2488
240 11
17 1222
41 479
48 1222
13 199
2088 153
97 320
38 1073
38 579
870 197
150 32
286 212
82 483
24 893
2968 106
598 46
221 72
48 337
117 1241
46 1073
2206 1046
150 1953
1559 1259
687 24
224 170
1853 93
461 139
1459 452
224 198
97 1632
683 199
762 46
170 46
2272 38
51 259
2688 554
1255 47
461 662
2388 1162
818 47
1446 229
48 877
1156 481
336 47
448 1842
534 47
3311 24
1102 1490
11 2258
36 563
82 683
486 1079
820 703
461 968
265 106
212 199
89 2420
400 93
36 214
38 1523
210 2991
221 1153
469 381
1974 355
1016 38
48 153
334 47
534 24
386 308
1274 481
762 47
78 1061
1559 452
842 38
458 2
3231 2253
140 81
48 74
46 320
889 1205
2334 15
32 117
308 162
1946 38
38 583
368 593
1146 30
1532 199
336 46
1918 47
836 82
41 198
368 215
971 24
41 723
823 24
47 148
82 625
513 458
313 47
89 72
82 1317
1016 11
576 26
452 1448
1259 1339
1839 632
687 48
1016 41
758 24
93 479
48 1918
82 1415
2665 24
215 960
583 47
458 1775
451 46
2661 47
1777 47
584 452
829 78
93 2858
11 46
46 1300
224 1222
36 75
215 292
458 1224
11 647
1054 82
1939 41
609 448
534 38
1016 24
381 626
818 38
38 1222
48 1232
1309 1405
41 787
1073 24
558 3525
690 418
36 61
85 44
1073 943
368 543
2423 46
224 1251
153 1298
48 2665
1440 38
212 126
403 1562
3224 38
24 16
82 1757
11 467
224 355
46 1255
685 40
1146 207
38 49
728 676
1065 24
82 336
1348 24
452 263
224 186
647 224
3224 199
2289 117
1345 212
224 344
114 911
434 452
416 199
881 199
1217 47
198 320
849 338
47 171
286 117
1153 369
150 2940
399 120
854 2010
864 500
371 47
224 1918
972 24
38 220
3584 47
1916 24
292 103
82 2625
369 320
2001 893
1559 38
1073 41
11 1259
451 38
399 236
2754 24
751 141
428 492
38 163
38 1260
529 61
367 256
24 575
1349 1353
23 47
46 148
2135 197
2625 199
476 229
381 26
82 584
162 1632
1016 505
369 15
687 47
1484 126
1277 909
41 171
1777 24
20 1961
1254 38
762 199
51 452
1073 199
46 3623
11 302
120 236
11 1270
11 863
624 741
904 24
386 259
215 1080
357 960
454 47
42 199
46 3634
551 1209
818 24
1851 308
2983 1586
48 320
945 355
82 1466
603 458
2388 2136
660 1331
1242 1990
104 559
877 198
816 93
1298 47
609 1842
276 41
336 93
452 454
38 171
626 229
47 969
381 1061
82 2746
863 369
1532 3095
1260 24
268 368
662 61
112 302
2054 386
47 589
960 122
1440 199
38 1300
500 3525
11 589
344 24
486 994
13 24
47 2096
556 47
11 1046
170 47
120 909
368 1224
1241 88
224 969
386 2051
543 533
504 47
2334 369
72 670
948 369
24 320
1045 1548
665 43
428 452
386 2
76 61
11 112
600 73
279 3634
13 1466
586 254
9 1383
82 854
299 47
2003 38
41 1328
1557 863
41 332
47 1466
3623 198
11 2665
2746 47
46 171
1238 475
2661 854
662 1096
199 148
224 276
317 947
1124 97
383 82
36 104
46 370
1 369
1931 2
82 24
416 40
48 2625
676 229
140 1562
1693 290
43 47
2754 46
1459 17
81 61
43 363
621 536
1851 690
3584 38
32 68
97 162
21 1102
576 97
82 49
584 199
920 191
48 1917
38 337
75 215
945 380
146 229
1459 481
131 1238
13 38
82 943
21 71
89 1241
1153 469
1348 47
1327 17
849 3095
210 38
1080 122
11 762
479 199
21 97
1573 47
1016 452
97 362
89 378
994 38
93 170
26 300
210 2423
82 438
1939 199
148 2150
97 2644
386 2619
573 199
1332 536
112 141
131 1603
150 1579
24 171
1274 46
1153 97
2160 148
199 24
469 126
38 1298
140 122
762 17
1430 38
1528 24
11 1839
117 126
1673 46
836 38
141 1442
1336 198
1309 481
13 625
1695 117
2372 89
1154 24
120 1277
51 441
2572 97
97 2619
416 224
32 458
369 1995
82 1483
731 21
334 63
212 2150
51 273
47 1222
609 1548
81 122
82 1774
9 1274
1961 47
491 47
1548 1376
1051 117
1293 355
2413 47
1573 38
11 1000
51 1851
46 263
2645 47
276 46
2695 97
529 567
38 2547
24 2842
13 100
89 658
1853 38
830 24
191 24
150 789
1217 199
2624 97
1961 373
111 11
686 1022
15 1129
452 198
368 2321
82 2272
219 386
1440 452
505 15
600 47
51 2555
461 61
370 24
1851 26
1806 458
419 2573
38 606
38 94
994 1519
224 1360
