1503 4305
1 2
7 8
17 18
36 37
48 49
50 51
60 61
65 66
73 74
87 88
91 92
95 96
101 102
110 111
120 121
127 88
84 130
58 131
132 133
135 136
150 151
159 160
163 164
171 172
174 175
17 176
182 183
190 191
219 220
74 225
197 228
233 234
243 244
58 248
253 254
141 255
256 257
262 263
264 34
53 265
267 268
274 260
277 278
282 283
284 285
217 204
191 294
204 304
30 320
325 326
327 260
48 330
332 88
339 340
290 341
343 120
207 265
333 347
354 355
360 191
365 366
367 368
371 372
373 248
382 383
384 377
332 283
393 34
51 400
88 401
406 248
191 414
419 420
320 423
424 187
204 114
449 450
402 457
458 19
419 462
467 468
483 484
17 492
493 452
496 497
502 435
503 504
507 508
510 207
518 519
521 283
204 532
449 535
536 537
552 553
555 553
561 562
564 565
207 567
150 571
576 577
584 585
536 244
587 588
99 589
591 202
594 88
163 600
601 602
603 234
605 606
610 611
187 612
616 452
588 621
628 420
253 452
636 637
638 639
644 207
36 160
650 553
651 592
654 655
663 326
564 667
681 452
690 88
255 700
207 393
106 707
452 724
725 726
727 441
728 386
111 171
737 333
624 384
747 748
762 763
493 769
774 254
174 775
521 794
492 176
800 801
809 810
384 815
818 463
207 819
827 34
828 829
832 833
834 19
846 576
847 206
851 326
84 854
834 555
861 862
367 868
832 869
870 871
34 819
877 878
827 879
889 77
891 892
477 904
449 27
320 907
908 889
910 452
912 207
915 916
890 917
921 452
922 923
927 928
932 191
190 248
354 37
938 939
943 944
215 951
956 815
964 120
975 376
987 988
864 989
135 260
576 260
553 1003
727 1016
435 1017
217 1021
1030 97
961 1033
1043 1044
19 1056
1060 1061
1062 1063
30 1067
1071 1072
452 1075
1077 1078
1082 171
243 127
1086 1087
1092 441
707 1093
1095 589
1067 1104
714 51
96 605
19 1118
1119 88
19 1127
1131 1075
382 1140
1143 377
1144 1145
102 861
573 1154
1160 53
256 1166
1170 1171
1022 1174
821 176
675 53
88 1184
256 917
1111 1189
497 1191
1192 1193
309 1199
518 106
339 326
496 1217
1218 1219
869 120
106 420
629 1226
1227 1228
834 326
601 88
1232 1233
191 1235
243 363
88 1236
371 629
1242 1243
1246 1247
88 815
1253 320
724 1256
519 1258
1270 452
629 391
639 1293
1296 1111
1303 1304
1306 120
1307 553
351 363
714 1095
851 187
1325 832
1111 1326
158 88
1333 120
997 1334
798 1299
1336 926
624 1337
1339 890
99 1342
1337 1343
1344 106
1062 1354
277 1355
48 1232
1356 120
106 842
1359 815
868 450
1367 191
109 1370
987 100
1010 865
1193 748
191 1379
1383 17
1384 574
1390 452
892 713
1391 248
84 1392
584 1395
1398 1399
202 1412
1414 1415
48 1422
1424 1388
922 1057
74 260
1437 1438
1441 88
1424 88
1177 1452
1453 320
333 1456
1460 32
1461 1462
584 120
452 1471
187 1473
50 868
932 697
914 1479
1480 702
892 747
403 114
5 553
158 1488
1147 1493
1495 799
1512 34
1473 191
510 248
1525 553
243 25
425 1527
207 1530
258 1531
102 567
204 1087
1541 176
938 463
1174 111
452 1555
1563 1564
1565 88
1566 943
1574 407
91 88
419 1525
868 1158
1579 1256
1580 707
1583 172
275 191
187 1219
1607 111
384 1609
1541 1611
921 37
727 1614
1615 102
1460 1616
373 1622
908 34
102 1632
1633 1634
1639 1640
648 611
215 248
1655 1656
1661 1662
812 916
88 1670
190 187
1673 1674
1676 1490
74 1677
1678 187
1095 1680
1641 1681
243 532
1684 707
629 176
452 1690
1691 1692
496 182
207 58
19 1592
1383 492
120 1704
795 88
1709 1710
148 581
889 283
1711 1033
452 1712
1238 88
1245 191
1728 1256
1252 88
987 1680
371 1737
535 576
1739 391
1107 832
1656 1704
1452 202
1752 702
207 1753
1193 606
657 1759
148 1284
1774 878
283 88
1242 1061
505 600
504 1033
1788 1202
1791 452
1792 1650
1794 53
452 325
1690 120
1217 88
1804 366
420 576
588 789
17 542
363 532
102 1810
801 1811
1279 88
834 74
1622 1815
605 1555
1821 452
84 87
19 1825
1828 1239
461 88
452 1834
1837 1838
518 120
1843 120
561 610
187 1815
382 187
1279 452
956 1855
1657 1856
309 606
707 1725
1865 256
584 462
114 444
355 1057
690 176
834 498
1639 505
667 1874
1460 930
1876 1877
403 34
1879 1880
1881 1882
187 97
102 821
207 1892
1893 1894
1569 1681
384 1897
1236 1899
834 553
1901 106
1902 1854
1680 894
1910 1911
938 447
1916 120
1917 1880
1584 1918
187 591
760 272
50 368
1933 248
102 294
1279 1935
50 594
584 1939
435 1942
1946 553
320 1235
111 71
84 864
452 1033
521 702
417 34
726 1616
988 120
1217 1258
19 1326
890 1969
371 112
58 1980
1230 984
58 1992
1095 542
1996 452
148 191
1563 2002
1092 904
1569 2007
782 2008
320 826
87 34
624 1573
2009 385
127 2012
2014 1246
34 2015
2017 1942
2018 100
845 74
2032 34
182 2037
419 385
584 2040
2041 2042
2043 260
2046 272
1361 747
1460 600
215 304
1480 795
1217 497
2075 111
2075 88
2087 283
2095 799
628 2096
760 2097
48 1495
17 786
218 49
136 128
2104 2105
417 191
127 2110
2112 2113
2116 2117
2122 1622
2130 2131
13 2066
1917 2136
587 84
2137 2138
2144 376
402 2151
256 1969
106 2154
1245 248
2158 2159
205 852
320 111
2170 1737
419 555
1145 984
519 1728
1676 2174
2161 467
91 552
435 2177
2178 1460
536 2179
2181 2182
560 1232
1804 930
19 74
2204 7
17 2205
253 204
290 393
1384 347
921 120
2137 2207
1060 1242
908 2208
150 2209
1033 2217
908 53
30 88
2223 1483
1458 191
1246 2233
19 326
106 2243
739 1019
2256 88
2259 382
452 1704
2112 2261
1062 102
2272 2273
1383 371
1381 435
1676 283
1204 243
88 508
1673 1680
747 1072
1230 2112
260 643
725 1616
65 29
584 2291
605 2295
584 2296
1044 2298
467 2302
19 1870
2303 928
868 27
393 1622
1295 34
1712 74
243 916
233 2311
417 1622
832 498
171 1373
187 2316
17 211
207 2317
187 2326
1541 690
2061 1038
1453 102
17 371
333 2333
727 287
136 1033
205 2113
2342 97
523 407
795 2352
2353 187
921 160
2367 2368
2372 2373
1808 1917
616 120
1593 1893
2386 2387
102 2390
329 191
2395 2396
584 1258
2397 560
2224 553
74 833
1728 576
48 1668
320 567
2335 2405
2412 2413
2159 467
833 1256
96 2414
505 74
1143 2418
1837 2427
2428 1980
1622 2429
1821 555
88 1078
207 1025
1593 1521
1111 1942
1510 1279
2259 602
340 2453
1245 53
519 420
1639 923
1318 2468
1144 1230
360 97
559 268
2475 34
663 120
795 2149
333 2482
2483 2373
1900 530
2490 2491
727 2110
1301 32
207 2506
584 553
785 449
332 363
393 248
398 2511
921 926
2512 126
1192 553
929 2528
1111 2367
854 97
2537 724
2538 1138
2259 1710
2539 2540
2541 2542
1192 1071
264 53
1279 1354
435 2017
327 2159
1788 832
2550 928
96 2553
207 2475
19 2558
2560 1355
492 106
53 819
2486 821
2579 975
48 2095
2585 1067
2587 2588
832 2589
2418 2591
2528 2595
320 176
2599 191
2600 727
163 726
1279 1145
702 799
1246 2610
174 1459
1245 1557
219 2617
53 1589
2621 191
536 2625
1339 256
325 120
800 468
420 2096
187 602
868 2637
2026 441
452 964
2645 452
1509 102
2649 204
832 254
1676 2254
120 577
51 2668
2391 111
452 2673
61 1355
895 728
1641 386
1853 2333
893 1087
419 136
2694 2695
605 577
2712 279
715 204
1676 88
523 721
48 799
2724 2725
363 916
74 2730
1531 114
193 199
2733 452
48 709
789 621
1808 2738
141 2739
2741 2742
1531 452
543 461
2745 2746
102 826
2749 1166
2750 368
384 1217
2752 441
497 377
191 984
1460 922
644 1462
1086 2758
360 34
2204 2771
584 1003
1414 2775
158 2415
494 1078
1043 2782
88 657
2745 2515
605 1325
19 2730
1640 1460
518 74
34 951
17 109
101 861
1935 187
96 2787
2628 172
365 2788
419 1325
96 2162
2311 2790
2415 695
2227 53
2795 584
1256 260
204 441
1462 120
2112 801
60 519
32 1033
48 37
2807 53
2810 944
2811 191
401 441
1138 1110
339 120
17 2820
2821 71
2825 248
482 2832
2833 916
819 248
938 761
606 74
2452 2174
1584 944
419 261
934 88
2844 88
1660 1737
2847 2668
504 136
810 88
1680 1086
2853 2256
2069 2858
2860 890
468 801
663 832
2048 2873
2112 1812
663 452
191 2875
1230 868
842 120
1307 2883
2884 261
102 870
739 2046
207 2897
2538 1038
102 907
434 2901
452 74
207 341
191 581
1899 441
382 1759
187 2911
2912 1622
320 1281
174 1033
102 391
1996 2117
2918 2919
1004 191
136 553
2483 2372
2929 282
629 2386
2933 88
51 1337
305 441
1246 2936
88 2937
19 1233
2938 204
542 88
1230 795
2259 2943
50 1725
38 32
739 2956
452 136
307 862
2927 727
341 248
2178 726
1217 1191
1022 88
1192 747
845 340
639 2997
2998 2110
1678 591
584 398
3015 53
84 88
19 1242
518 724
1279 1680
1267 175
1804 2097
921 19
127 283
1865 2749
330 799
339 2491
639 927
1293 928
17 197
141 2312
3042 1381
592 810
328 2138
233 1145
191 3043
932 187
834 254
58 26
1230 463
1657 1063
205 1812
1980 131
892 1381
353 467
795 457
1569 386
186 452
1243 3066
434 3070
921 74
818 3073
3075 3076
726 106
588 795
2750 868
106 657
505 922
102 111
197 88
847 815
879 1025
452 519
1566 944
573 106
1721 2042
452 518
462 498
384 1143
2542 727
606 19
838 2587
3118 419
3119 452
1583 283
2751 109
500 833
2161 892
1935 130
1791 120
19 2490
1238 727
96 3127
519 326
893 707
606 553
605 19
2832 3134
794 3140
3141 100
1174 88
575 786
7 1213
890 670
1107 3150
74 577
3156 187
892 3157
3160 328
624 3162
58 3163
3167 2130
505 2351
3171 391
96 2901
2860 256
3180 3181
150 3183
463 447
949 2560
3194 576
106 3199
74 553
908 789
3203 191
2199 3204
3205 657
187 984
343 326
533 407
467 553
1918 2298
855 88
2738 247
452 3227
3229 3230
3233 248
320 3234
2821 3235
8 1213
2901 3070
452 3070
172 3240
917 2749
588 403
320 3181
560 74
606 326
3249 2373
1095 2914
88 989
1460 903
2137 1415
3256 376
915 3264
3272 187
307 187
681 120
1535 88
283 133
30 1238
536 171
3291 553
1119 1441
254 260
1359 114
1509 320
1337 275
452 560
2322 3303
781 1782
506 707
2884 553
833 120
1204 537
452 832
2940 1894
553 1596
794 532
1361 1071
3338 672
13 88
320 786
2538 305
1347 139
187 1379
2579 376
207 26
243 171
605 1728
277 61
1390 1019
254 74
2832 1672
419 326
908 97
690 111
1788 3370
253 260
606 832
1470 3374
2600 3375
2182 1622
810 2703
417 248
2617 712
398 650
333 1902
3389 2560
2967 3391
3220 53
1133 34
17 2869
576 3393
1678 1452
353 2159
3160 2858
3402 1676
890 3403
19 3404
320 588
3408 260
3416 2749
187 304
2311 1799
2415 922
106 519
2889 37
2621 519
19 260
891 747
503 1158
3430 893
127 521
615 1680
1279 377
17 71
253 326
3439 3440
3441 191
298 2625
1144 1510
922 795
2012 794
1634 3449
1752 3403
844 441
843 2087
2828 3454
3028 187
3457 1239
519 1495
452 2490
594 449
282 532
3467 795
624 497
3474 2159
2815 3476
936 187
2386 191
492 2869
1821 419
1666 34
1837 1235
320 2031
141 700
1761 709
2317 97
877 1555
204 1175
1638 320
25 1422
87 53
533 721
106 1145
34 3510
53 3511
256 1752
2046 1019
91 584
1512 248
1307 1422
3476 2257
2546 159
519 3526
403 207
3530 576
591 191
3533 29
921 1580
290 3510
452 2589
3539 576
2335 3544
106 467
2166 2131
58 1304
190 53
2585 102
172 3559
774 553
2415 2219
505 452
796 553
2335 801
2694 560
87 144
441 532
605 1939
644 19
339 1131
2712 2751
1531 88
2166 553
1230 238
3598 120
2227 283
1583 3439
3181 3602
3075 560
247 1880
2014 2964
2322 3127
519 1555
1460 795
184 1456
1295 1622
1892 248
187 3617
929 2595
88 1899
1656 1056
382 3622
2571 111
1295 248
2739 255
2963 789
3628 2089
2579 3256
1876 403
3630 187
290 819
1656 2558
722 88
714 508
463 2468
99 1414
2815 801
19 3641
452 3644
283 221
135 74
407 260
19 1243
3119 34
3654 391
1279 1782
354 73
717 191
84 588
3661 553
3119 1245
3564 88
3408 452
838 1290
1584 1493
207 248
1676 282
80 88
449 1440
908 1622
333 1854
207 2429
2415 3684
1071 748
191 3686
215 3687
3375 298
3287 728
106 833
1062 1856
243 88
1295 1882
921 355
355 1337
2884 2978
204 3702
2413 842
3705 3706
851 3630
3712 795
19 3713
394 1680
1674 796
921 1336
182 3718
2182 290
760 600
3338 2771
1728 420
762 987
1296 435
3739 1462
2311 234
3744 879
519 2617
1996 423
17 1828
624 1217
944 1438
2033 553
632 484
1279 84
987 576
1900 320
963 3628
864 657
96 1871
2112 2790
760 164
1383 629
19 3426
141 897
19 1462
553 2296
3770 204
3772 88
1692 3774
600 1902
1127 74
553 120
434 3780
19 1834
809 401
382 3772
435 1326
106 73
644 30
927 3100
1413 3792
1804 1460
871 1235
2539 3797
786 3801
96 2091
2821 1033
1344 2016
1107 58
340 842
800 467
1684 275
3272 191
235 2521
2137 2329
419 74
1616 182
3544 3825
452 135
91 707
3630 3011
1867 1490
3833 2486
1175 576
2964 1247
3839 53
3146 1086
1279 1607
3338 320
1615 3843
19 1824
1242 3641
17 328
207 191
102 3850
452 327
832 407
605 553
1230 1493
120 326
3861 120
3862 452
555 254
403 187
243 283
1680 1422
419 120
191 202
407 3150
2162 1462
496 3871
53 3510
163 760
320 3875
715 893
763 553
2742 3259
644 248
553 3881
576 1258
1541 328
624 48
243 2110
3669 1838
864 3895
567 697
3661 584
561 611
3867 285
3911 88
519 846
19 2091
842 576
50 3918
536 1082
1095 796
2825 34
854 1213
3930 697
733 106
2490 260
3630 191
19 2130
2795 553
363 3140
3941 639
2507 1899
1022 690
2159 553
1881 879
3713 120
521 2749
172 2174
3946 1843
253 707
1299 120
1242 1825
74 3954
3957 221
2018 707
1622 1025
2014 2936
1325 260
503 1044
328 111
1057 71
393 53
795 532
3969 187
96 3303
87 207
1291 1704
760 1616
253 893
879 1815
3977 3978
51 287
3430 314
1709 2943
3983 74
2391 855
2725 1690
111 3181
275 707
798 1215
419 106
278 3403
603 1812
2142 377
283 532
747 606
1153 34
2138 1415
258 4010
3180 4013
136 88
2100 260
3530 19
1082 4026
7 88
2100 106
1082 3871
519 3539
690 722
4043 1373
834 120
4048 32
272 326
19 3066
1808 1880
402 333
384 553
205 4053
505 4057
102 2970
207 53
92 2089
449 4066
1284 187
581 4070
48 2343
53 248
1641 379
4072 4073
191 1452
4084 786
847 1217
332 368
1894 441
455 144
452 576
87 444
4098 4099
4101 4102
2847 1650
956 3162
1174 1565
4118 1942
4120 320
1192 748
2227 34
1246 2964
191 97
365 2097
127 794
3229 2712
1657 102
101 251
4130 4131
2538 441
3867 3476
3936 371
220 577
217 277
88 1311
309 748
1217 377
4151 508
127 363
19 2295
2418 2725
419 3227
1737 18
2490 340
355 175
521 363
810 283
1019 272
3911 283
417 428
73 37
3661 398
845 3161
521 88
277 2560
483 632
575 197
2830 2645
1804 903
125 3533
367 449
207 4186
50 105
536 243
382 1058
2342 320
934 4197
4198 447
2219 3684
1460 366
368 1381
17 4208
893 1086
4208 904
2161 2159
657 941
2415 88
277 263
3075 2694
333 3490
1174 397
496 2112
2825 879
2858 4228
260 1704
3930 191
987 1673
600 1593
420 553
254 326
2522 553
452 4240
38 449
3441 187
17 2391
939 761
32 2337
2972 4249
191 1664
575 424
2538 3181
2978 419
1676 4257
2912 34
2475 1622
3514 3183
283 318
1451 1158
1071 1199
320 861
1230 3712
4272 560
1843 260
403 697
1174 197
2158 763
19 988
2032 97
1641 3213
2011 3167
3955 191
102 3622
17 1370
890 257
988 4278
187 1150
2833 171
4070 4197
4282 2821
17 187
1067 294
2112 2311
1390 2117
2929 2628
417 53
4299 2693
1206 4301
500 921
1279 984
452 3713
4310 207
576 4311
661 19
2815 2257
3119 248
19 182
2628 282
4207 71
630 2918
191 2911
2811 97
1071 3157
847 497
339 1843
4327 494
19 832
1879 247
2042 1215
3839 879
1111 2017
864 1759
1279 781
726 2089
452 1326
4342 724
87 187
211 71
922 697
50 88
2026 844
1834 120
125 29
1520 29
333 128
796 260
639 2550
327 467
1082 243
219 519
102 4370
2069 397
320 1067
407 388
2858 492
452 2511
1244 3865
184 795
878 1555
1414 1331
3833 2288
2353 215
363 4388
892 553
505 2788
1131 2453
309 747
4390 1111
102 251
3070 260
17 280
832 74
3426 74
1680 88
4398 168
1067 102
3369 1569
19 4399
2089 553
259 88
2694 2397
53 4405
3338 88
87 19
1721 4131
340 2768
1414 2329
4378 97
1918 2784
419 1596
1788 611
172 4099
519 3739
493 120
2452 1676
1458 53
2434 4213
1279 3850
1480 4043
53 4433
498 120
106 643
1245 1622
253 3906
283 2179
3181 1284
277 2797
1894 4444
3075 2397
675 34
519 2546
709 800
957 34
2122 34
584 2511
182 2257
922 191
4421 657
1902 88
182 4460
2628 4257
527 1434
4465 320
34 4470
523 388
3772 1058
207 3511
4487 1033
4491 1166
435 4497
3181 1145
262 1372
88 4506
603 2113
4510 542
50 2117
277 3389
3194 452
325 260
1673 263
1676 221
187 215
423 97
191 4520
101 3319
50 707
452 1243
1120 4000
878 519
171 3590
781 1680
1160 423
4527 1942
132 2452
1325 74
3797 2540
97 1664
99 2914
449 584
854 1030
207 1153
2322 4541
1299 74
3235 4543
1728 121
4547 690
2922 88
320 1239
644 97
332 2012
53 4551
1166 799
452 4563
32 204
956 1609
423 53
2821 452
2936 2610
1079 53
4575 4576
384 398
398 3881
2337 1892
4578 3375
320 1632
2649 893
519 795
1192 4589
452 4590
3533 447
922 3622
715 1381
368 88
4120 102
1337 49
3327 1111
1307 4605
1356 326
452 988
2178 1616
1657 320
97 2646
121 326
4198 4612
2560 1498
2475 879
1709 84
419 260
4084 4616
3327 88
2177 1942
99 2775
2833 172
987 88
407 4623
1680 576
88 2179
795 1033
243 172
182 2335
19 3954
19 2589
915 2628
1712 120
53 2429
53 4633
2506 53
564 1874
879 2429
368 450
2161 204
997 4642
256 3403
102 176
277 4657
1555 120
864 4661
96 4399
916 318
1192 1199
32 3702
1060 1243
2599 34
915 4668
3936 372
1193 1071
1398 4672
452 326
4491 702
1244 4676
798 3906
17 629
908 879
368 4066
2912 53
1337 707
19 339
163 553
605 1060
88 532
2342 191
207 3233
1917 2965
215 3686
877 519
1450 1381
332 127
384 88
333 4690
4692 84
1680 796
34 1589
3375 127
2617 576
987 2110
2884 555
99 1266
576 1555
1615 320
2112 1331
762 1680
1230 1279
283 2110
19 4342
449 935
96 3641
523 4623
1296 1942
1111 1017
795 4721
1680 263
2161 88
1192 3157
2087 53
3957 80
3 4725
1083 3792
523 260
2682 2291
575 328
19 3739
452 2368
1279 3984
290 4433
4735 1219
1495 842
174 452
97 2911
505 366
482 1672
1580 4740
96 4741
275 99
34 2779
1424 1805
4282 4543
908 621
455 88
419 832
890 278
19 4753
553 121
1639 365
419 254
1158 2782
365 1616
3160 2069
961 128
714 839
191 697
1177 1458
3957 282
1546 3427
377 1855
496 1082
2273 221
510 53
2335 3718
452 3739
3739 326
4643 2111
88 1213
136 4782
3145 4783
34 1025
4070 1911
2964 4786
106 989
355 73
1657 1354
3378 197
3160 191
585 1946
974 728
435 1111
1295 53
425 4800
19 225
493 458
218 2588
17 1177
34 265
1381 3530
2452 441
4824 519
2815 2335
355 1267
333 88
1680 2110
99 1331
1521 849
3654 88
4838 333
452 343
51 3050
328 3555
739 339
172 2203
1662 4844
53 1530
4838 88
801 4846
2162 120
1607 3181
3205 4859
74 2617
1676 172
95 19
1038 441
3654 320
2243 576
1691 3774
519 4878
105 4880
3510 248
2046 452
368 1158
455 657
1398 1733
4886 4668
600 88
1307 584
102 3234
4887 2089
2219 695
1062 320
725 760
1174 176
187 4492
874 260
1242 1233
493 260
606 254
275 1452
588 922
19 3861
2467 204
30 1952
3707 1656
4101 629
290 265
1033 498
283 172
1217 1175
1657 4914
845 2768
851 3011
2331 878
2858 1196
51 535
4628 707
363 4668
3402 2628
419 585
4929 3564
1243 120
4930 3946
3867 284
639 928
760 1593
2490 1131
360 1452
644 576
1074 1811
233 2790
3338 1737
1452 984
220 712
17 4929
877 244
855 2290
191 612
2329 1415
1071 4589
384 2142
204 4955
795 1373
80 4668
368 449
207 827
187 1452
2069 328
1851 176
452 1175
2335 183
892 763
3119 202
2302 4846
1946 707
3373 120
519 712
908 207
560 2695
2600 88
191 1258
908 248
4983 53
2182 53
398 553
2335 4996
205 1799
3327 1942
4997 191
1681 728
519 2154
600 709
3 762
584 121
1339 2749
243 355
2452 172
1657 3850
102 1493
2311 603
1661 4844
1131 340
106 2149
5020 7
320 2390
3780 452
419 1303
2182 1354
1279 4672
3421 202
605 174
340 1075
1799 2790
1120 1807
1616 3825
878 136
733 1154
2311 2261
1792 2668
204 991
1381 1684
3550 74
1095 99
5044 1877
402 795
32 2151
1414 2207
2749 799
191 1952
1805 1388
2912 879
111 5053
3652 5055
727 467
1004 202
3338 3622
2967 34
5060 50
5063 879
801 1812
417 2628
519 120
2978 553
1279 2112
2712 1010
1670 2602
417 5073
2181 3984
384 3162
5075 74
697 2568
591 215
2522 398
2587 49
29 66
402 796
3791 795
2322 4073
290 3233
519 577
277 890
1279 1086
1175 260
1886 27
5090 492
453 199
1881 248
2011 2130
5092 1206
5060 707
419 1946
892 4589
2943 1710
2847 51
2026 631
2259 333
492 786
463 3073
96 3998
1202 707
1291 712
1583 3440
2853 88
1071 606
1901 467
2069 4228
191 215
2884 890
1381 88
2335 5107
4208 88
171 532
1479 4783
290 1530
275 1342
1680 1674
2136 1880
2166 2130
417 879
760 2089
4421 941
1634 893
2391 88
1177 111
914 4783
187 2875
2521 2224
493 1825
2884 105
500 326
777 1267
452 922
3369 728
5128 187
707 100
17 283
253 3150
3204 441
1256 326
2397 2747
2181 1279
1230 2468
441 2203
152 32
1226 1452
2087 248
17 2170
74 1342
1676 1311
5151 576
603 2261
912 248
559 1422
4725 553
102 423
2600 441
102 3930
34 1794
786 4616
1527 3901
101 307
197 5161
391 5162
419 2291
2182 34
1174 2069
187 1622
4997 97
1804 1616
2112 1326
5009 782
5167 248
553 2291
19 73
497 2591
707 2333
663 74
1413 74
644 58
88 3259
19 4498
51 1381
519 4311
4122 1373
260 326
553 2040
1279 136
605 419
2560 2796
5194 254
1398 449
5053 283
1593 922
3264 4886
1792 51
207 1992
2122 53
519 1175
5 4605
854 928
19 845
127 298
5009 2008
17 382
809 88
1079 207
1933 53
4465 102
956 497
2335 2037
333 1145
1083 1413
1930 128
1459 88
26 191
127 4388
2537 610
34 1462
371 88
2046 2116
2322 2553
1355 1927
4151 114
1218 1367
5089 2610
636 204
1569 379
128 1033
1460 164
182 2261
452 260
320 3622
2884 5194
5246 191
3872 3259
834 1422
102 1239
3075 2747
284 3476
207 2912
74 2162
2621 187
672 5263
2964 5266
332 2110
1917 247
3654 102
4803 1662
584 832
521 532
1473 2326
1306 260
3197 728
2043 120
1295 207
760 903
332 2922
497 815
584 1111
3370 610
988 326
2112 1145
283 1311
51 508
559 88
8 2149
1634 204
452 73
584 1888
333 2352
1131 1843
207 3510
87 879
452 842
2884 419
3220 34
594 3918
2087 984
761 5307
605 2884
3791 737
425 2919
3652 3338
253 120
2075 2110
26 34
2204 114
1253 102
452 2123
1177 424
498 553
3017 260
1279 1422
1367 910
584 260
403 1622
2291 2511
207 1458
5331 555
827 1622
452 4864
36 73
71 2330
2227 889
112 88
1022 1334
3791 333
727 2703
644 202
3957 283
25 795
5351 88
1804 2788
452 5353
1593 4444
452 1019
503 2343
2259 601
402 922
17 3338
2303 3100
88 1759
1422 796
106 1946
452 36
462 553
939 508
4327 88
5009 435
1244 2950
277 1314
560 3076
419 553
2322 2414
4278 576
2066 5393
1541 4758
102 3202
74 120
205 2790
2182 879
3203 97
1684 1342
4491 2749
482 3134
5223 191
709 88
5401 51
832 553
5401 2668
714 88
5064 3946
452 869
126 5415
1043 27
2742 88
1383 2069
382 1452
3004 32
2621 845
452 5420
152 2828
3272 591
5422 191
497 2418
363 88
341 53
2178 760
1381 4955
449 553
5432 2668
956 1217
890 1939
4299 844
2219 50
3669 2427
110 88
1269 1650
4803 4844
1192 713
102 5439
1391 53
1279 1856
419 121
493 3641
2943 97
88 941
494 1213
843 984
320 2911
497 3162
2181 1354
207 1622
191 1219
795 1145
870 3669
3772 795
605 88
636 504
158 3259
717 97
84 1330
845 519
432 87
34 53
2391 1334
1279 3181
2779 53
419 452
3598 452
5027 2315
560 1233
605 842
2810 1493
1232 5486
5487 2749
332 1680
2927 88
2821 4543
2830 5490
2390 3622
644 191
1616 3544
174 261
363 172
889 97
5503 3630
1678 97
2751 1370
2521 3374
1189 1942
414 97
987 1761
2351 4057
248 4470
204 637
432 1205
152 1680
2014 2751
2315 5518
88 1140
1946 2296
1060 4399
4310 53
3550 120
730 1641
333 795
233 852
533 523
2166 796
5089 2233
88 2333
73 1824
2825 53
1728 120
278 702
34 4633
253 798
97 1952
498 2291
891 1192
2100 519
88 2110
320 5543
419 5544
727 1184
419 1183
603 2790
5551 187
277 1480
1569 895
1331 1326
1480 1215
1337 4628
763 4725
275 1343
519 1946
1062 1145
255 2312
605 493
87 2628
1680 916
4939 1680
879 1622
328 2391
187 1235
2177 1111
733 573
283 1867
2884 594
17 3234
575 191
1666 53
256 2749
248 1861
452 128
1728 74
798 1071
1333 452
152 204
798 452
908 283
1204 363
139 4880
553 385
727 127
1202 5591
102 786
605 254
176 2205
3862 260
1381 3449
453 88
320 3930
2286 71
105 139
3042 553
519 204
320 308
521 3140
1728 326
452 2043
497 1175
536 4026
477 441
84 2956
5223 187
2965 1880
1347 105
278 670
320 294
1460 3825
163 2105
1372 100
363 794
988 576
74 1118
87 114
3272 1473
368 27
2741 88
365 1460
1398 368
5628 1
1450 204
4491 890
144 88
19 2162
1279 1657
325 1256
50 449
48 1381
452 5649
417 329
833 260
102 5543
2311 1812
760 366
5075 452
1711 128
393 879
2272 221
74 5656
343 260
30 333
644 519
5075 1462
1569 728
1673 894
709 467
253 106
661 1656
290 4551
644 53
1245 97
2741 3259
624 4830
17 1565
34 2429
864 191
3416 702
4661 3895
1650 3050
2982 191
1473 984
1227 202
5351 5692
4234 2725
2032 53
2075 1660
5693 1479
5694 1192
255 897
3378 786
320 821
87 494
204 88
916 532
363 2148
5503 851
2933 657
3028 97
26 53
187 697
963 2089
267 100
715 1086
1077 494
290 5167
1422 553
96 5722
187 5729
452 5730
2982 202
4642 435
1680 5737
1607 1354
452 274
402 5742
19 3662
84 727
74 326
725 922
868 3737
1437 1719
1230 1145
921 1656
4824 1728
2007 386
2182 3984
163 903
1865 890
2087 1133
3146 893
88 377
1367 199
2104 163
4207 2286
207 3839
1676 397
2087 1877
795 2482
191 3421
3338 1660
34 3744
277 60
355 37
218 2587
1279 1063
1390 423
435 1342
1656 1870
88 3622
5 2883
785 868
724 2123
1680 868
1479 1214
74 1462
1063 1856
384 956
3145 1479
3864 2646
795 5742
1942 2368
384 892
3205 88
53 1025
536 447
507 5693
1245 202
1821 420
253 74
3099 928
3780 260
3234 280
4460 2335
519 2243
423 1412
186 120
1227 182
151 3514
17 111
184 333
1656 1592
605 368
1676 3871
861 5809
496 2335
277 4056
2628 80
182 202
715 205
661 452
3181 4070
1279 48
152 781
58 2428
341 34
1939 553
1638 102
2175 657
2467 497
4491 256
4547 176
1057 88
278 2749
1460 2097
320 530
1082 441
320 1810
2032 191
2322 19
5825 1942
2041 1721
1569 3213
74 3404
91 2089
4370 191
1060 19
510 34
2087 5044
2405 202
106 36
87 1882
152 347
707 2117
3205 191
2884 1325
2452 2203
2161 1422
1451 2298
5289 419
2175 941
5856 452
2752 1082
2936 1247
1120 3978
174 1267
760 5865
2998 88
5073 34
1769 728
233 1812
712 1704
497 1258
2138 2329
1881 34
127 2625
2223 106
368 441
629 280
452 935
615 452
1232 769
243 537
1383 1177
1074 801
211 1828
283 401
2537 260
419 498
320 87
1616 2089
84 1236
2415 453
500 796
4690 347
2967 97
502 799
5924 1235
715 2790
254 553
4072 727
571 3183
714 5929
279 2751
144 114
2938 1381
2820 88
868 4066
762 615
519 988
1438 1719
88 2290
178 4151
1082 244
251 3319
74 1916
796 894
277 949
1205 88
1579 326
3780 3070
912 34
1044 27
320 1851
785 368
5194 326
191 2568
500 325
3791 1033
174 88
2833 282
3998 106
1138 4013
275 1952
441 2468
543 88
383 88
2122 879
2560 4657
3590 172
2964 2610
553 260
690 2066
892 2033
2219 88
1677 120
739 403
1739 5162
34 1664
832 1256
277 1021
53 3744
4491 670
452 553
455 1422
575 187
248 1025
2844 657
2795 419
328 228
2322 1871
74 325
827 53
379 728
2467 1217
4186 53
207 1882
53 1861
3739 120
4198 5307
419 19
605 73
6029 3181
519 3393
2311 2113
921 326
425 2918
320 1585
5694 1193
2972 6036
1158 27
1217 584
4939 1095
892 84
1483 176
2418 4234
505 923
3181 4013
3194 519
309 1192
182 3544
171 812
5289 553
53 3233
801 2261
30 6048
498 260
5649 1256
2589 120
879 6054
1342 1266
2673 120
2752 243
136 597
4108 3181
88 114
917 702
87 1078
136 6022
87 697
1569 730
3901 6071
6075 809
1493 944
1892 34
1721 4130
564 6078
88 477
320 5439
452 6022
874 452
987 5737
1359 1057
1709 1330
934 657
892 1071
4013 4070
3298 183
1372 3183
777 175
606 1656
4272 74
6088 360
1246 5089
111 1331
2069 1196
714 939
360 53
283 3140
2673 326
87 1622
497 4830
4096 452
1082 25
2311 1145
3171 629
3338 2075
2089 5865
53 1557
644 6048
26 248
1245 34
500 3017
178 3772
892 748
921 832
355 36
3391 5273
384 419
403 1877
834 3118
2491 2453
190 202
74 37
1153 53
6121 4576
1569 974
2311 4053
4740 707
419 584
96 493
377 815
795 4643
4013 581
921 36
530 3850
847 624
4632 1877
519 220
3526 576
2964 2936
828 447
1307 260
2467 217
462 2511
1138 3181
91 553
2322 5722
1239 2970
1177 187
893 204
235 2224
1451 1044
2964 2233
690 13
88 904
3430 1634
1458 34
505 164
384 1855
3050 2668
6174 220
1086 204
1381 204
798 724
2158 553
847 3162
832 1712
2752 496
1531 4010
3998 19
106 2096
796 263
2452 133
1615 1019
402 4721
17 88
2011 19
277 1372
1227 2335
1269 51
1480 521
455 3872
6188 260
5263 5055
496 25
6029 4013
243 521
2898 19
832 643
1367 1219
5694 892
890 1166
1657 111
869 1256
798 747
2041 4131
3530 260
5273 1219
171 916
3530 832
341 879
1217 2418
915 543
3839 34
2746 2515
5597 1233
2159 468
989 657
2929 4257
727 5307
2522 5009
48 1337
1541 3002
17 5053
1235 2427
403 53
4800 3901
1752 1166
3264 80
4108 4013
1359 403
60 452
1067 3181
1302 6225
6226 4013
282 80
2204 3338
1510 1145
3617 97
233 2113
1853 707
1752 670
2581 102
5420 74
2897 1622
333 2859
2475 248
4692 588
1217 3162
709 799
19 36
111 3555
854 639
3156 97
452 1728
6249 2395
2335 202
320 1664
1930 1033
6226 5208
2610 4786
96 4073
2901 260
1082 447
3401 1171
403 2956
452 254
3401 1170
452 643
1918 1158
368 1805
339 3946
4782 260
868 449
5420 120
1918 3514
1804 164
432 88
207 4551
1295 879
101 862
51 5873
1111 4527
847 4830
265 248
5027 5518
268 168
207 1881
88 1388
1217 206
419 174
1569 1769
834 452
657 4197
1390 202
650 5734
1579 260
84 461
88 4070
503 636
4578 4198
1650 400
2649 314
1550 34
4859 657
3408 120
584 5825
452 120
1230 1657
2100 326
2316 202
1569 3197
172 532
243 2625
2560 1021
868 2786
102 1851
328 197
2537 611
915 88
555 498
320 88
2087 88
282 172
48 1404
1563 707
452 121
877 136
500 452
1301 204
1541 110
320 102
2486 2288
892 467
4578 5307
933 3427
96 19
4405 248
106 121
2963 320
1302 1009
253 832
1120 1033
2628 283
6332 1233
2860 2749
2483 3249
4378 187
4735 425
425 1219
101 5809
53 373
2963 423
1584 3514
2075 1737
562 611
5856 74
585 553
34 248
1202 610
657 4070
2825 1882
1753 1882
191 2316
1574 1303
88 5692
5020 854
419 325
320 3202
30 1104
2368 326
403 248
3449 204
4676 3865
6249 2396
282 88
3 763
915 172
87 248
30 2937
5090 106
3160 1177
2967 191
1933 290
795 2111
101 320
452 340
320 2970
4433 248
3564 282
1111 2368
458 3641
17 3457
793 1388
868 1381
151 3183
2208 53
183 441
80 916
2046 2117
663 3227
4120 30
1325 254
1650 2668
1520 287
4206 2943
834 605
1133 88
355 1404
1521 1894
88 100
494 88
2694 2747
19 1704
1709 97
30 71
2884 254
2506 248
84 748
1728 724
5063 1622
864 871
1279 238
2610 2233
1881 53
1569 2572
4310 248
182 4996
5194 120
243 441
576 2154
368 287
1728 832
2452 282
275 1258
1071 747
1252 332
915 171
5092 4301
868 935
2322 2091
2694 3076
2749 702
102 1281
2386 1226
4824 106
519 6174
3744 1622
163 2089
527 260
667 6078
2522 297
34 4433
320 142
191 2387
333 1372
417 207
111 6444
163 922
452 1299
3969 191
2512 5415
2100 553
500 74
519 6457
4578 2600
2810 1438
394 987
1546 933
1574 58
810 1184
452 19
3272 1452
32 795
3983 326
2954 260
50 519
492 197
727 401
1325 326
1383 786
1804 505
441 904
1144 1279
1107 1656
61 263
810 727
636 1044
3833 821
6484 102
769 1233
50 535
3641 1233
2467 3770
3391 97
4310 290
4642 1334
2544 655
1202 584
567 97
102 922
17 1541
4327 477
1821 1596
3402 2254
233 205
332 794
152 1384
191 1226
363 2012
88 468
48 5486
519 74
328 5161
957 53
1279 102
690 2391
4657 2796
1569 1641
868 1145
1460 1593
110 197
4735 1367
493 6332
6536 256
1158 2298
4240 326
606 260
1398 3183
17 2330
1247 5089
1192 260
2884 498
256 278
798 1480
2581 320
135 562
892 4725
1996 1390
553 326
320 1493
3983 120
1471 175
2322 1060
4013 3602
5487 702
845 106
329 187
102 2031
268 100
220 576
4543 71
5151 519
398 1395
87 1656
3780 2901
1193 747
519 1434
1918 1044
260 4590
3408 832
215 34
2177 2367
1245 879
235 3374
795 100
2089 2224
2415 3259
163 1616
419 1888
1295 290
1633 204
452 2682
2386 187
1367 4103
2733 260
171 80
6525 452
467 4846
661 326
277 6594
2617 260
3213 728
2397 6601
17 1239
368 2468
1284 191
135 611
2830 452
1650 5432
187 4520
956 1897
936 191
397 100
158 922
2628 221
507 1479
452 574
102 5682
630 425
215 53
922 71
243 4026
890 702
4983 34
452 2537
5628 2
207 4405
106 1093
6174 2617
2600 2110
2026 3212
2963 102
1461 19
435 2368
135 610
164 366
639 2303
650 2040
5223 1452
3544 2261
5694 1071
13 5393
748 713
6536 2749
5551 1935
605 921
1107 19
1270 519
1056 3066
915 282
400 2668
492 2330
2884 1939
497 88
80 4886
3202 176
494 854
1480 1021
2259 88
567 191
727 29
148 329
17 4228
2750 449
4056 1021
3862 832
847 1573
2207 1415
88 4151
1373 2111
4378 191
5730 326
1876 2087
1230 944
96 2322
2475 1882
2069 6675
6678 3150
5422 329
1728 2546
187 280
50 1563
521 2625
500 407
84 1030
793 88
1033 775
798 326
4102 629
1676 2628
774 120
5591 610
233 2261
290 53
1728 220
3791 2859
30 3850
1422 100
1110 535
2521 1470
760 506
2322 493
834 1325
1655 19
1245 207
4578 4612
2311 205
1550 53
17 4506
2048 6702
6036 4249
2322 2901
2204 88
1902 795
258 452
120 4878
1493 943
3075 6601
2725 2591
19 498
4510 1095
2397 2695
106 553
2002 1564
283 2012
3227 553
3391 191
2317 191
997 3692
17 2075
452 5553
3119 260
1574 1304
136 260
2940 441
707 39
1413 19
34 373
870 1235
1680 988
2628 88
2738 1917
3871 88
261 584
1383 2869
892 1199
171 363
17 110
1016 88
5353 260
402 32
667 565
1458 248
187 3421
3890 5044
1422 397
3240 3559
417 283
38 368
1712 260
4963 4864
152 3454
4753 120
1372 795
425 6071
5597 769
2889 355
102 142
2491 1843
2009 637
1565 111
1483 106
560 6601
1422 260
423 191
1521 1893
1270 135
1422 88
3156 191
34 3233
204 259
3977 1807
423 202
432 114
519 832
519 260
251 862
591 97
518 326
51 5432
3864 97
606 713
382 88
1459 795
519 842
1202 553
6225 1009
133 172
636 1158
106 4213
639 3099
498 326
6484 320
795 4043
3941 2303
922 2089
4398 268
452 2291
795 707
283 1490
832 120
3364 923
111 99
205 234
809 283
2997 2550
1120 3977
2884 606
827 1882
3199 643
2335 2257
854 88
559 553
2100 325
452 498
592 4218
605 584
576 6457
1680 100
4048 3004
5729 97
3707 19
577 326
893 2758
256 670
1022 197
3474 467
96 1656
651 4218
1226 1937
987 709
106 1728
2112 2335
3327 292
2112 234
877 1774
1202 100
2599 2967
560 3881
455 3259
2542 1614
727 283
125 447
3430 2649
187 6836
191 944
88 1392
4929 176
890 2749
3212 631
661 128
205 2261
1805 2468
207 5167
6484 97
2587 1290
1488 88
449 3737
5009 297
71 1952
467 801
187 3043
6075 401
869 260
727 468
1460 2788
1284 4070
3530 1256
368 1440
1077 87
53 5167
3145 914
584 3881
1325 120
1022 2391
1325 452
1243 4753
74 643
5430 4043
3890 1877
1144 377
34 3687
102 530
428 5073
178 88
48 435
1111 5825
1177 191
6287 788
74 3861
1881 1622
519 535
260 935
2936 2233
320 5682
915 80
2546 160
747 3157
38 868
6912 2061
187 1258
106 1256
2322 2787
163 2097
53 3687
891 1071
320 4370
1174 328
2898 452
690 3002
5128 191
2491 340
605 106
1633 991
1574 3163
339 260
3977 4000
423 34
184 88
1927 1021
4370 697
5 1307
492 71
32 1892
1177 591
1733 1399
285 3476
254 120
576 121
34 5167
328 2329
152 576
19 1061
283 397
88 707
2541 727
2089 650
591 602
258 4317
1479 508
1422 799
644 34
3381 191
553 5544
88 1910
341 1622
605 519
5075 19
368 2786
827 248
1363 320
5044 4632
202 5107
2069 492
1279 320
5693 1214
136 326
2014 279
4491 1969
1177 4492
19 1656
1381 1337
452 3373
584 1946
4342 1256
6088 1452
3977 1033
17 1174
506 88
204 3539
96 4541
5235 1937
2207 2329
36 74
1183 553
95 1061
727 88
4390 584
1639 1460
320 391
3467 922
482 3706
1204 244
1712 326
5929 88
3181 581
384 497
781 1398
17 171
592 809
257 2749
435 799
7 854
3291 584
2950 4676
5235 1226
1381 553
1383 4228
2645 5490
2940 1893
2138 2207
4103 199
2883 260
507 1214
624 892
786 197
1593 1894
605 3998
6836 97
320 922
80 221
1828 88
3162 1191
600 923
2712 3230
2560 6594
283 77
102 2621
492 3801
4013 5208
351 2148
4096 560
4930 5064
1531 4317
847 377
3391 1219
1082 537
32 304
560 769
829 447
2100 3161
452 833
605 1107
638 928
864 697
292 88
2797 1314
2303 927
1133 1535
102 588
275 2018
88 794
1217 2591
1269 2668
1452 602
187 581
1837 3669
2825 1622
1367 425
500 260
102 2911
1611 4758
204 2758
1217 815
2100 845
3530 519
915 363
435 2008
1580 926
851 120
1118 120
2342 3338
3957 3564
1279 519
3705 482
553 325
243 204
1460 506
6912 1038
1580 1336
328 2207
2538 2199
84 494
519 576
1678 1473
654 2544
268 3141
1177 1473
3780 3154
1894 849
106 795
637 385
371 3564
2628 3564
2087 34
1107 407
403 879
2322 4741
870 864
605 726
164 923
1372 263
497 584
1359 88
2507 441
4487 128
25 88
4575 6121
1227 5970
2209 3183
847 384
2199 441
788 191
521 2012
275 591
19 37
2572 728
605 988
709 468
2649 1086
182 1656
368 5873
4887 1616
1228 5970
832 610
2873 6702
798 1579
3011 191
1342 1343
452 175
891 1193
834 260
120 643
1821 5331
834 419
3839 1622
988 1495
482 7121
106 3150
158 3467
320 870
2412 842
6332 769
1460 2089
2015 53
435 74
1902 3490
5873 287
844 2693
1791 74
877 2331
3644 120
3291 398
1900 102
610 648
207 7143
3955 187
277 1498
452 610
1381 2758
19 724
847 88
832 1243
384 2418
3134 7121
328 1370
2041 1215
3205 944
1043 1886
254 498
1150 97
244 537
4206 1710
30 102
1788 610
1680 1373
382 815
2733 120
1062 1657
2178 272
106 2434
102 1585
864 1235
1192 498
243 1057
333 2217
207 2825
1144 2112
2418 1690
2927 1520
1788 5591
832 326
4342 260
425 3901
102 308
88 2602
204 842
4963 452
452 1256
4073 727
518 1579
333 1033
2166 2089
2858 6675
1640 600
605 272
1192 892
1413 120
1655 260
277 1927
5553 120
368 2637
864 88
74 121
615 796
3652 672
1232 3881
1279 1372
1111 4118
101 176
1192 606
5924 864
1422 707
207 3015
832 4753
1483 2330
1204 877
34 1815
232 497
4803 1661
5351 727
106 6678
53 1664
727 761
2011 1462
3457 88
4642 4497
1668 799
1569 3287
84 403
207 1815
2091 3662
53 1815
505 3364
1381 707
892 498
600 795
3590 916
4491 3403
5734 553
1230 4914
2418 2724
503 1043
449 2637
398 5734
328 1415
739 1843
283 794
2901 3154
760 922
795 577
294 1664
1339 1939
796 795
1019 3843
48 503
847 956
7232 452
329 932
879 373
120 4563
868 88
2579 2144
6287 191
493 19
174 260
1107 3163
3402 4257
1655 452
795 5430
452 6188
1060 1656
5075 120
1363 102
87 283
591 984
3739 576
2784 3514
1235 3669
48 355
1413 500
864 2933
3791 4122
798 2123
449 2786
4098 172
1061 4753
19 120
1541 88
890 1752
453 193
19 6332
419 3530
2475 53
1413 452
253 2884
2730 120
869 74
1279 1062
4828 120
187 191
5873 1805
832 3662
17 1483
207 406
869 326
74 4498
102 3875
452 4828
320 2621
1213 2149
1043 1158
368 935
19 643
672 5055
307 861
2807 248
463 761
452 1462
1082 2625
1303 553
7232 260
5246 187
506 2089
834 272
494 7
1579 833
95 1242
58 407
307 3272
3530 553
1902 5742
452 796
148 984
3264 363
727 1520
1367 452
1656 3066
690 7300
594 105
368 1318
243 282
559 100
1095 839
1279 130
584 1712
1306 452
243 2179
38 204
2712 865
560 5486
2815 182
150 3514
916 1373
207 4433
207 3381
7300 13
171 283
452 2617
106 2016
365 164
1147 944
452 597
1622 6054
847 892
4859 88
283 916
4963 6525
87 290
382 601
523 832
417 97
102 1235
892 606
232 1217
4929 88
447 5307
3439 283
2224 3374
17 1737
3298 441
4551 248
1279 1398
106 1555
1138 535
53 4470
1333 260
2571 6444
3791 1373
506 5865
452 2954
6484 191
1226 984
7143 53
1573 4830
519 121
1434 260
2415 1460
19 5656
624 956
1942 1326
1398 1372
1641 3287
2963 621
832 2130
449 1158
3028 2646
4642 3692
2807 34
4070 1910
1381 39
2610 5266
452 1384
