1531 4402
1 2
7 8
17 18
36 37
42 43
48 49
50 51
60 61
65 66
73 74
87 88
91 92
95 96
101 102
110 111
112 113
120 121
127 88
84 130
58 131
132 133
135 136
150 151
152 153
161 162
165 166
173 174
176 177
17 178
186 187
194 195
223 224
74 229
201 232
237 238
247 248
58 254
259 260
141 261
262 263
268 269
270 34
53 271
273 274
280 266
283 284
288 289
290 291
221 208
195 300
208 310
30 326
331 332
333 266
48 336
338 88
345 346
296 347
349 120
211 271
339 353
360 361
366 195
371 372
373 374
377 378
379 254
388 389
390 383
338 289
399 34
51 406
88 407
412 254
195 420
425 426
326 429
430 191
208 114
455 456
408 463
464 19
425 468
473 474
489 490
17 498
499 458
502 503
508 441
509 510
513 514
516 211
524 525
527 289
208 538
455 542
543 544
560 561
563 561
571 572
574 575
211 578
152 582
584 585
587 588
595 596
543 248
598 599
99 600
602 206
605 88
165 611
612 613
614 238
616 617
621 622
191 623
627 458
599 632
639 426
259 458
647 648
649 650
655 211
36 162
661 561
662 603
665 666
674 332
574 678
694 458
703 88
261 713
211 399
106 720
458 737
738 739
740 447
741 392
111 173
750 339
635 390
760 761
775 776
499 782
787 260
176 788
527 807
498 178
813 814
822 823
390 828
831 469
211 832
840 34
841 842
845 846
847 19
859 587
860 210
864 332
84 867
847 563
874 875
373 881
845 882
883 884
34 832
890 891
840 892
901 77
903 904
483 916
455 27
326 919
920 901
922 458
924 211
927 928
902 929
933 458
934 935
937 622
940 941
945 195
194 254
360 37
951 952
956 957
219 964
969 828
977 120
987 382
1000 1001
877 1002
135 266
587 266
1008 587
561 1015
740 691
441 1028
221 1032
1043 97
974 1046
1057 1058
19 1071
1075 1076
1077 1078
30 1082
1086 1087
458 1090
1092 1093
1097 173
247 127
1101 1102
1107 447
720 1108
1110 600
1082 1119
96 616
19 1135
1136 88
19 1144
1148 1090
388 1157
1159 383
552 1160
102 874
891 1169
584 1170
1176 53
262 1182
1186 1187
1033 1190
834 178
686 53
88 1200
262 929
1126 1205
1207 242
503 1208
1209 1210
315 1217
524 106
345 332
502 1235
1236 1237
882 120
106 426
640 1244
1245 1246
847 332
612 88
1250 1251
195 1253
247 369
88 1254
377 640
1259 1260
1263 1264
88 828
1270 326
737 1273
525 1275
1287 458
640 397
650 1310
1313 1126
1320 1321
1323 120
1324 561
357 369
864 191
1343 845
1126 1344
160 88
1351 120
1009 1352
811 1316
1354 939
635 1355
1357 902
99 1360
1355 1361
1362 106
1077 1372
283 1373
48 1250
1374 120
106 855
1379 828
881 456
42 1382
1388 195
109 1391
1000 100
1022 878
1210 761
195 1400
1404 17
1405 585
847 120
1412 458
904 726
1413 254
84 1414
595 1417
1420 1421
206 1434
1436 1437
48 1445
1447 1410
934 1072
74 266
1460 1461
1464 88
1447 88
1193 1475
1476 326
339 1479
1483 32
1484 1485
595 120
458 1494
191 1496
50 881
945 710
926 1502
1503 715
904 760
409 114
5 561
160 1511
1162 1516
1518 812
1535 34
1496 195
516 254
1549 561
247 25
431 1551
211 1554
264 1555
102 578
208 1102
1566 178
951 469
1190 111
458 1580
1589 1590
1591 88
1592 956
1601 413
91 88
425 1549
881 1174
1607 1273
1608 720
1611 174
281 195
191 1237
1635 111
390 1637
1566 1639
933 37
740 1642
1643 102
1483 1644
379 1650
920 34
102 1660
1661 1662
552 1663
1667 1668
659 622
1673 1587
219 254
1683 1684
1689 1690
825 928
88 1698
194 191
1701 1702
1673 1513
74 1704
1705 191
1110 1707
1669 1708
247 538
1711 720
640 178
458 1717
1718 1719
502 186
211 58
19 1620
1404 498
120 1731
808 88
1738 1739
148 592
901 289
1740 1046
458 1741
1256 88
1262 195
1169 1273
1269 88
1000 1707
377 1765
542 587
1767 397
1122 845
1684 1731
1475 206
1780 715
211 1781
1210 617
668 1787
148 1301
1802 891
289 88
1259 1076
510 1046
937 1220
1819 458
1820 1678
1822 53
458 331
1717 120
1235 88
1832 372
426 587
599 802
17 549
369 538
102 1838
814 1839
1296 88
847 74
1650 1843
616 1580
1849 458
84 87
19 1853
1856 1257
467 88
458 1737
1864 1865
524 120
1870 120
571 621
191 1843
388 191
1296 458
969 1883
1685 1884
315 617
720 1754
1894 262
595 468
114 450
361 1072
703 178
847 504
1667 511
678 1903
1483 943
1905 1906
409 34
1908 1909
1910 1911
191 97
102 834
211 1921
1922 1923
1595 1708
390 1926
1254 1928
847 561
1930 106
1931 1882
1707 906
1939 1940
951 453
1945 120
1946 1909
1612 1947
191 602
773 278
50 374
1962 254
102 300
1296 1964
50 605
595 1968
441 1971
1975 561
326 1253
111 71
84 877
458 1046
527 715
423 34
739 1644
1001 120
1235 1275
19 1344
902 1998
377 2001
58 2010
1248 997
58 2022
1110 549
2026 458
148 195
1589 2032
1107 916
1595 2037
795 2038
326 839
87 34
635 1599
2039 391
127 2042
112 1263
34 2044
2046 1971
2047 100
1207 2055
858 74
2060 34
186 2065
425 391
595 2068
2069 2070
2071 266
2074 278
1381 760
1483 611
219 310
1503 808
1235 503
2103 111
2103 88
2114 289
2122 812
639 2123
773 2124
48 1518
17 799
222 49
136 128
2131 2132
423 195
127 2137
2139 2140
2143 2144
2149 1650
2157 2158
13 2094
1946 2163
598 84
2164 2165
2171 382
408 2178
262 1998
106 2181
1262 254
2185 2186
209 865
326 111
2198 1765
425 563
1160 997
525 1169
1673 2202
2188 473
91 560
441 2205
2206 1483
543 2207
2209 2210
570 1250
1832 943
19 74
2232 7
17 2234
259 208
296 399
1405 353
933 120
2164 2236
1075 1259
920 2237
152 2238
1046 2246
920 53
30 88
2252 1506
1481 195
1263 2262
19 332
106 2272
752 1030
2285 88
2288 388
458 1731
2139 2290
1077 102
584 353
2301 2302
1404 377
1402 441
1673 289
1222 247
88 514
1701 1707
760 1087
1248 2139
266 654
738 1644
65 29
595 2320
1420 150
616 2324
595 2325
1058 2327
473 2331
19 1899
2332 941
881 27
399 1650
1312 34
1741 74
247 928
237 2341
423 1650
845 504
173 1394
191 2346
17 215
211 2347
191 2356
1566 703
2089 1052
1476 102
17 377
339 2363
740 293
136 1046
209 2140
2371 97
529 413
808 2381
2382 191
933 162
2396 2397
2401 2402
1836 1946
627 120
1621 1922
2416 2417
102 2420
335 195
2425 2426
595 1275
2427 570
2253 561
74 846
1169 587
48 1696
326 578
2365 2435
2442 2443
2186 473
846 1273
96 2444
511 74
1159 2448
1864 2457
2458 2010
1650 2459
1849 563
88 1093
211 1038
1621 1545
1126 1971
1533 1296
2288 613
346 2483
1262 53
525 426
1667 935
1336 2498
552 1248
366 97
569 274
2505 34
674 120
808 2176
339 2512
2513 2402
1929 536
2520 2521
740 2137
469 1232
1318 32
211 2536
595 561
798 455
338 369
399 254
404 2541
933 939
2542 126
1209 561
2556 2557
942 2561
1126 2396
867 97
2570 737
2571 1155
2288 1739
2572 2573
2574 2575
1209 1086
270 53
1296 1372
441 2046
333 2186
937 845
2583 941
96 2586
211 2505
19 2591
2592 1373
498 106
53 832
2516 834
2611 987
48 2122
2617 1082
2190 2619
845 2620
2448 2622
2561 2626
326 178
2630 195
2631 740
165 739
1296 1160
715 812
1263 2642
176 1482
1262 1582
223 2649
53 1617
2653 195
543 2657
1357 262
331 120
813 474
426 2123
191 613
881 2669
1207 447
458 977
2677 458
1532 102
2681 208
845 260
1673 2283
120 588
42 1180
51 2700
513 797
2421 111
458 2705
61 1373
907 741
1207 2557
1669 392
1881 2363
905 1102
425 136
2725 55
2726 2727
616 588
2743 285
728 208
1673 88
529 734
48 812
2756 2757
369 928
74 2762
1555 114
197 203
2765 458
48 722
802 632
1836 2770
141 2771
2773 2774
1555 458
550 467
2777 2778
102 839
2781 1182
2782 374
390 1235
2784 447
503 383
195 997
1483 934
655 1485
1101 2790
366 34
2232 2803
595 1015
1436 2807
160 2445
500 1093
1057 2814
88 668
2777 2546
616 1343
19 2762
1668 1483
524 74
34 964
17 109
101 874
1964 191
96 2819
2660 174
371 2820
425 1343
96 2189
2341 2822
2445 708
2256 53
2826 595
1273 266
208 447
1485 120
2139 814
60 525
32 1046
48 37
2838 53
2841 957
2842 195
407 447
1155 1125
345 120
17 2851
2852 71
2855 254
488 2862
2863 928
832 254
951 774
617 74
2482 2202
1612 957
425 267
947 88
2874 88
1688 1765
2877 2700
510 136
823 88
1707 1101
2883 2285
2097 2888
2890 902
474 814
674 845
2076 2903
2139 1840
674 458
195 2905
1248 881
855 120
1324 2913
2914 267
48 2915
102 883
752 2074
211 2927
2571 1052
102 919
440 2931
458 74
211 347
195 592
1928 447
388 1787
191 2941
2942 1650
326 1298
176 1046
1296 151
102 397
2026 2144
2948 2949
1016 195
136 561
2513 2401
2959 288
640 2416
2963 88
51 1355
311 447
1263 113
88 2966
19 1251
2967 208
2968 1180
549 88
890 1169
2288 2973
50 1754
38 32
752 2987
458 136
313 875
2957 740
347 254
2206 739
1235 1208
1033 88
1209 760
858 346
650 3027
3028 2137
1705 602
595 404
3045 53
84 88
19 1259
524 737
1296 1707
1284 177
1832 2124
933 19
127 289
1894 2781
336 812
345 2521
650 940
1310 941
17 201
141 2342
3072 1402
603 823
334 2165
237 1160
195 3073
945 191
847 260
58 26
1248 469
1685 1078
209 1840
2010 131
904 1402
359 473
808 463
1595 392
190 458
1260 3096
440 3100
933 74
831 3103
3105 3106
739 106
599 808
2782 881
106 668
511 934
102 111
201 88
860 828
892 1038
458 525
1592 957
584 106
1750 2070
458 524
468 504
390 1159
2575 740
617 19
851 2190
3148 425
3149 458
1611 289
2783 109
506 846
2188 904
1964 130
1819 120
19 2520
1256 740
3158 2759
96 3159
525 332
905 720
617 561
616 19
2862 3165
807 3171
3172 100
1190 88
586 799
7 1231
902 681
1122 3182
74 588
3188 191
904 3189
3192 334
635 3194
58 3195
3199 2157
511 2380
3203 397
96 2931
2890 262
3212 3213
152 3215
469 453
962 2592
3226 587
106 3231
74 561
920 802
3235 195
2227 3236
3237 668
191 997
349 332
2556 1207
540 413
473 561
1947 2327
868 88
2770 253
458 3259
3262 3263
3266 254
326 3267
2852 3268
8 1231
3271 428
2931 3100
458 3100
174 3274
929 2781
599 409
326 3213
570 74
617 332
3283 2402
1110 2944
88 1002
1483 915
2164 1437
3290 382
927 3298
3306 191
313 191
694 120
1559 88
289 133
30 1256
543 173
3325 561
1296 3326
1136 1464
260 266
1379 114
1532 326
1355 281
458 570
2352 3338
794 1810
512 720
2914 561
846 120
1222 544
458 845
2970 1923
561 1624
807 538
1381 1086
3373 683
13 88
326 799
2571 311
1365 139
191 1400
2611 382
211 26
247 173
616 1169
283 61
1412 1030
260 74
2862 1700
425 332
920 97
703 111
937 3405
259 266
617 845
1493 3409
2631 3410
2210 1650
823 564
423 254
2649 725
404 661
339 1931
3424 2592
2998 3426
3252 53
1150 34
17 2899
587 3428
1705 1475
359 2186
3192 2888
3437 1673
902 3438
19 3439
326 599
3444 266
3452 2781
191 310
552 2188
2341 1827
2445 934
106 525
1260 3460
2919 37
2653 525
19 266
903 760
509 1174
3466 905
127 527
626 1707
1296 383
17 71
259 332
3475 3476
3477 195
304 2657
552 1533
934 808
2042 807
1662 3486
1780 3438
857 447
856 2114
474 3491
2858 3492
3058 191
3495 1257
525 1518
458 2520
605 455
288 538
3505 808
635 503
3512 2186
2846 3514
949 191
2416 195
498 2899
1849 425
1694 34
1864 1253
326 2059
141 713
1789 722
2347 97
890 1580
208 1191
1666 326
25 1445
2556 513
87 53
540 734
106 1160
34 3547
53 3548
262 1780
2074 1030
91 595
1535 254
1324 1445
3514 2286
2579 161
525 3563
409 211
602 195
3570 29
933 1608
296 3547
458 2620
3576 587
2365 3581
106 473
2194 2158
58 1321
194 53
2617 102
174 3596
787 561
511 458
809 561
2365 814
2726 570
87 144
447 538
616 1968
655 19
345 1148
2743 2783
1555 88
2194 561
1248 242
3636 120
2256 289
1611 3475
3213 3640
3105 570
253 1909
112 2995
2352 3159
525 1580
1483 808
188 1479
1312 1650
1921 254
191 3655
942 2626
88 1928
1684 1071
388 3661
289 1587
2603 111
1312 254
2771 261
2994 802
3666 2116
2611 3290
1905 409
3668 191
296 832
1684 2591
735 88
727 514
469 2498
99 1436
2846 814
19 3679
458 3682
289 225
135 74
413 266
19 1260
3149 34
3692 397
1296 1810
360 73
730 195
84 599
3699 561
3149 1262
3602 88
3444 458
851 1307
1612 1516
211 254
1673 288
722 3491
80 88
455 1463
920 1650
339 1882
211 2459
2445 3723
1086 761
195 3725
219 3726
3410 304
3321 741
106 846
1077 1884
247 88
1312 1911
933 361
361 1355
2914 3009
208 3741
2443 855
3744 3745
864 3668
3751 808
19 3752
400 1707
1224 3755
1207 383
1702 809
933 1354
186 3758
2210 296
2915 1445
773 611
3373 2803
1169 426
775 1000
1313 441
3779 1485
2341 238
3784 892
525 2649
2026 429
17 1856
635 1235
957 1461
2061 561
643 490
1296 84
1000 587
1929 326
976 3666
877 668
96 1900
2139 2822
773 166
1404 640
19 973
141 909
19 1485
561 2325
3812 208
3814 88
3147 2725
1719 3816
611 1931
1144 74
561 120
440 3822
19 1737
822 407
388 3814
441 1344
106 73
655 30
940 3130
1435 3834
1832 1483
884 1253
2572 3839
799 3843
96 2118
2852 1046
1362 2045
1122 58
346 855
813 473
1711 281
3306 195
239 2552
2164 2359
425 74
1644 186
3581 3867
458 135
91 720
3668 3041
1896 1513
3875 2516
1191 587
2995 1264
3881 53
3177 1101
1296 1635
3373 326
1248 808
1643 3885
19 1852
1259 3679
17 334
211 195
102 3892
458 333
513 2557
845 413
616 561
1248 1516
120 332
3903 120
3904 458
563 260
409 191
247 289
1707 1445
425 120
195 206
413 3182
2189 1485
502 3913
53 3547
165 773
326 3917
728 905
776 561
2774 3293
655 254
561 3923
587 1275
1566 334
635 48
247 2137
3707 1865
877 3937
578 710
3699 595
571 622
3909 291
3953 88
525 859
19 2118
855 587
50 3960
543 1097
1110 809
2855 34
867 1231
3972 710
746 106
2520 266
3668 195
19 2157
2826 561
2549 1393
369 3171
2188 1663
3982 650
2537 1928
1033 703
2186 561
1910 892
3752 120
527 2781
174 2202
3987 1870
259 720
1316 120
1296 1420
1259 1853
74 3996
3999 225
2047 720
1650 1038
1343 266
509 1058
334 111
1072 71
399 53
808 538
4012 191
96 3338
87 211
1308 1731
773 1644
259 905
892 1843
4020 4021
51 293
3466 320
1738 2973
4026 74
2421 868
2757 1717
111 3213
281 720
811 1233
425 106
284 3438
614 1840
2169 383
289 538
760 617
1168 34
2165 1437
264 4055
3212 4058
136 88
2127 266
1008 19
1097 4071
7 88
2127 106
1097 3913
525 3576
703 735
4088 1394
4093 32
278 332
19 3096
1836 1909
408 339
390 561
209 4098
511 4102
102 3001
211 53
92 2116
455 4111
1301 191
592 4115
48 2372
53 254
1669 385
4117 4118
195 1475
4129 799
860 1235
338 374
1923 447
461 144
458 587
87 450
4143 4144
4146 4147
513 383
2877 1678
969 3194
1190 1591
4164 1971
4166 326
1209 761
2256 34
1263 2995
195 97
371 2124
127 807
3262 2743
1685 102
101 257
4177 4178
2571 447
428 1126
3909 3514
3978 377
224 588
221 283
88 1329
315 761
1235 383
4197 514
127 369
19 2324
2448 2757
425 3259
1765 18
2520 346
361 177
527 369
823 289
1030 278
3953 289
423 434
73 37
3699 404
858 3193
527 88
283 2592
489 643
586 201
2860 2677
1832 915
125 3570
373 455
211 4232
50 105
543 247
388 1073
2371 326
947 4243
4244 453
2248 3723
1483 372
374 1402
1248 513
17 4254
905 1101
4255 3158
4254 916
2188 2186
668 954
2445 88
283 269
3105 2726
339 3528
1190 403
502 2139
2855 892
2888 4275
266 1731
3972 195
1000 1701
585 353
611 1621
426 561
260 332
2553 561
458 4287
727 1110
3477 191
17 2421
952 774
32 2367
3003 4296
195 1692
586 430
2571 3213
3009 425
1673 4304
2942 34
2505 1650
3551 3215
289 324
3158 2725
1474 1174
1086 1217
326 874
1248 3751
4318 570
1870 266
409 710
1190 201
2185 776
19 1001
2060 97
1669 3245
2041 3199
3997 195
102 3661
17 1391
902 263
1001 4324
191 1165
2863 173
4115 4243
4328 2852
17 191
1082 300
2139 2341
1412 2144
2959 2660
423 53
4344 2725
506 933
1296 997
458 3752
4355 211
552 808
672 19
2846 2286
3149 254
19 186
2660 288
4253 71
641 2948
195 2941
2842 97
1086 3189
860 503
345 1870
4371 500
19 845
1908 253
2070 1233
3881 892
1126 2046
877 1787
1296 794
739 2116
458 1344
2725 43
4387 737
87 191
215 71
934 710
50 88
1207 857
1737 120
125 29
1544 29
339 128
809 266
650 2583
333 473
1097 247
223 525
102 4415
2097 403
326 1082
413 394
2888 498
458 2541
1261 3907
188 808
891 1580
1436 1349
3875 2317
2382 219
369 4433
904 561
511 2820
1148 2483
315 760
3271 1126
102 257
3100 266
845 74
973 74
1707 88
4443 170
1082 102
3404 1595
19 4444
2116 561
265 88
2726 2427
53 4450
3373 88
87 19
1750 4178
346 2800
1436 2359
4423 97
1947 2816
425 1624
174 4144
525 3779
499 120
2482 1673
1481 53
2464 4260
1296 3892
1503 4088
53 4480
504 120
106 654
1248 1207
1262 1650
259 3948
289 2207
3213 1301
283 2828
1923 4491
3105 2427
686 34
525 2579
722 813
970 34
2149 34
595 2541
186 2286
934 195
4468 668
1931 88
186 4506
2660 4304
533 1457
4511 326
34 4516
529 394
211 3548
4533 1046
4537 1182
441 4543
3213 1160
1180 1382
268 1393
88 4552
614 2140
4556 549
50 2144
283 3424
3226 458
331 266
1701 269
1673 225
191 219
429 97
195 4566
101 3354
50 720
458 1260
1137 4044
891 525
173 3628
794 1707
1176 429
4573 1971
132 2482
1343 74
3839 2573
97 1692
99 2944
455 595
867 1043
211 1168
2352 4587
1316 74
3268 4589
1169 121
4593 703
2952 88
326 1257
655 97
338 2042
53 4597
1182 812
458 4610
32 208
969 1637
429 53
2852 458
113 2642
1094 53
4622 4623
390 404
404 3923
2367 1921
4625 3410
326 1660
2681 905
525 808
1209 4635
458 4636
3570 453
934 3661
728 1402
374 88
4166 102
1355 49
3362 1126
1324 4651
1374 332
458 1001
2206 1644
1685 326
97 2678
121 332
4244 4658
2592 1521
2505 892
1738 84
425 266
4129 4662
3362 88
2205 1971
99 2807
2863 174
1000 88
413 4668
1707 587
88 2207
808 1046
247 174
186 2365
19 3996
19 2620
927 2660
1741 120
53 2459
53 4678
2536 53
574 1903
892 2459
374 456
2188 208
1009 4687
262 3438
102 178
283 4702
1580 120
877 4706
96 4444
928 324
1209 1217
32 3741
1075 1260
2630 34
927 4713
3978 378
3158 4717
1420 4718
458 332
4537 715
1261 4722
811 3948
17 640
920 892
374 4111
2942 53
1355 720
165 561
616 1075
88 538
2371 195
211 3266
1946 2996
219 3725
890 525
1473 1402
338 127
390 88
339 4736
4738 84
1707 809
34 1617
3410 127
2649 587
1000 2137
2914 563
99 1283
587 1580
1643 326
2139 1349
775 1707
1248 1296
289 2137
19 4387
455 948
96 3679
529 4668
1313 1971
1126 1028
808 4767
1707 269
2188 88
1209 3189
2114 53
3999 80
3 4771
1098 3834
529 266
1232 514
2714 2320
586 334
19 3779
458 2397
1296 4027
296 4480
4782 1237
1518 855
176 458
97 2941
511 372
2556 642
488 1700
1608 4787
96 4788
281 99
34 2811
1447 1833
4328 4589
920 632
461 88
425 845
902 284
19 3460
561 121
2915 289
425 260
1174 2814
371 1644
3192 2097
974 128
727 852
195 710
38 455
1193 1481
3999 288
1571 3463
383 1883
502 1097
2302 225
516 53
2365 3758
458 3779
3779 332
4688 2138
88 1231
136 4829
3176 4830
34 1038
4115 1940
2995 4833
106 1002
361 73
1685 1372
3413 201
3192 195
596 1975
986 741
441 1126
1312 53
431 4847
19 229
499 464
222 2619
17 1193
34 271
1402 1008
2482 447
4871 525
2846 2365
361 1284
339 88
1707 2137
99 1349
1545 862
3692 88
4886 339
458 349
51 3080
4255 2725
334 3592
752 345
174 2231
1690 4892
53 1554
4886 88
814 4894
2189 120
1635 3213
3237 4908
74 2649
1673 174
95 19
1052 447
3692 326
2272 587
1718 3816
525 4927
105 4929
3547 254
2074 458
374 1174
461 668
1420 1761
4935 4713
611 88
1324 595
102 3267
4936 2116
2248 708
1077 326
738 773
1190 178
191 4538
887 266
1259 1251
499 266
617 260
281 1475
599 934
19 3903
2497 208
30 1981
3746 1684
4146 640
296 271
1046 504
289 174
1235 1191
1685 3158
858 2800
864 3041
2361 891
2888 1213
2549 4972
51 542
4673 720
369 4713
3437 2660
425 596
4978 3602
1260 120
4979 3987
3909 290
650 941
773 1621
2520 1148
366 1475
655 587
1089 1839
237 2822
3373 1765
1475 997
224 725
17 4978
890 248
868 2319
195 623
2359 1437
1086 4635
390 2169
208 5004
808 1394
80 4713
374 455
211 840
191 1475
2097 334
1879 178
458 1191
2365 187
904 776
3149 206
2331 4894
1975 720
3408 120
525 725
920 211
570 2727
2631 88
195 1275
920 254
5032 53
2557 2055
2210 53
404 561
2365 5044
209 1827
3362 1971
5045 195
1708 741
525 2181
611 722
3 775
595 121
1357 2781
247 361
2482 174
1685 3892
102 1516
2341 614
1689 4892
1148 346
106 2176
5072 7
326 2420
3822 458
425 1320
2210 1372
1296 4718
3456 206
616 176
346 1090
1827 2822
1137 1835
1644 3867
891 136
746 1170
2341 2290
1820 2700
208 1004
1402 1711
3587 74
1110 99
5095 1906
2759 4717
408 808
32 2178
1436 2236
2781 812
195 1981
1833 1410
2942 892
111 3657
3690 5104
740 473
1016 206
3373 3661
2998 34
5109 50
5111 892
814 1840
423 2660
525 120
3009 561
1296 2139
2743 1022
1698 2633
423 5121
2209 4027
390 3194
5123 74
710 2600
602 219
2553 404
2190 49
29 66
408 809
3833 808
2352 4118
296 3266
525 588
283 902
1296 1101
1191 266
1915 27
5138 498
459 203
1910 254
2041 2157
5142 1224
5109 720
425 1975
904 4635
2973 1739
2877 51
5146 42
1207 642
2288 339
498 799
469 3103
96 4041
1220 720
1308 725
1393 4972
1611 3476
2883 88
1086 617
1930 473
2097 4275
195 219
2914 902
1402 88
2365 5159
4254 88
173 538
1502 4830
296 1554
281 1360
1707 1702
2163 1909
2194 2157
423 892
773 2116
4468 954
1662 905
2421 88
1193 111
926 4830
191 2905
2552 2253
499 1853
2914 105
506 332
790 1284
458 934
3404 741
5181 191
720 100
17 289
259 3182
3236 447
1273 332
2427 2779
2209 1296
1248 2498
447 2231
154 32
1244 1475
2114 254
17 2198
74 1360
1673 1329
5204 587
614 2290
924 254
569 1445
4771 561
102 429
2631 447
102 3972
34 1822
799 4662
1551 1604
101 313
201 5215
397 5216
425 2320
2210 34
1190 2097
191 1650
5045 97
1832 1644
2139 1344
5059 795
5221 254
561 2320
19 73
503 2622
720 2363
674 74
1435 74
655 58
88 3293
19 4544
51 1402
552 165
87 710
525 5240
4168 1394
266 332
561 2068
1296 136
616 425
2592 2827
5251 260
1420 455
3657 289
1621 934
3298 4935
1820 51
211 2022
2149 53
525 1191
5 4651
867 941
19 858
127 304
5059 2038
17 388
822 88
1094 211
1962 53
4511 102
969 503
2365 2065
339 1160
1098 1435
1959 128
1482 88
26 195
127 4433
2570 621
34 1485
377 88
2074 2143
2352 2586
469 514
1373 1956
4197 114
1236 1388
5137 2642
647 208
1595 385
128 1046
1483 166
186 2290
458 266
326 3661
2914 5251
5302 195
3914 3293
847 1445
102 1257
3105 2779
290 3514
211 2942
74 2189
2653 191
683 5322
2995 5325
338 2137
1946 253
3692 102
4850 1690
595 845
527 538
1496 2356
1323 266
3229 741
2071 120
1312 211
773 915
338 2952
503 828
595 1126
3405 621
1001 332
2139 1160
289 1329
51 514
569 88
8 2176
1662 208
458 73
595 1917
339 2381
1148 1870
211 3547
87 892
458 855
2914 425
3252 34
605 3960
2114 997
774 5367
616 2914
3833 750
431 2949
3690 3373
259 120
2103 2137
26 34
2232 114
1270 102
458 2150
1193 430
504 561
3047 266
1296 1445
1388 922
595 266
409 1650
2320 2541
211 1481
5390 563
840 1650
458 4913
36 73
71 2360
2256 901
2001 88
1033 1352
3833 339
740 564
655 206
3999 289
25 808
5410 88
1832 2820
458 5412
1621 4491
458 1030
509 2372
2288 612
408 934
17 3373
1673 324
2332 3130
88 1787
1445 809
106 1975
458 36
468 561
952 514
4371 88
5059 441
1261 2981
283 1332
570 3106
425 561
2352 2444
4324 587
2094 5452
1566 4804
102 3234
74 120
209 2822
2210 892
3235 97
1711 1360
4537 2781
488 3165
5278 195
722 88
5459 51
845 561
5459 2700
727 88
5112 3987
458 882
126 5473
1057 27
2774 88
1404 2097
388 1475
3034 32
2653 858
458 5478
154 2858
3306 602
5480 195
503 2448
369 88
347 53
2206 773
1402 5004
455 561
5490 2700
969 1235
902 1968
4344 857
2248 50
3707 2457
110 88
1286 1678
4850 4892
1209 726
102 5497
1413 53
1296 1884
425 121
499 3679
2973 97
43 55
88 954
500 1231
19 345
856 997
326 2941
503 3194
2209 1372
211 1650
195 1237
808 1160
883 3707
3814 808
616 88
647 510
160 3293
730 97
84 1348
858 525
438 87
34 53
2421 1352
1296 3213
2811 53
1711 441
425 458
3636 458
2915 2660
5079 2345
570 1251
616 855
2841 1516
1250 5543
5544 2781
338 1707
2957 88
2852 4589
2860 5547
2968 42
2420 3661
655 195
1644 3581
176 267
369 174
901 97
5560 3668
1705 97
2783 1391
2552 3409
1205 1971
420 97
1000 1789
2380 4102
254 4516
208 648
438 1223
154 1707
112 2783
2345 5575
88 1157
1975 2325
1075 4444
4355 53
3587 120
743 1669
339 808
237 865
540 529
2194 809
5137 2262
88 2363
73 1852
2855 53
1169 120
284 715
34 4678
428 4164
259 811
97 1981
504 2320
903 1209
2127 525
88 2137
326 5600
425 5601
740 1200
425 1199
614 2822
5608 191
283 1503
1595 907
1349 1344
1503 1233
1355 4673
776 4771
281 1361
525 1975
1077 1160
261 2342
616 499
87 2660
1707 928
4988 1707
892 1650
334 2421
191 1253
2205 1126
746 584
289 1896
2914 605
17 3267
586 195
1694 53
262 2781
254 1890
458 128
1169 74
811 1086
1351 458
154 208
811 458
920 289
1222 369
139 4929
561 391
740 127
1220 5649
102 799
616 260
178 2234
3904 266
1402 3486
459 88
326 3972
2315 71
105 139
3072 561
525 208
326 314
527 3171
1169 332
458 2071
503 1191
543 4071
483 447
587 5240
84 2987
5278 191
2996 1909
1365 105
284 681
326 300
1483 3867
165 2132
1393 100
369 807
1001 587
74 1135
87 114
3306 1496
374 27
2773 88
371 1483
1420 374
5686 1
1473 208
4537 902
144 88
19 2189
1296 1685
331 1273
50 455
48 1402
2657 174
458 5707
423 335
846 266
102 5600
2341 1840
773 372
5123 458
1740 128
399 892
2301 225
74 5714
349 266
30 339
655 525
5123 1485
1595 741
1701 906
722 473
259 106
672 1684
296 4597
655 53
1262 97
2773 3293
635 4877
17 1591
34 2459
877 195
3452 715
4706 3937
1678 3080
3013 195
1496 997
1245 206
5410 5750
4281 2757
2060 53
2103 1688
5751 1502
5752 1209
261 909
3413 799
326 834
87 500
1210 1086
208 88
928 538
369 2175
5560 864
2963 668
3058 97
26 53
191 710
976 2116
1207 1232
273 100
728 1101
1092 500
296 5221
1445 561
96 5780
191 5787
458 5788
3013 206
4687 441
1707 5795
1635 1372
458 280
408 5800
19 3700
84 740
2968 2725
74 332
738 934
881 3777
1460 1748
1248 1160
933 1684
4871 1169
2037 392
2210 4027
165 915
1894 902
2114 1150
3177 905
88 383
1388 203
2131 165
4253 2315
211 3881
1673 403
2114 1906
808 2512
195 3456
3373 1688
34 3784
283 60
361 37
222 2190
1296 1078
1412 429
441 1360
1684 1899
88 3661
5 2913
798 881
737 2150
1707 881
1502 1232
74 1485
1078 1884
390 969
3176 1502
3906 2678
808 5800
1971 2397
390 904
3237 88
53 1038
543 453
513 5751
1262 206
1849 426
259 74
3129 941
3822 266
3267 286
4506 2365
525 2272
429 1434
190 120
1245 186
153 3551
17 111
188 339
1684 1620
616 374
1673 3913
874 5865
502 2365
283 4101
2660 80
186 206
728 209
672 458
3213 4115
1296 48
154 794
58 2458
347 34
1968 561
1666 102
2203 668
2497 503
4537 262
4593 178
1072 88
284 2781
1483 2124
326 536
1097 447
326 1838
2060 195
2352 19
5881 1971
2069 1750
1595 3245
74 3439
91 2116
4415 195
1075 19
516 34
2114 5095
2435 206
106 36
87 1911
154 353
720 2144
3237 195
2914 1343
2482 2231
2188 1445
1474 2327
5349 425
2203 954
5912 458
2784 1097
113 1264
1137 4021
176 1284
773 5921
3028 88
5121 34
174 1587
1797 741
237 1840
725 1731
503 1275
2165 2359
1910 34
127 2657
2252 106
374 447
640 286
458 948
626 458
1250 782
247 544
1404 1193
1089 814
215 1856
289 407
2570 266
425 504
326 87
1644 2116
84 1254
2445 459
506 809
4736 353
2998 97
508 812
5981 1253
728 2822
260 561
4117 740
582 3215
727 5986
285 2783
144 114
2967 1402
428 5881
2851 88
881 4111
775 626
525 1001
1461 1748
88 2319
180 4197
1097 248
257 3354
74 1945
809 906
283 962
1223 88
1607 332
3822 3100
924 34
1058 27
326 1879
798 374
5251 332
195 2600
506 331
3833 1046
176 88
2863 288
4041 106
1155 4058
281 1981
447 2498
550 88
389 88
2149 892
2592 4702
3628 174
2995 2642
561 266
703 2094
904 2061
2248 88
1704 120
752 409
1767 5216
34 1692
845 1273
283 1032
1207 6052
53 3784
4537 681
458 561
461 1445
586 191
254 1038
2874 668
2826 425
334 232
2352 1900
74 331
840 53
385 741
2497 1235
4232 53
211 1911
53 1890
339 1046
4244 5367
425 19
616 73
6084 3213
525 3428
2341 2140
933 332
431 2948
326 1613
1587 3596
5752 1210
3003 6091
1174 27
1235 595
4988 1110
904 84
1506 178
2448 4281
511 935
3213 4058
3226 525
315 1209
186 3581
173 825
5349 561
53 3266
814 2290
30 6103
504 266
5707 1273
2620 120
892 6109
1360 1283
2705 120
2784 247
136 608
4153 3213
88 114
929 715
87 1093
136 6077
1595 743
1604 6126
6130 822
1516 957
1921 34
1750 4177
574 6133
88 483
326 5497
458 6077
887 458
1000 5795
1379 1072
1738 1348
947 668
904 1086
4058 4115
3333 187
1393 3215
790 177
617 1684
4318 74
6144 366
1263 5137
111 1349
2097 1213
727 952
366 53
289 3171
2705 332
87 1650
503 4877
4141 458
1097 25
2341 1160
3203 640
3373 2103
2116 5921
53 1582
655 6103
26 254
1262 34
506 3047
180 3814
904 761
933 845
361 36
3426 5333
390 425
409 1906
847 3148
2521 2483
194 206
74 37
1168 53
6179 4623
1595 986
2341 4098
4787 720
425 595
96 499
383 828
808 4688
4058 592
933 36
536 3892
860 635
4677 1906
525 224
3563 587
2995 113
841 453
1324 266
1180 43
2497 221
468 2541
1155 3213
91 561
2352 5780
1257 3001
1193 191
905 208
239 2253
1474 1058
2995 2262
703 13
88 916
3466 1662
1481 34
511 166
390 1883
3080 2700
6232 224
1101 208
1402 208
811 737
2185 561
860 3194
845 1741
2784 502
1555 4055
4041 19
106 2123
809 269
2482 133
1207 513
1643 1030
408 4767
17 88
2041 19
283 1393
1245 2365
1286 51
1503 527
2445 2248
461 3914
6246 266
5322 5104
502 25
6084 4058
247 527
2928 19
845 654
1388 1237
5752 904
902 1182
1685 111
882 1273
811 760
2069 4178
1008 266
5333 1237
173 928
1008 845
347 892
1235 2448
927 550
3881 34
2778 2546
5655 1251
2186 474
5146 1180
1002 668
2959 4304
740 5367
2553 5059
48 1355
1566 3032
17 3657
1253 2457
409 53
4847 1604
1780 1182
3298 80
4153 4058
1379 409
60 458
1082 3213
1319 6283
6284 4058
288 80
2232 3373
1533 1160
3655 97
237 2140
1296 150
428 595
1881 720
1780 681
2613 102
5478 74
2927 1650
339 2889
2505 254
4738 599
635 2622
1235 3194
722 812
19 36
111 3592
867 650
3188 97
458 1169
6306 2425
2365 206
326 1692
1959 1046
6284 5263
2642 4833
96 4118
2931 266
1097 453
3436 1187
409 2987
458 260
3436 1186
458 654
1947 1174
374 1833
345 3987
4829 266
881 455
5478 120
1947 3551
1832 166
438 88
211 4597
1312 892
101 875
51 5929
1126 4573
860 4877
271 254
5079 5575
274 170
211 1910
88 1410
1235 210
425 176
1595 1797
847 458
668 4243
1412 206
661 5792
1607 266
84 467
88 4115
509 647
4625 4244
1678 406
2681 320
1575 34
4908 668
3444 120
595 5881
458 120
4255 2759
1248 1685
2127 332
2346 206
1595 3229
174 538
247 2657
2592 1032
150 5212
881 2818
102 1879
334 201
2570 622
927 88
563 504
3326 3030
326 88
2114 88
288 174
48 1426
1589 720
458 121
890 136
506 458
1318 208
1566 110
326 102
727 51
2516 2317
904 473
4625 5367
946 3463
96 19
4450 254
106 121
2994 326
1319 1021
259 845
1137 1046
2660 289
6388 1251
2890 2781
2513 3283
4423 191
4782 431
431 1237
101 5865
53 379
2994 429
1612 3551
2103 1765
572 622
5912 74
596 561
34 254
1220 621
668 4115
2855 1911
1781 1911
195 2346
1601 1320
88 5750
5072 867
425 331
326 3234
30 1119
2397 332
409 254
3486 208
4722 3907
6306 2426
288 88
3 776
927 174
87 254
30 2966
5138 106
3192 1193
2998 195
1962 296
808 2138
101 326
458 346
326 3001
4480 254
3602 288
1126 2397
464 3679
17 3495
806 1410
881 1402
153 3215
2237 53
187 447
80 928
2074 2144
674 3259
4166 30
1343 260
1678 2700
1544 293
4252 2973
847 616
1150 88
361 1426
1545 1923
88 100
500 88
2726 2779
19 1731
1738 97
30 71
2914 260
2536 254
84 761
1169 737
5111 1650
877 884
1296 242
2642 2262
1910 53
1595 2604
4355 254
186 5044
5251 120
247 447
587 2181
374 293
1169 845
2482 288
281 1275
1086 760
1269 338
927 173
5142 3755
881 948
2352 2118
2557 797
2726 3106
2781 715
102 1298
2416 1244
4871 106
525 6232
3784 1650
165 2116
533 266
678 6133
2553 303
34 4480
326 142
195 2417
339 1393
423 211
111 6501
165 934
458 1316
4012 195
2542 5473
2127 561
506 74
525 6514
4625 2631
2841 1461
400 1000
1571 946
1601 58
823 1200
458 19
3306 1475
32 808
4026 332
2985 266
50 525
498 201
740 407
1343 332
1404 799
1832 511
447 916
552 1296
1122 1684
61 269
823 740
647 1058
3875 834
6541 102
782 1251
50 542
3679 1251
2497 3812
4355 296
4687 1352
2577 666
1220 595
578 97
102 934
17 1566
4371 483
1849 1624
3437 2283
237 209
338 807
154 1405
195 1244
369 2042
88 474
48 5543
525 74
334 5215
970 53
1296 102
703 2421
4702 2827
1595 1669
881 1160
1483 1621
110 201
4782 1388
499 6388
6592 262
1174 2327
4287 332
617 266
1420 3215
17 2360
1264 5137
1209 266
2914 504
262 284
811 1503
2613 326
135 572
904 4771
2026 1412
561 332
326 1516
4026 120
1494 177
2352 1075
4058 3640
5544 715
858 106
857 43
335 191
102 2059
274 100
224 587
4589 71
5204 525
404 1417
87 1684
3822 2931
1210 760
525 1457
1947 1058
266 4636
3444 845
219 34
2205 2396
1262 892
239 3409
808 100
2116 2253
2445 3293
165 1644
1296 3030
425 1917
1312 296
1661 208
458 2714
2416 191
1388 4148
2765 266
173 80
6581 458
473 4894
672 332
283 6649
2649 266
3245 741
2427 6656
17 1257
374 2498
1301 195
135 622
2860 458
1678 5490
191 4566
969 1926
949 195
403 100
160 934
2660 225
513 1502
458 585
102 5740
641 431
219 53
934 71
247 4071
902 715
5032 34
458 2570
5686 2
211 4450
552 1707
106 1108
6232 2649
2631 2137
1207 3244
2994 102
1484 19
441 2397
135 621
166 372
650 2332
661 2068
5278 1475
3581 2290
5752 1086
13 5452
761 726
6592 2781
5608 1964
616 933
1122 19
1287 525
1071 3096
927 288
406 2700
498 2360
1711 2038
2914 1968
503 88
80 4935
3234 178
500 867
1503 1032
2288 88
578 195
740 29
148 335
17 4275
2782 455
4101 1032
3904 845
860 1599
2236 1437
88 4197
1394 2138
4423 195
5788 332
1905 2114
1248 957
96 2352
2505 1911
2097 6729
6732 3182
5480 335
1169 2579
191 286
50 1589
527 2657
506 413
84 1043
806 88
1046 788
811 332
4147 640
1673 2660
787 120
5649 621
237 2290
296 53
1169 224
3833 2889
30 3892
1445 100
1125 542
2552 1493
773 512
2352 499
847 1343
1683 19
1262 211
4625 4658
2341 209
1575 53
17 4552
2076 6755
6091 4296
2352 2931
2232 88
1931 808
264 458
120 4927
1516 956
3105 6656
2757 2622
19 504
4556 1110
2427 2727
106 561
2032 1590
289 2042
3259 561
3426 195
2347 195
1009 3731
1667 371
17 2103
458 5610
3149 266
1601 1321
136 266
2970 447
720 39
1435 19
34 379
883 1253
1707 1001
2660 88
2770 1946
3913 88
267 595
1404 2899
904 1217
173 369
17 110
691 88
5412 266
408 32
678 575
1481 254
191 3456
3932 5095
1445 403
3274 3596
423 289
38 374
1741 266
5012 4913
154 3492
3460 120
1393 808
431 6126
5655 782
2919 361
511 611
102 142
2521 1870
2039 648
1591 111
1506 106
570 6656
1445 266
429 195
1545 1922
1287 135
1445 88
3188 195
34 3266
208 265
4020 1835
429 206
438 114
525 845
525 266
257 875
602 97
524 332
51 5490
3906 97
552 2209
617 726
388 88
1482 808
525 855
1220 561
6283 1021
133 174
647 1174
106 4260
650 3129
504 332
6541 326
808 4088
3982 2332
934 2116
4443 274
458 2320
808 720
289 1513
845 120
3399 935
111 99
209 238
822 289
3027 2583
1137 4020
2914 617
840 1911
3231 654
2365 2286
1663 808
867 88
569 561
2127 331
458 504
603 4265
616 595
587 6514
1707 100
4093 3034
5787 97
3746 19
588 332
905 2790
262 681
1033 201
3512 473
96 1684
662 4265
1244 1966
1000 722
106 1169
2139 2365
3362 298
2139 238
890 1802
1220 100
2630 2998
570 3923
461 3293
2575 1642
740 289
125 453
3466 2681
191 6889
195 957
595 4164
88 1414
4978 178
902 2781
3244 642
672 128
209 2290
1833 2498
211 5221
6541 97
2190 1307
1511 88
455 3777
5059 303
71 1981
473 814
191 3073
6130 407
882 266
740 474
1483 2820
1301 4115
1008 1273
374 1463
1092 87
53 5221
3176 926
595 3923
1343 120
1033 2421
1343 458
74 654
5488 4088
3932 1906
552 383
34 3726
102 536
434 5121
180 88
48 441
1126 5881
1193 195
6345 801
74 3903
1910 1650
525 542
266 948
113 2262
326 5740
927 80
2579 162
760 3189
38 881
6965 2089
191 1275
106 1273
2352 2819
165 2124
53 3726
903 1086
326 4415
1190 334
2928 458
703 3032
5181 195
2521 346
616 106
1661 1004
1601 3195
345 266
4020 4044
429 34
188 88
1956 1032
4415 710
5 1324
498 71
32 1921
1193 602
1761 1421
291 3514
260 120
587 121
34 5221
334 2359
154 587
19 1076
289 403
88 720
2574 740
2116 661
602 613
264 4361
1502 514
1445 812
655 34
3416 195
561 5601
88 1939
347 1650
616 525
5123 19
374 2818
840 254
1384 326
5095 4677
206 5159
2097 498
1296 326
5751 1232
136 332
112 285
4537 1998
1193 4538
19 1684
1402 1355
458 3408
595 1975
4387 1273
6144 1475
2968 43
4020 1046
17 1190
512 88
208 3576
96 4587
5291 1966
2236 2359
36 74
1199 561
95 1076
740 88
3271 595
1667 1483
326 397
3505 934
488 3745
1222 248
1741 332
5986 88
3213 592
390 503
794 1420
17 173
603 822
263 2781
441 812
7 867
3325 595
3814 1073
2981 4722
5291 1244
1402 561
1404 4275
2677 5547
2970 1922
2165 2236
4148 203
2913 266
513 1232
635 904
799 201
1621 1923
616 4041
6889 97
326 934
80 225
1856 88
3194 1208
611 935
2743 3263
2592 6649
289 77
102 2653
498 3843
4058 5263
357 2175
4141 570
4979 5112
1555 4361
860 383
3426 1237
1097 544
32 310
570 782
842 453
2127 3193
458 846
616 1122
649 941
877 710
298 88
2828 1332
2332 940
1150 1559
102 599
281 2047
88 807
1235 2622
2968 3147
1286 2700
1475 613
191 592
1864 3707
2855 1650
1388 431
506 266
513 2055
102 2941
1639 4804
208 2790
1235 828
2127 858
1008 525
927 369
441 2038
1608 939
864 120
1135 120
2371 3373
3999 3602
1296 525
3744 488
561 331
247 208
1483 512
6965 1052
1608 1354
334 2236
2571 2227
84 500
525 587
1705 1496
665 2577
274 3172
1193 1496
3822 3186
1923 862
106 808
648 391
377 3602
2660 3602
1296 165
2114 34
1122 413
409 892
2352 4788
883 877
616 739
166 935
1393 269
503 595
1296 5212
1379 88
2537 447
4533 128
25 88
4622 6179
1245 6026
2238 3215
860 390
2227 447
801 195
527 2042
281 602
1533 1420
19 37
2604 741
616 1001
722 474
2681 1101
186 1684
374 5929
4936 1644
1246 6026
845 621
2903 6755
811 1607
3041 195
1360 1361
458 177
903 1210
847 266
120 654
1849 5390
847 425
3881 1650
1001 1518
488 7176
106 3182
160 3505
326 883
2442 855
6388 782
1483 2116
2044 53
441 74
1931 3528
5929 293
857 2725
1819 74
890 2361
3682 120
3325 404
1929 102
621 659
211 7198
3997 191
283 1521
458 621
1402 2790
19 737
860 88
845 1260
390 2448
3165 7176
334 1391
2069 1233
3237 957
1057 1915
260 504
1165 97
248 544
4252 1739
30 102
937 621
1707 1394
388 828
2765 120
1077 1685
2206 278
106 2464
102 1613
877 1253
1209 504
247 1072
339 2246
211 2855
552 2139
2448 1717
2957 1544
937 5649
845 332
4387 266
431 1604
102 314
88 2633
208 855
5012 458
458 1273
4118 740
524 1607
3779 120
2194 2116
2888 6729
1668 611
616 278
1209 904
1435 120
1683 266
283 1956
5610 120
374 2669
877 88
74 121
626 809
3690 683
1250 3923
1296 1393
1126 4164
101 178
1209 617
5981 877
1445 720
211 3045
845 3460
1506 2360
1222 890
34 1843
236 503
4850 1689
5410 740
106 6732
53 1692
740 774
2041 1485
3495 88
4687 4543
1696 812
1595 3321
84 409
211 1843
2118 3700
53 1843
511 3399
1402 720
904 504
611 808
3628 928
4537 3438
5792 561
1248 3158
2448 2756
1207 797
509 1057
455 2669
404 5792
334 1437
752 1870
289 807
2931 3186
773 934
17 286
808 588
300 1692
1357 1968
809 808
1030 3885
48 509
860 969
7289 458
335 945
892 379
120 4610
881 88
2611 2171
6345 195
499 19
176 266
1122 3195
3437 4304
1683 458
808 5488
3426 97
458 6246
1075 1684
5123 120
1384 102
87 289
602 997
3779 587
2816 3551
1253 3707
48 361
1435 506
877 2963
3833 4168
811 2150
455 2818
4143 174
1076 3460
19 120
513 6052
1566 88
902 1780
459 197
19 6388
425 1008
2505 53
1435 458
259 2914
2762 120
882 74
1296 1077
4875 120
191 195
5929 1833
845 3700
17 1506
211 412
882 332
74 4544
102 3917
458 4875
326 2653
1231 2176
1057 1174
374 948
19 654
683 5104
313 874
2838 254
469 774
458 1485
1097 2657
1320 561
7289 266
5302 191
512 2116
847 278
500 7
1607 846
95 1259
58 413
313 3306
1008 561
1931 5800
458 809
148 997
3298 369
740 1544
1388 458
1684 3096
703 7359
605 105
374 1336
247 288
569 100
1110 852
1296 130
595 1741
1323 458
247 2207
38 208
2743 878
570 5543
2846 186
152 3551
928 1394
211 4480
211 3416
7359 13
173 289
458 2649
106 2045
371 166
1162 957
458 608
1650 6109
860 904
4908 88
289 928
5012 6581
87 296
388 612
529 845
423 97
102 1253
904 617
236 1235
4978 88
453 5367
3475 289
2253 3409
17 1765
3333 447
4597 254
106 1580
1155 542
53 4516
1351 266
2603 6501
3833 1394
512 5921
458 2985
6541 195
1244 997
7198 53
1599 4877
525 121
1457 266
2445 1483
19 5714
635 969
1971 1344
1420 1393
1669 3321
2994 632
1673 2657
845 2157
455 1174
3058 2678
4687 3731
2838 34
4115 1939
1402 39
2642 5325
458 1405
