965 2854
1 2
5 6
7 8
11 12
15 16
17 18
19 20
21 22
23 24
25 26
27 28
33 34
35 36
30 39
40 41
42 8
43 23
48 49
50 51
52 53
58 59
60 61
62 63
26 64
65 8
72 73
76 77
16 88
91 92
93 94
103 104
69 105
18 2
23 106
71 107
108 12
110 111
115 116
48 117
118 119
120 121
122 123
124 115
125 126
129 130
135 12
6 136
137 138
139 140
144 145
146 147
54 148
151 78
155 156
159 117
160 23
163 164
165 8
168 169
28 175
176 177
180 86
183 184
28 119
54 188
125 189
73 191
176 193
198 199
200 201
12 202
27 206
207 8
208 51
176 214
215 112
216 217
175 219
224 225
226 21
86 228
231 39
48 232
237 238
240 241
216 242
18 217
244 245
246 247
249 8
118 175
252 123
258 216
259 184
260 111
261 95
262 26
43 20
265 184
23 268
269 48
270 271
23 272
73 274
61 277
278 18
279 280
283 284
285 8
9 290
51 184
292 293
297 298
300 301
302 178
305 78
99 104
306 24
307 12
86 309
23 311
312 313
73 316
318 319
320 294
321 86
322 1
323 324
325 53
326 327
183 51
328 196
148 327
23 330
272 332
333 334
336 337
338 339
340 341
96 232
343 344
184 345
346 347
348 349
12 350
256 67
352 111
355 112
357 184
358 67
102 138
360 361
362 363
51 366
367 368
26 370
259 189
372 216
76 26
144 351
373 67
377 378
23 379
300 90
73 382
54 142
258 388
389 20
392 393
23 394
395 306
398 399
76 403
286 8
404 67
408 409
125 410
411 51
412 413
415 51
302 416
417 418
236 67
421 293
216 422
33 423
424 88
262 425
129 298
379 426
259 271
430 62
432 8
433 434
214 146
435 73
439 440
124 60
441 258
92 443
12 382
73 444
445 8
178 271
446 447
270 51
449 26
343 452
62 455
73 456
306 457
234 67
460 461
463 86
466 467
261 468
469 279
21 403
86 470
471 472
473 474
477 478
480 327
481 189
152 300
12 479
485 51
73 438
487 33
9 488
489 490
491 67
492 51
73 493
387 403
60 277
9 358
274 12
43 389
86 498
500 443
71 501
322 125
391 377
318 473
76 64
86 506
83 507
511 184
388 18
196 351
23 488
514 199
23 517
323 103
329 67
255 518
298 519
73 30
3 522
67 524
97 238
323 504
292 428
18 189
279 526
527 9
530 531
532 460
250 28
357 271
67 534
321 8
429 73
67 488
27 95
137 537
404 540
279 155
145 403
377 283
541 542
522 544
548 549
256 550
555 73
556 557
178 112
155 386
73 560
562 563
564 319
477 565
566 18
73 568
73 569
570 413
23 196
574 184
145 76
576 343
578 123
511 216
579 216
580 387
581 8
582 255
214 104
504 587
588 589
216 590
16 594
1 184
148 73
18 599
579 18
600 145
602 8
603 216
393 604
601 232
605 606
112 322
589 304
612 272
555 8
50 125
15 615
617 618
504 619
259 216
621 155
622 12
286 12
452 116
588 304
125 481
336 250
226 625
626 353
203 162
467 630
468 28
183 125
634 18
330 78
73 350
643 184
261 113
645 78
647 9
463 8
648 279
246 650
237 130
9 67
651 30
652 216
653 208
45 51
655 387
26 656
657 658
245 67
259 125
325 659
660 661
662 216
665 169
54 252
474 667
668 669
670 86
12 671
250 672
182 8
336 39
313 20
140 488
522 140
343 680
12 681
216 687
690 110
15 273
693 334
231 140
216 189
697 279
97 452
28 490
698 18
700 546
703 539
226 76
73 479
707 138
708 63
86 709
176 710
327 350
713 219
714 715
23 608
180 327
271 51
12 719
589 618
404 531
72 12
617 721
216 481
722 723
261 30
711 91
408 727
327 202
78 646
196 728
487 403
51 729
18 731
83 732
733 124
618 304
7 86
146 504
50 1
279 544
736 86
372 18
434 737
738 53
109 67
739 514
313 669
99 587
261 250
43 379
740 741
99 103
271 729
327 228
73 745
746 747
51 265
750 216
730 387
108 200
71 238
292 106
73 524
756 347
757 669
23 668
187 8
73 758
759 189
740 760
747 393
36 387
762 339
763 764
73 69
576 452
768 140
54 769
770 304
560 340
578 140
776 86
379 20
714 764
9 404
711 23
764 284
23 722
319 737
714 779
781 782
73 784
196 785
781 487
787 78
73 788
789 306
790 344
263 51
793 8
794 8
240 341
797 333
802 30
377 779
492 18
325 738
449 455
807 518
73 808
54 811
17 216
214 812
813 115
391 332
680 417
73 816
817 818
490 175
73 822
823 824
503 825
54 210
28 95
255 393
73 829
169 830
12 249
711 306
831 23
302 184
23 832
347 88
803 533
625 769
12 207
40 130
339 539
835 836
626 646
838 839
177 103
426 389
843 844
612 377
847 216
116 230
215 51
856 8
2 189
612 715
857 858
271 171
557 859
86 864
112 865
843 866
867 216
435 86
868 255
869 870
318 433
838 523
872 873
504 104
48 874
404 875
333 360
876 237
18 126
872 790
279 878
18 259
392 173
884 189
885 78
715 890
237 107
73 894
895 896
897 573
210 898
617 346
899 8
900 399
155 26
338 703
901 119
78 24
594 420
902 271
889 67
18 759
319 667
152 301
66 648
446 903
906 769
599 216
103 147
588 770
54 530
757 908
50 271
119 175
910 911
387 370
116 368
279 122
11 86
456 327
112 915
612 332
279 578
12 828
188 387
306 151
916 169
197 222
917 216
54 36
12 55
918 51
919 920
600 188
922 283
255 929
216 932
934 858
73 935
222 158
18 366
714 391
599 51
1 481
557 938
940 941
164 264
942 64
23 908
943 250
944 8
871 858
86 945
165 86
377 138
312 389
41 947
949 86
874 232
262 951
952 12
322 271
73 953
39 531
18 687
652 18
353 646
449 956
54 300
659 53
963 669
965 399
589 193
2 216
966 967
86 569
576 417
563 968
612 969
140 971
922 272
196 972
355 125
86 331
477 196
976 9
561 12
978 271
307 73
614 67
412 981
685 408
169 727
51 983
740 986
831 268
835 206
58 839
421 987
320 8
988 12
124 206
206 113
426 313
388 480
258 992
12 994
30 301
255 997
43 998
745 12
66 140
23 1003
721 347
208 1005
388 481
1006 967
338 539
23 489
1007 598
812 103
1008 866
133 311
29 386
1010 140
428 1011
322 184
847 51
271 125
808 12
1013 12
421 1014
252 3
325 26
12 875
54 180
569 8
1017 300
570 412
1019 86
86 944
1026 404
1028 94
812 146
391 138
125 1029
700 237
1030 232
118 1032
813 1033
1035 19
54 1037
1035 23
214 103
1028 1040
776 8
1042 656
30 875
1019 12
169 408
73 228
23 122
97 461
745 327
23 132
911 1048
327 569
391 111
1049 306
316 12
188 529
23 562
895 598
9 1018
9 109
746 1056
1058 657
1059 16
849 656
258 271
69 12
17 51
897 811
85 12
386 1068
1070 304
817 155
769 696
54 1074
30 1074
1075 237
1076 728
1078 73
54 549
271 126
156 140
474 434
670 8
54 1026
416 271
1042 565
612 1082
328 770
1083 488
1085 482
1086 343
468 440
617 1088
1091 8
388 285
215 271
1094 12
902 1
378 890
487 1097
424 347
1098 761
739 199
600 26
1100 1101
73 561
23 723
760 872
196 1103
897 1104
920 1105
176 104
731 189
15 88
1108 46
73 1109
1110 39
1112 112
550 67
836 967
35 544
73 1113
260 138
843 1008
193 587
28 113
247 208
12 1116
850 458
812 193
279 1110
27 261
176 618
576 367
255 1126
501 298
894 12
34 423
617 1127
306 1128
188 26
746 1129
23 490
1130 523
9 1131
250 213
279 39
169 1137
140 526
312 669
73 957
306 1139
103 193
916 408
208 756
812 104
617 650
1086 1145
26 301
661 140
9 1146
503 722
73 85
972 26
9 1150
1151 279
1106 88
26 387
12 191
226 387
803 515
746 1155
1019 8
125 265
562 264
224 244
439 219
832 206
97 728
1159 184
555 12
66 279
1161 189
1162 112
252 140
197 164
439 468
312 92
1165 500
65 73
612 391
347 594
18 750
1166 1167
1169 26
746 21
1172 232
12 736
669 1003
33 1173
306 787
1098 803
1174 18
544 280
1175 792
40 237
30 544
511 125
26 929
1083 3
818 1176
258 125
309 8
1083 578
246 208
1178 142
299 1179
1180 26
1175 71
602 12
1037 455
1035 908
1190 1071
764 890
65 12
117 232
73 944
615 88
73 1191
643 1
33 1194
9 1195
1197 4
66 39
1199 88
1200 133
140 280
1202 88
23 1048
224 236
806 452
377 969
576 1145
522 1068
178 51
501 237
728 461
487 1194
851 408
26 1206
655 26
1089 67
489 20
797 693
261 28
813 116
873 790
1010 279
23 825
1213 1214
672 51
23 1101
152 1098
1219 1070
1220 9
1221 12
391 1222
468 300
51 88
198 739
541 311
73 875
138 111
443 1228
28 458
196 895
1205 30
1230 18
261 740
1102 930
73 1013
564 1105
813 60
579 125
155 140
440 175
564 919
714 332
1102 605
167 347
485 216
97 136
318 737
302 265
746 99
140 531
250 899
177 587
1018 67
208 1239
25 1169
200 1240
12 1242
210 1103
391 1243
776 12
883 67
941 455
69 1248
199 232
1249 824
1250 67
6 238
556 896
426 19
1083 279
51 126
856 250
1160 12
653 347
106 428
260 137
391 764
1001 9
1214 1263
700 129
1035 426
492 271
366 184
54 648
868 1194
343 115
73 1090
287 1267
327 1268
650 346
1269 531
261 490
97 99
1037 1210
54 65
54 228
293 1014
261 947
12 568
1275 129
250 86
12 239
1202 16
1 759
9 1279
469 140
23 78
812 619
255 392
700 298
54 350
832 20
1285 140
1040 1286
30 387
30 530
770 618
196 210
1269 1292
76 580
334 360
416 216
1161 179
1294 169
433 737
1295 34
12 957
25 906
48 1172
215 216
994 8
73 1297
54 1191
660 140
183 1
263 18
474 319
665 408
1030 48
753 522
280 531
18 932
600 387
226 145
196 97
849 268
135 327
159 555
760 986
236 1307
54 282
1309 1176
1310 16
617 1239
23 426
746 1312
54 30
1112 1
67 280
1315 563
600 425
1318 408
728 460
511 271
1127 346
146 177
391 137
1319 929
1159 216
271 184
12 200
1145 1033
302 511
1219 1324
1325 858
1326 41
603 18
612 283
159 12
1327 300
660 488
12 1332
217 184
697 231
300 64
284 779
347 1199
1335 9
23 20
978 125
250 337
1166 67
73 736
579 271
99 363
1059 347
503 3
1341 1342
573 811
1344 1176
160 312
1345 99
12 1090
1219 26
1218 397
713 440
1348 86
278 51
662 18
111 1349
426 998
279 1292
713 119
1354 1355
324 103
1357 1358
196 1190
1359 18
1360 836
430 1361
612 284
580 30
711 78
812 1345
1112 51
416 18
498 8
1369 51
112 2
12 1371
943 8
1101 608
1112 216
261 440
1037 430
1354 1372
23 66
12 1172
532 1076
468 95
73 679
18 410
963 757
581 86
1090 387
25 1376
1248 311
160 313
503 723
1377 125
145 387
1104 811
23 1128
250 175
797 472
891 515
1035 489
1190 895
176 619
6 71
59 1380
392 162
312 668
2 184
319 434
479 8
1315 562
504 103
1035 313
1307 67
1387 12
326 73
255 1319
1358 46
9 550
279 1285
160 998
169 1389
582 1194
504 147
1026 1068
77 403
845 542
321 12
73 207
302 51
69 818
54 897
86 1191
1205 12
86 793
386 64
78 1251
1101 1399
86 432
25 301
449 1400
231 67
12 1074
115 790
352 391
829 12
16 1403
976 67
347 1372
802 300
12 309
178 125
1406 51
757 1003
353 483
216 1411
155 123
12 524
1412 71
1040 94
1162 125
125 184
440 901
1415 557
603 184
1416 8
152 803
1417 1342
1310 843
318 667
500 1228
756 16
380 232
836 966
197 158
408 830
52 738
196 1042
1424 1425
565 268
214 710
226 403
78 1139
73 162
347 615
1070 26
1376 659
1429 811
30 64
23 910
123 544
589 346
54 327
23 903
215 184
145 1436
86 207
283 890
564 667
680 116
261 501
557 1438
711 92
216 759
504 710
271 189
660 123
367 116
159 8
643 18
271 265
12 1113
797 471
1214 1342
1249 818
576 1033
176 1443
603 271
54 1179
426 1003
53 26
1060 1446
9 171
1251 311
392 747
1454 458
1047 1455
557 896
287 905
347 16
263 216
433 319
522 155
851 459
58 1380
51 347
1035 998
50 18
703 790
36 30
9 1250
872 116
603 125
65 86
1243 138
250 1091
208 594
54 286
3 723
129 237
429 12
5 238
1463 155
250 1421
72 142
1464 67
327 309
23 1466
139 279
746 26
23 1360
602 86
441 216
1467 23
781 423
1469 1470
758 12
1357 46
571 947
531 488
1473 140
1013 327
241 341
377 284
73 1435
825 723
234 9
660 544
11 8
71 170
1269 1477
51 759
1480 99
73 548
327 793
261 119
466 630
1481 51
869 860
682 67
294 8
672 18
272 764
54 1268
544 818
1200 311
178 216
563 264
1190 173
146 103
579 51
1486 542
49 232
903 1206
1488 1167
212 1085
161 26
73 1489
160 669
1406 216
762 703
1131 67
756 88
147 104
196 301
306 1497
27 740
279 531
586 1499
1400 956
797 334
564 433
763 283
21 188
196 363
279 380
566 184
343 813
23 911
5 196
51 1411
216 366
123 531
1489 12
404 544
9 980
746 162
99 619
963 312
468 901
1243 111
1509 646
64 1510
473 667
1511 1512
1269 280
23 377
1400 26
99 147
54 522
1269 279
367 680
945 8
732 1515
253 790
652 51
297 501
1518 306
92 500
12 944
574 216
76 818
343 116
643 51
328 589
69 824
96 8
797 360
1469 206
50 112
43 19
415 1
28 901
73 42
200 1523
428 293
831 478
560 12
1524 18
653 15
302 643
30 1327
23 389
1361 455
9 329
641 22
812 587
603 1
372 51
231 279
228 8
902 51
23 563
492 1
206 394
76 824
50 184
86 294
54 1530
323 99
137 111
1532 992
1533 1169
564 920
18 1159
40 571
1535 285
747 604
12 1536
423 1538
108 86
446 23
18 481
45 18
1 125
1155 162
148 12
812 147
26 730
18 847
956 455
1481 216
416 51
73 793
1269 404
832 28
1400 455
176 587
284 332
86 479
690 111
336 1548
1549 67
1221 73
1552 237
1470 175
487 34
1042 26
323 177
865 125
112 125
1086 367
812 1480
23 478
501 519
361 472
252 279
902 184
94 1286
9 1549
411 216
377 764
710 104
73 1268
73 1074
206 427
835 625
250 1548
1071 173
612 764
1150 67
30 300
67 171
1030 12
662 51
1191 327
835 394
643 271
225 236
252 648
155 544
151 311
133 845
73 1371
66 531
416 1
740 206
261 741
124 343
280 530
440 28
272 779
5 136
1160 73
1100 23
120 1577
116 790
115 61
272 284
73 327
159 250
417 116
750 51
693 361
210 1361
1 729
23 244
672 216
988 73
1295 589
1058 658
1326 130
659 26
1587 578
949 12
1589 26
392 1129
73 1536
33 1097
1591 197
1083 252
1459 8
612 763
328 304
108 8
208 1127
83 268
1059 594
25 811
626 930
159 73
112 259
12 793
216 410
343 790
169 1513
1 216
438 12
477 656
3 155
137 1243
71 1075
367 1145
76 1090
709 8
395 78
73 671
410 184
908 20
9 1089
76 1176
222 377
1387 327
22 393
918 216
346 1005
523 1599
51 731
216 126
73 1240
740 947
377 264
1275 40
2 51
199 790
890 779
1088 811
273 16
339 1604
76 1436
474 737
388 643
571 41
1295 423
206 175
1003 20
1609 279
73 994
574 125
1342 1263
785 351
1061 73
159 793
1155 203
693 472
522 279
23 140
16 1611
652 184
343 417
651 300
1060 836
112 1029
522 123
210 455
1429 769
430 1000
697 140
1082 92
395 457
714 272
18 51
603 51
347 1611
1006 966
318 474
160 963
715 272
208 346
155 531
708 455
250 187
697 39
12 300
23 92
9 889
1035 43
208 347
845 1486
959 483
30 90
884 179
1376 26
1049 78
23 1562
12 1109
680 1033
2 271
174 67
721 346
18 1406
258 2
589 423
54 957
560 890
73 1332
1035 668
18 590
26 1056
560 241
133 105
917 51
1049 711
667 434
122 140
1632 1269
980 67
867 51
163 102
605 646
560 327
1104 696
69 311
196 136
306 1635
377 890
589 15
183 216
196 1637
23 625
73 1344
261 175
1638 443
392 1312
9 682
392 641
18 422
372 184
1639 8
408 1513
612 714
594 88
327 994
15 756
936 1641
300 26
196 317
1165 443
54 403
1646 327
85 232
73 828
357 125
119 1648
25 1429
576 116
18 1411
35 64
302 189
763 284
1425 1650
290 67
73 12
40 298
3 825
23 779
1239 346
806 728
1652 397
73 801
112 126
1436 403
1637 929
343 873
1470 28
446 26
522 30
457 1497
247 347
1007 769
73 331
23 1206
507 46
492 125
146 104
1248 1655
12 1523
9 614
1657 500
1061 12
668 20
544 540
576 813
51 345
54 1646
155 1068
215 18
1630 8
645 457
12 201
9 1166
255 747
952 86
1112 184
1589 30
807 997
756 1611
12 1191
1101 1499
73 463
420 88
1202 347
73 309
474 920
444 752
1665 46
86 249
322 216
1463 39
1032 113
9 491
51 125
935 12
890 284
73 1176
12 1668
216 171
812 710
915 125
1466 78
200 569
21 529
115 417
175 113
84 206
1467 268
247 650
216 1537
987 293
360 472
27 458
9 174
43 908
843 16
452 461
600 262
18 918
1318 169
26 1637
568 8
3 1530
736 327
579 184
279 768
589 103
23 998
1310 866
51 422
746 641
1683 557
73 1668
504 324
580 64
73 952
25 61
895 26
452 1076
1173 1194
312 908
1345 710
23 1060
30 26
1325 1685
1032 468
589 177
617 1611
574 271
1577 121
544 140
146 323
1169 349
1001 67
511 18
255 33
1630 86
1396 232
253 339
178 18
97 460
12 1666
391 707
334 361
473 319
391 1349
1076 461
648 122
477 268
306 645
433 667
923 1180
168 408
328 618
279 1473
617 1005
867 184
343 872
1230 51
206 119
469 526
818 824
813 1145
780 8
781 34
336 30
86 748
612 890
1032 206
807 255
51 481
544 39
12 953
214 531
471 360
270 189
391 537
391 779
1376 325
23 835
469 122
377 1700
648 140
900 965
600 1527
1082 284
269 232
1705 237
73 55
39 488
216 184
145 351
817 544
1166 1488
9 1710
1263 1366
73 117
540 1068
896 859
76 962
155 39
362 196
1174 216
45 216
1030 73
305 605
1248 1251
408 1713
176 324
617 811
836 1006
487 423
1197 287
184 729
12 822
474 433
176 146
1106 208
813 680
949 73
293 1011
36 64
500 1638
198 514
1591 222
600 923
270 112
576 680
672 8
247 346
18 729
54 1210
860 870
430 455
1197 905
250 294
1 265
23 1248
246 346
9 256
167 721
1424 1650
145 962
306 78
1191 8
6 501
781 1295
16 866
86 8
811 696
343 1145
790 539
23 477
1078 12
867 18
1112 271
566 51
1355 1735
1345 103
605 626
998 20
159 994
653 88
23 1446
1327 301
511 1
18 1737
641 173
1738 9
1735 1372
1740 1741
417 790
748 8
1200 105
177 104
408 1137
12 801
23 91
562 968
1587 23
23 155
648 123
244 236
1524 216
404 1068
328 588
12 788
1151 140
226 1090
252 39
770 589
564 434
1 189
760 710
1403 866
76 1309
9 373
693 471
176 1345
608 150
415 18
1040 93
415 125
184 1411
1106 347
64 730
73 1116
1417 1341
213 8
1354 1735
1213 1263
258 1
250 96
73 201
18 271
177 1443
8 470
903 447
18 322
206 1755
1035 389
876 71
12 784
12 282
279 140
152 199
51 1537
66 123
1098 61
487 255
541 1248
9 534
106 293
86 1459
404 1510
643 216
169 459
312 757
489 426
9 524
1759 557
142 687
3 722
621 140
252 660
54 898
331 8
1524 51
112 410
322 51
1469 28
1632 140
176 588
832 175
28 427
12 327
160 389
421 384
1161 884
660 3
48 85
78 1635
435 8
368 344
998 757
54 1767
447 1206
54 72
178 1
73 180
237 170
208 615
1772 404
1086 116
546 298
71 237
9 1464
23 150
722 206
492 184
18 265
258 18
843 1403
715 377
660 522
902 18
1269 39
60 115
1275 298
408 459
1017 30
274 8
1345 504
506 8
871 1685
343 728
15 347
208 88
244 67
940 455
1587 1473
617 246
160 1003
99 710
469 578
885 306
1548 39
415 271
113 20
78 1128
78 1497
473 564
588 618
698 216
146 324
731 216
176 304
873 116
418 872
12 1268
278 216
3 488
18 216
180 8
1787 557
48 199
255 1194
159 282
711 517
151 1248
43 426
140 1292
54 1429
1088 1512
271 410
252 488
306 517
139 39
1 271
417 368
714 377
617 588
367 1033
511 112
161 30
1710 256
952 8
468 219
184 189
353 959
1035 1003
527 67
160 908
1159 51
152 790
15 1611
86 445
263 492
102 164
1059 208
18 184
389 669
86 42
23 963
474 1105
1480 103
951 425
829 67
1414 8
1535 388
1032 490
618 26
208 1611
160 92
43 489
197 377
112 265
183 271
579 302
1740 1455
386 1569
715 284
404 386
456 12
333 361
146 619
1214 1366
73 286
226 769
710 103
773 26
1738 67
9 1578
333 472
1387 73
146 1443
1376 53
746 393
1008 16
146 710
1481 18
936 907
1412 237
328 26
226 1436
23 279
279 488
18 1369
54 1007
741 28
99 324
835 84
16 420
391 260
23 836
4 905
902 590
589 1538
214 504
73 719
1083 140
327 1530
468 175
86 953
441 18
816 12
272 1700
1032 119
145 529
145 188
790 761
23 113
504 193
378 284
426 20
490 20
680 1145
612 92
1611 88
612 378
522 404
412 1024
1825 501
250 1414
468 1648
858 1685
29 1026
998 669
1279 67
1178 687
178 184
66 522
183 18
304 1637
262 1527
435 12
1518 78
9 85
1335 67
23 236
1083 123
1467 477
261 546
922 764
196 453
903 26
133 1248
601 48
896 938
12 162
283 272
453 873
188 403
1828 1060
43 1003
1294 408
707 111
12 1813
306 1251
969 284
224 1307
1396 48
895 557
463 12
124 790
934 1685
388 327
492 216
12 117
1 171
343 418
1269 1835
789 78
617 304
1047 1741
54 793
306 1466
328 617
650 208
302 183
253 539
112 759
740 30
196 99
917 184
746 392
714 890
890 332
216 265
398 965
176 323
1146 67
23 1399
532 728
54 548
740 95
48 560
501 238
776 73
54 544
278 184
641 393
1846 73
359 1175
54 1205
773 387
1348 8
452 460
139 23
600 1180
388 51
1565 91
155 30
897 769
95 947
343 1076
177 710
28 206
18 242
1319 1126
210 26
176 103
1835 140
152 30
763 92
389 757
1772 386
1174 51
850 1454
54 1013
54 569
86 1416
522 39
605 930
811 769
214 177
279 971
12 548
622 73
279 1477
714 283
1194 929
118 206
473 434
602 73
302 271
146 1345
83 477
23 1828
698 51
942 35
26 304
507 1108
343 760
478 268
302 492
825 722
237 1865
417 873
67 1382
159 65
73 11
105 311
634 51
452 728
271 759
1759 896
391 890
126 184
258 51
74 818
9 1503
759 184
1112 18
222 264
474 564
1429 906
780 250
73 1019
12 1240
453 136
159 54
1098 790
606 930
97 532
825 206
617 247
23 1103
125 171
648 522
270 216
589 587
103 619
125 729
12 1435
897 26
51 217
173 1129
208 16
1533 349
733 115
1361 956
1326 237
1421 8
258 1532
92 757
1481 125
74 824
474 919
25 1098
1683 896
54 1068
1161 481
489 113
359 792
818 823
523 839
1101 349
54 1297
546 95
23 1315
680 368
987 384
1083 122
312 998
102 111
1657 443
23 428
580 26
902 125
103 587
696 1126
565 656
1655 311
781 33
1202 594
560 232
176 589
490 206
12 228
668 757
5 99
849 477
302 410
123 488
155 1835
259 1
58 838
272 890
73 1666
177 531
812 323
753 155
9 829
746 30
660 279
1369 216
1562 562
1710 67
312 1003
142 1297
721 208
511 51
23 19
43 668
115 368
404 35
1007 895
907 1641
409 1713
1448 293
849 1042
160 757
51 216
250 8
746 22
1086 1033
453 790
118 440
612 779
740 501
50 216
835 753
196 26
1350 8
118 713
849 23
30 1530
1219 304
71 1865
794 86
902 216
1737 51
529 403
564 737
896 1438
54 299
73 202
1086 813
423 782
214 99
302 18
922 377
12 1297
116 1145
417 1899
83 46
736 8
73 1813
1269 140
546 237
28 947
1269 544
760 504
2 125
54 487
822 8
12 42
115 206
102 707
273 594
176 147
155 625
12 493
33 782
23 313
1086 576
286 86
270 125
522 531
891 533
1358 1665
85 67
51 590
391 272
813 367
250 274
1324 304
1477 140
305 353
343 230
18 171
693 333
97 6
411 18
453 99
35 580
471 334
832 489
404 1569
271 216
48 380
589 347
160 668
1480 504
54 875
51 189
33 589
112 729
73 752
1443 103
3 30
617 208
313 757
1205 73
26 403
133 542
746 196
803 790
1846 12
305 646
340 241
1032 1648
738 26
132 150
1267 905
1533 1101
250 285
875 386
1767 957
444 679
439 119
222 164
1481 1
137 1222
6 237
176 770
259 51
18 1
579 1
48 96
140 878
16 844
271 481
83 1515
953 8
415 216
546 1552
883 9
1059 15
813 368
1035 379
1359 216
1587 279
97 1076
1295 1538
897 1400
73 1242
18 345
917 18
318 564
1565 92
574 1
34 782
73 249
703 339
321 73
67 1503
15 1202
92 669
362 351
1355 1372
54 560
99 193
368 790
1032 901
1037 1007
485 18
318 434
51 410
377 332
18 983
1037 1000
23 317
864 8
532 452
377 272
73 681
1 51
23 1139
1088 1511
949 8
1604 539
78 457
1377 271
469 648
473 737
86 1350
1578 67
140 380
822 86
1130 1599
334 472
1059 88
812 324
15 346
76 387
1094 73
231 280
146 99
343 1899
386 1510
347 420
33 1538
108 73
15 594
135 73
1609 140
1533 348
146 193
1200 1248
12 331
1220 67
125 759
919 1105
1611 594
1295 33
669 908
708 62
969 890
426 908
468 30
574 51
1705 71
159 286
250 182
180 12
891 803
328 176
600 580
441 51
51 242
326 12
1436 387
439 713
177 324
661 279
216 729
753 625
1415 896
685 409
1741 1455
183 112
703 1604
302 603
740 546
404 155
224 67
1076 460
118 439
667 737
612 560
112 1
1587 140
574 18
408 1389
1035 20
1787 896
250 568
697 67
346 1372
86 994
215 125
1176 824
792 71
306 330
105 1248
250 39
1481 271
54 736
797 361
1112 125
440 119
981 1024
1448 1011
124 1755
12 569
78 517
343 532
1195 67
1218 1652
1509 78
15 420
769 1126
43 313
426 668
471 333
857 1685
29 404
714 284
73 1172
212 482
12 30
41 130
647 67
73 239
866 844
477 911
1101 586
1825 298
532 461
416 184
1639 250
473 433
1083 660
302 171
693 360
1248 542
9 1382
